1 694298.809 1027766.8200000001
2 694298.809 1027610.9744666667
3 694453.4461290323 1027610.9744666667
4 694453.4461290323 1027766.8200000001
5 694608.0832580646 1027610.9744666667
6 694608.0832580646 1027766.8200000001
7 694762.7203870967 1027610.9744666667
8 694762.7203870967 1027766.8200000001
9 694917.357516129 1027610.9744666667
10 694917.357516129 1027766.8200000001
11 695071.9946451613 1027610.9744666667
12 695071.9946451613 1027766.8200000001
13 695226.6317741936 1027610.9744666667
14 695226.6317741936 1027766.8200000001
15 695381.2689032258 1027610.9744666667
16 695381.2689032258 1027766.8200000001
17 695535.9060322581 1027610.9744666667
18 695535.9060322581 1027766.8200000001
19 695690.5431612903 1027610.9744666667
20 695690.5431612903 1027766.8200000001
21 695845.1802903226 1027610.9744666667
22 695845.1802903226 1027766.8200000001
23 695999.8174193549 1027610.9744666667
24 695999.8174193549 1027766.8200000001
25 696154.4545483871 1027610.9744666667
26 696154.4545483871 1027766.8200000001
27 696309.0916774194 1027610.9744666667
28 696309.0916774194 1027766.8200000001
29 696463.7288064517 1027610.9744666667
30 696463.7288064517 1027766.8200000001
31 696618.365935484 1027610.9744666667
32 696618.365935484 1027766.8200000001
33 696773.0030645161 1027610.9744666667
34 696773.0030645161 1027766.8200000001
35 696927.6401935484 1027610.9744666667
36 696927.6401935484 1027766.8200000001
37 697082.2773225807 1027610.9744666667
38 697082.2773225807 1027766.8200000001
39 697236.914451613 1027610.9744666667
40 697236.914451613 1027766.8200000001
41 697391.5515806451 1027610.9744666667
42 697391.5515806451 1027766.8200000001
43 697546.1887096774 1027610.9744666667
44 697546.1887096774 1027766.8200000001
45 697700.8258387097 1027610.9744666667
46 697700.8258387097 1027766.8200000001
47 697855.462967742 1027610.9744666667
48 697855.462967742 1027766.8200000001
49 698010.1000967743 1027610.9744666667
50 698010.1000967743 1027766.8200000001
51 698164.7372258065 1027610.9744666667
52 698164.7372258065 1027766.8200000001
53 698319.3743548387 1027610.9744666667
54 698319.3743548387 1027766.8200000001
55 698474.011483871 1027610.9744666667
56 698474.011483871 1027766.8200000001
57 698628.6486129033 1027610.9744666667
58 698628.6486129033 1027766.8200000001
59 698783.2857419355 1027610.9744666667
60 698783.2857419355 1027766.8200000001
61 698937.9228709678 1027610.9744666667
62 698937.9228709678 1027766.8200000001
63 699092.56 1027610.9744666667
64 699092.56 1027766.8200000001
65 694298.809 1027455.1289333334
66 694453.4461290323 1027455.1289333334
67 694608.0832580646 1027455.1289333334
68 694762.7203870967 1027455.1289333334
69 694917.357516129 1027455.1289333334
70 695071.9946451613 1027455.1289333334
71 695226.6317741936 1027455.1289333334
72 695381.2689032258 1027455.1289333334
73 695535.9060322581 1027455.1289333334
74 695690.5431612903 1027455.1289333334
75 695845.1802903226 1027455.1289333334
76 695999.8174193549 1027455.1289333334
77 696154.4545483871 1027455.1289333334
78 696309.0916774194 1027455.1289333334
79 696463.7288064517 1027455.1289333334
80 696618.365935484 1027455.1289333334
81 696773.0030645161 1027455.1289333334
82 696927.6401935484 1027455.1289333334
83 697082.2773225807 1027455.1289333334
84 697236.914451613 1027455.1289333334
85 697391.5515806451 1027455.1289333334
86 697546.1887096774 1027455.1289333334
87 697700.8258387097 1027455.1289333334
88 697855.462967742 1027455.1289333334
89 698010.1000967743 1027455.1289333334
90 698164.7372258065 1027455.1289333334
91 698319.3743548387 1027455.1289333334
92 698474.011483871 1027455.1289333334
93 698628.6486129033 1027455.1289333334
94 698783.2857419355 1027455.1289333334
95 698937.9228709678 1027455.1289333334
96 699092.56 1027455.1289333334
97 694298.809 1027299.2834000001
98 694453.4461290323 1027299.2834000001
99 694608.0832580646 1027299.2834000001
100 694762.7203870967 1027299.2834000001
101 694917.357516129 1027299.2834000001
102 695071.9946451613 1027299.2834000001
103 695226.6317741936 1027299.2834000001
104 695381.2689032258 1027299.2834000001
105 695535.9060322581 1027299.2834000001
106 695690.5431612903 1027299.2834000001
107 695845.1802903226 1027299.2834000001
108 695999.8174193549 1027299.2834000001
109 696154.4545483871 1027299.2834000001
110 696309.0916774194 1027299.2834000001
111 696463.7288064517 1027299.2834000001
112 696618.365935484 1027299.2834000001
113 696773.0030645161 1027299.2834000001
114 696927.6401935484 1027299.2834000001
115 697082.2773225807 1027299.2834000001
116 697236.914451613 1027299.2834000001
117 697391.5515806451 1027299.2834000001
118 697546.1887096774 1027299.2834000001
119 697700.8258387097 1027299.2834000001
120 697855.462967742 1027299.2834000001
121 698010.1000967743 1027299.2834000001
122 698164.7372258065 1027299.2834000001
123 698319.3743548387 1027299.2834000001
124 698474.011483871 1027299.2834000001
125 698628.6486129033 1027299.2834000001
126 698783.2857419355 1027299.2834000001
127 698937.9228709678 1027299.2834000001
128 699092.56 1027299.2834000001
129 694298.809 1027143.4378666667
130 694453.4461290323 1027143.4378666667
131 694608.0832580646 1027143.4378666667
132 694762.7203870967 1027143.4378666667
133 694917.357516129 1027143.4378666667
134 695071.9946451613 1027143.4378666667
135 695226.6317741936 1027143.4378666667
136 695381.2689032258 1027143.4378666667
137 695535.9060322581 1027143.4378666667
138 695690.5431612903 1027143.4378666667
139 695845.1802903226 1027143.4378666667
140 695999.8174193549 1027143.4378666667
141 696154.4545483871 1027143.4378666667
142 696309.0916774194 1027143.4378666667
143 696463.7288064517 1027143.4378666667
144 696618.365935484 1027143.4378666667
145 696773.0030645161 1027143.4378666667
146 696927.6401935484 1027143.4378666667
147 697082.2773225807 1027143.4378666667
148 697236.914451613 1027143.4378666667
149 697391.5515806451 1027143.4378666667
150 697546.1887096774 1027143.4378666667
151 697700.8258387097 1027143.4378666667
152 697855.462967742 1027143.4378666667
153 698010.1000967743 1027143.4378666667
154 698164.7372258065 1027143.4378666667
155 698319.3743548387 1027143.4378666667
156 698474.011483871 1027143.4378666667
157 698628.6486129033 1027143.4378666667
158 698783.2857419355 1027143.4378666667
159 698937.9228709678 1027143.4378666667
160 699092.56 1027143.4378666667
161 694298.809 1026987.5923333333
162 694453.4461290323 1026987.5923333333
163 694608.0832580646 1026987.5923333333
164 694762.7203870967 1026987.5923333333
165 694917.357516129 1026987.5923333333
166 695071.9946451613 1026987.5923333333
167 695226.6317741936 1026987.5923333333
168 695381.2689032258 1026987.5923333333
169 695535.9060322581 1026987.5923333333
170 695690.5431612903 1026987.5923333333
171 695845.1802903226 1026987.5923333333
172 695999.8174193549 1026987.5923333333
173 696154.4545483871 1026987.5923333333
174 696309.0916774194 1026987.5923333333
175 696463.7288064517 1026987.5923333333
176 696618.365935484 1026987.5923333333
177 696773.0030645161 1026987.5923333333
178 696927.6401935484 1026987.5923333333
179 697082.2773225807 1026987.5923333333
180 697236.914451613 1026987.5923333333
181 697391.5515806451 1026987.5923333333
182 697546.1887096774 1026987.5923333333
183 697700.8258387097 1026987.5923333333
184 697855.462967742 1026987.5923333333
185 698010.1000967743 1026987.5923333333
186 698164.7372258065 1026987.5923333333
187 698319.3743548387 1026987.5923333333
188 698474.011483871 1026987.5923333333
189 698628.6486129033 1026987.5923333333
190 698783.2857419355 1026987.5923333333
191 698937.9228709678 1026987.5923333333
192 699092.56 1026987.5923333333
193 694298.809 1026831.7468000001
194 694453.4461290323 1026831.7468000001
195 694608.0832580646 1026831.7468000001
196 694762.7203870967 1026831.7468000001
197 694917.357516129 1026831.7468000001
198 695071.9946451613 1026831.7468000001
199 695226.6317741936 1026831.7468000001
200 695381.2689032258 1026831.7468000001
201 695535.9060322581 1026831.7468000001
202 695690.5431612903 1026831.7468000001
203 695845.1802903226 1026831.7468000001
204 695999.8174193549 1026831.7468000001
205 696154.4545483871 1026831.7468000001
206 696309.0916774194 1026831.7468000001
207 696463.7288064517 1026831.7468000001
208 696618.365935484 1026831.7468000001
209 696773.0030645161 1026831.7468000001
210 696927.6401935484 1026831.7468000001
211 697082.2773225807 1026831.7468000001
212 697236.914451613 1026831.7468000001
213 697391.5515806451 1026831.7468000001
214 697546.1887096774 1026831.7468000001
215 697700.8258387097 1026831.7468000001
216 697855.462967742 1026831.7468000001
217 698010.1000967743 1026831.7468000001
218 698164.7372258065 1026831.7468000001
219 698319.3743548387 1026831.7468000001
220 698474.011483871 1026831.7468000001
221 698628.6486129033 1026831.7468000001
222 698783.2857419355 1026831.7468000001
223 698937.9228709678 1026831.7468000001
224 699092.56 1026831.7468000001
225 694298.809 1026675.9012666667
226 694453.4461290323 1026675.9012666667
227 694608.0832580646 1026675.9012666667
228 694762.7203870967 1026675.9012666667
229 694917.357516129 1026675.9012666667
230 695071.9946451613 1026675.9012666667
231 695226.6317741936 1026675.9012666667
232 695381.2689032258 1026675.9012666667
233 695535.9060322581 1026675.9012666667
234 695690.5431612903 1026675.9012666667
235 695845.1802903226 1026675.9012666667
236 695999.8174193549 1026675.9012666667
237 696154.4545483871 1026675.9012666667
238 696309.0916774194 1026675.9012666667
239 696463.7288064517 1026675.9012666667
240 696618.365935484 1026675.9012666667
241 696773.0030645161 1026675.9012666667
242 696927.6401935484 1026675.9012666667
243 697082.2773225807 1026675.9012666667
244 697236.914451613 1026675.9012666667
245 697391.5515806451 1026675.9012666667
246 697546.1887096774 1026675.9012666667
247 697700.8258387097 1026675.9012666667
248 697855.462967742 1026675.9012666667
249 698010.1000967743 1026675.9012666667
250 698164.7372258065 1026675.9012666667
251 698319.3743548387 1026675.9012666667
252 698474.011483871 1026675.9012666667
253 698628.6486129033 1026675.9012666667
254 698783.2857419355 1026675.9012666667
255 698937.9228709678 1026675.9012666667
256 699092.56 1026675.9012666667
257 694298.809 1026520.0557333333
258 694453.4461290323 1026520.0557333333
259 694608.0832580646 1026520.0557333333
260 694762.7203870967 1026520.0557333333
261 694917.357516129 1026520.0557333333
262 695071.9946451613 1026520.0557333333
263 695226.6317741936 1026520.0557333333
264 695381.2689032258 1026520.0557333333
265 695535.9060322581 1026520.0557333333
266 695690.5431612903 1026520.0557333333
267 695845.1802903226 1026520.0557333333
268 695999.8174193549 1026520.0557333333
269 696154.4545483871 1026520.0557333333
270 696309.0916774194 1026520.0557333333
271 696463.7288064517 1026520.0557333333
272 696618.365935484 1026520.0557333333
273 696773.0030645161 1026520.0557333333
274 696927.6401935484 1026520.0557333333
275 697082.2773225807 1026520.0557333333
276 697236.914451613 1026520.0557333333
277 697391.5515806451 1026520.0557333333
278 697546.1887096774 1026520.0557333333
279 697700.8258387097 1026520.0557333333
280 697855.462967742 1026520.0557333333
281 698010.1000967743 1026520.0557333333
282 698164.7372258065 1026520.0557333333
283 698319.3743548387 1026520.0557333333
284 698474.011483871 1026520.0557333333
285 698628.6486129033 1026520.0557333333
286 698783.2857419355 1026520.0557333333
287 698937.9228709678 1026520.0557333333
288 699092.56 1026520.0557333333
289 694298.809 1026364.2102000001
290 694453.4461290323 1026364.2102000001
291 694608.0832580646 1026364.2102000001
292 694762.7203870967 1026364.2102000001
293 694917.357516129 1026364.2102000001
294 695071.9946451613 1026364.2102000001
295 695226.6317741936 1026364.2102000001
296 695381.2689032258 1026364.2102000001
297 695535.9060322581 1026364.2102000001
298 695690.5431612903 1026364.2102000001
299 695845.1802903226 1026364.2102000001
300 695999.8174193549 1026364.2102000001
301 696154.4545483871 1026364.2102000001
302 696309.0916774194 1026364.2102000001
303 696463.7288064517 1026364.2102000001
304 696618.365935484 1026364.2102000001
305 696773.0030645161 1026364.2102000001
306 696927.6401935484 1026364.2102000001
307 697082.2773225807 1026364.2102000001
308 697236.914451613 1026364.2102000001
309 697391.5515806451 1026364.2102000001
310 697546.1887096774 1026364.2102000001
311 697700.8258387097 1026364.2102000001
312 697855.462967742 1026364.2102000001
313 698010.1000967743 1026364.2102000001
314 698164.7372258065 1026364.2102000001
315 698319.3743548387 1026364.2102000001
316 698474.011483871 1026364.2102000001
317 698628.6486129033 1026364.2102000001
318 698783.2857419355 1026364.2102000001
319 698937.9228709678 1026364.2102000001
320 699092.56 1026364.2102000001
321 694298.809 1026208.3646666667
322 694453.4461290323 1026208.3646666667
323 694608.0832580646 1026208.3646666667
324 694762.7203870967 1026208.3646666667
325 694917.357516129 1026208.3646666667
326 695071.9946451613 1026208.3646666667
327 695226.6317741936 1026208.3646666667
328 695381.2689032258 1026208.3646666667
329 695535.9060322581 1026208.3646666667
330 695690.5431612903 1026208.3646666667
331 695845.1802903226 1026208.3646666667
332 695999.8174193549 1026208.3646666667
333 696154.4545483871 1026208.3646666667
334 696309.0916774194 1026208.3646666667
335 696463.7288064517 1026208.3646666667
336 696618.365935484 1026208.3646666667
337 696773.0030645161 1026208.3646666667
338 696927.6401935484 1026208.3646666667
339 697082.2773225807 1026208.3646666667
340 697236.914451613 1026208.3646666667
341 697391.5515806451 1026208.3646666667
342 697546.1887096774 1026208.3646666667
343 697700.8258387097 1026208.3646666667
344 697855.462967742 1026208.3646666667
345 698010.1000967743 1026208.3646666667
346 698164.7372258065 1026208.3646666667
347 698319.3743548387 1026208.3646666667
348 698474.011483871 1026208.3646666667
349 698628.6486129033 1026208.3646666667
350 698783.2857419355 1026208.3646666667
351 698937.9228709678 1026208.3646666667
352 699092.56 1026208.3646666667
353 694298.809 1026052.5191333333
354 694453.4461290323 1026052.5191333333
355 694608.0832580646 1026052.5191333333
356 694762.7203870967 1026052.5191333333
357 694917.357516129 1026052.5191333333
358 695071.9946451613 1026052.5191333333
359 695226.6317741936 1026052.5191333333
360 695381.2689032258 1026052.5191333333
361 695535.9060322581 1026052.5191333333
362 695690.5431612903 1026052.5191333333
363 695845.1802903226 1026052.5191333333
364 695999.8174193549 1026052.5191333333
365 696154.4545483871 1026052.5191333333
366 696309.0916774194 1026052.5191333333
367 696463.7288064517 1026052.5191333333
368 696618.365935484 1026052.5191333333
369 696773.0030645161 1026052.5191333333
370 696927.6401935484 1026052.5191333333
371 697082.2773225807 1026052.5191333333
372 697236.914451613 1026052.5191333333
373 697391.5515806451 1026052.5191333333
374 697546.1887096774 1026052.5191333333
375 697700.8258387097 1026052.5191333333
376 697855.462967742 1026052.5191333333
377 698010.1000967743 1026052.5191333333
378 698164.7372258065 1026052.5191333333
379 698319.3743548387 1026052.5191333333
380 698474.011483871 1026052.5191333333
381 698628.6486129033 1026052.5191333333
382 698783.2857419355 1026052.5191333333
383 698937.9228709678 1026052.5191333333
384 699092.56 1026052.5191333333
385 694298.809 1025896.6736000001
386 694453.4461290323 1025896.6736000001
387 694608.0832580646 1025896.6736000001
388 694762.7203870967 1025896.6736000001
389 694917.357516129 1025896.6736000001
390 695071.9946451613 1025896.6736000001
391 695226.6317741936 1025896.6736000001
392 695381.2689032258 1025896.6736000001
393 695535.9060322581 1025896.6736000001
394 695690.5431612903 1025896.6736000001
395 695845.1802903226 1025896.6736000001
396 695999.8174193549 1025896.6736000001
397 696154.4545483871 1025896.6736000001
398 696309.0916774194 1025896.6736000001
399 696463.7288064517 1025896.6736000001
400 696618.365935484 1025896.6736000001
401 696773.0030645161 1025896.6736000001
402 696927.6401935484 1025896.6736000001
403 697082.2773225807 1025896.6736000001
404 697236.914451613 1025896.6736000001
405 697391.5515806451 1025896.6736000001
406 697546.1887096774 1025896.6736000001
407 697700.8258387097 1025896.6736000001
408 697855.462967742 1025896.6736000001
409 698010.1000967743 1025896.6736000001
410 698164.7372258065 1025896.6736000001
411 698319.3743548387 1025896.6736000001
412 698474.011483871 1025896.6736000001
413 698628.6486129033 1025896.6736000001
414 698783.2857419355 1025896.6736000001
415 698937.9228709678 1025896.6736000001
416 699092.56 1025896.6736000001
417 694298.809 1025740.8280666667
418 694453.4461290323 1025740.8280666667
419 694608.0832580646 1025740.8280666667
420 694762.7203870967 1025740.8280666667
421 694917.357516129 1025740.8280666667
422 695071.9946451613 1025740.8280666667
423 695226.6317741936 1025740.8280666667
424 695381.2689032258 1025740.8280666667
425 695535.9060322581 1025740.8280666667
426 695690.5431612903 1025740.8280666667
427 695845.1802903226 1025740.8280666667
428 695999.8174193549 1025740.8280666667
429 696154.4545483871 1025740.8280666667
430 696309.0916774194 1025740.8280666667
431 696463.7288064517 1025740.8280666667
432 696618.365935484 1025740.8280666667
433 696773.0030645161 1025740.8280666667
434 696927.6401935484 1025740.8280666667
435 697082.2773225807 1025740.8280666667
436 697236.914451613 1025740.8280666667
437 697391.5515806451 1025740.8280666667
438 697546.1887096774 1025740.8280666667
439 697700.8258387097 1025740.8280666667
440 697855.462967742 1025740.8280666667
441 698010.1000967743 1025740.8280666667
442 698164.7372258065 1025740.8280666667
443 698319.3743548387 1025740.8280666667
444 698474.011483871 1025740.8280666667
445 698628.6486129033 1025740.8280666667
446 698783.2857419355 1025740.8280666667
447 698937.9228709678 1025740.8280666667
448 699092.56 1025740.8280666667
449 694298.809 1025584.9825333334
450 694453.4461290323 1025584.9825333334
451 694608.0832580646 1025584.9825333334
452 694762.7203870967 1025584.9825333334
453 694917.357516129 1025584.9825333334
454 695071.9946451613 1025584.9825333334
455 695226.6317741936 1025584.9825333334
456 695381.2689032258 1025584.9825333334
457 695535.9060322581 1025584.9825333334
458 695690.5431612903 1025584.9825333334
459 695845.1802903226 1025584.9825333334
460 695999.8174193549 1025584.9825333334
461 696154.4545483871 1025584.9825333334
462 696309.0916774194 1025584.9825333334
463 696463.7288064517 1025584.9825333334
464 696541.0473709678 1025584.9825333334
465 696618.365935484 1025584.9825333334
466 696695.6845 1025584.9825333334
467 696773.0030645161 1025584.9825333334
468 696850.3216290323 1025584.9825333334
469 696927.6401935484 1025584.9825333334
470 697082.2773225807 1025584.9825333334
471 697236.914451613 1025584.9825333334
472 697391.5515806451 1025584.9825333334
473 697546.1887096774 1025584.9825333334
474 697700.8258387097 1025584.9825333334
475 697855.462967742 1025584.9825333334
476 698010.1000967743 1025584.9825333334
477 698164.7372258065 1025584.9825333334
478 698319.3743548387 1025584.9825333334
479 698474.011483871 1025584.9825333334
480 698628.6486129033 1025584.9825333334
481 698783.2857419355 1025584.9825333334
482 698937.9228709678 1025584.9825333334
483 699092.56 1025584.9825333334
484 694298.809 1025429.137
485 694453.4461290323 1025429.137
486 694608.0832580646 1025429.137
487 694762.7203870967 1025429.137
488 694917.357516129 1025429.137
489 695071.9946451613 1025429.137
490 695226.6317741936 1025429.137
491 695381.2689032258 1025429.137
492 695535.9060322581 1025429.137
493 695690.5431612903 1025429.137
494 695845.1802903226 1025429.137
495 695999.8174193549 1025429.137
496 696154.4545483871 1025429.137
497 696309.0916774194 1025429.137
498 696463.7288064517 1025429.137
499 696463.7288064517 1025507.0597666667
500 696541.0473709678 1025507.0597666667
501 696618.365935484 1025507.0597666667
502 696541.0473709678 1025429.137
503 696618.365935484 1025429.137
504 696618.365935484 1025468.0983833334
505 696657.025217742 1025507.0597666667
506 696695.6845 1025507.0597666667
507 696734.3437822581 1025507.0597666667
508 696773.0030645161 1025507.0597666667
509 696657.025217742 1025468.0983833334
510 696695.6845 1025468.0983833334
511 696657.025217742 1025429.137
512 696695.6845 1025429.137
513 696695.6845 1025448.6176916667
514 696715.0141411291 1025468.0983833334
515 696734.3437822581 1025468.0983833334
516 696773.0030645161 1025468.0983833334
517 696715.0141411291 1025448.6176916667
518 696734.3437822581 1025448.6176916667
519 696715.0141411291 1025429.137
520 696734.3437822581 1025429.137
521 696773.0030645161 1025429.137
522 696850.3216290323 1025507.0597666667
523 696927.6401935484 1025507.0597666667
524 696850.3216290323 1025429.137
525 696927.6401935484 1025429.137
526 697082.2773225807 1025429.137
527 697236.914451613 1025429.137
528 697391.5515806451 1025429.137
529 697546.1887096774 1025429.137
530 697700.8258387097 1025429.137
531 697855.462967742 1025429.137
532 698010.1000967743 1025429.137
533 698164.7372258065 1025429.137
534 698319.3743548387 1025429.137
535 698474.011483871 1025429.137
536 698628.6486129033 1025429.137
537 698783.2857419355 1025429.137
538 698937.9228709678 1025429.137
539 699092.56 1025429.137
540 694298.809 1025273.2914666667
541 694453.4461290323 1025273.2914666667
542 694608.0832580646 1025273.2914666667
543 694762.7203870967 1025273.2914666667
544 694917.357516129 1025273.2914666667
545 695071.9946451613 1025273.2914666667
546 695226.6317741936 1025273.2914666667
547 695381.2689032258 1025273.2914666667
548 695535.9060322581 1025273.2914666667
549 695690.5431612903 1025273.2914666667
550 695845.1802903226 1025273.2914666667
551 695999.8174193549 1025273.2914666667
552 696154.4545483871 1025273.2914666667
553 696309.0916774194 1025273.2914666667
554 696463.7288064517 1025273.2914666667
555 696618.365935484 1025273.2914666667
556 696618.365935484 1025351.2142333334
557 696695.6845 1025351.2142333334
558 696695.6845 1025390.1756166667
559 696734.3437822581 1025390.1756166667
560 696773.0030645161 1025390.1756166667
561 696734.3437822581 1025351.2142333334
562 696773.0030645161 1025351.2142333334
563 696695.6845 1025273.2914666667
564 696773.0030645161 1025273.2914666667
565 696850.3216290323 1025351.2142333334
566 696927.6401935484 1025351.2142333334
567 696850.3216290323 1025273.2914666667
568 696927.6401935484 1025273.2914666667
569 697082.2773225807 1025273.2914666667
570 697236.914451613 1025273.2914666667
571 697391.5515806451 1025273.2914666667
572 697546.1887096774 1025273.2914666667
573 697700.8258387097 1025273.2914666667
574 697855.462967742 1025273.2914666667
575 698010.1000967743 1025273.2914666667
576 698164.7372258065 1025273.2914666667
577 698319.3743548387 1025273.2914666667
578 698474.011483871 1025273.2914666667
579 698628.6486129033 1025273.2914666667
580 698783.2857419355 1025273.2914666667
581 698937.9228709678 1025273.2914666667
582 699092.56 1025273.2914666667
583 694298.809 1025117.4459333334
584 694453.4461290323 1025117.4459333334
585 694608.0832580646 1025117.4459333334
586 694762.7203870967 1025117.4459333334
587 694917.357516129 1025117.4459333334
588 695071.9946451613 1025117.4459333334
589 695226.6317741936 1025117.4459333334
590 695381.2689032258 1025117.4459333334
591 695535.9060322581 1025117.4459333334
592 695690.5431612903 1025117.4459333334
593 695845.1802903226 1025117.4459333334
594 695999.8174193549 1025117.4459333334
595 696154.4545483871 1025117.4459333334
596 696309.0916774194 1025117.4459333334
597 696463.7288064517 1025117.4459333334
598 696618.365935484 1025117.4459333334
599 696773.0030645161 1025117.4459333334
600 696927.6401935484 1025117.4459333334
601 697082.2773225807 1025117.4459333334
602 697236.914451613 1025117.4459333334
603 697391.5515806451 1025117.4459333334
604 697546.1887096774 1025117.4459333334
605 697700.8258387097 1025117.4459333334
606 697855.462967742 1025117.4459333334
607 698010.1000967743 1025117.4459333334
608 698164.7372258065 1025117.4459333334
609 698319.3743548387 1025117.4459333334
610 698474.011483871 1025117.4459333334
611 698628.6486129033 1025117.4459333334
612 698783.2857419355 1025117.4459333334
613 698937.9228709678 1025117.4459333334
614 699092.56 1025117.4459333334
615 694298.809 1024961.6004
616 694453.4461290323 1024961.6004
617 694608.0832580646 1024961.6004
618 694762.7203870967 1024961.6004
619 694917.357516129 1024961.6004
620 695071.9946451613 1024961.6004
621 695226.6317741936 1024961.6004
622 695381.2689032258 1024961.6004
623 695535.9060322581 1024961.6004
624 695690.5431612903 1024961.6004
625 695845.1802903226 1024961.6004
626 695999.8174193549 1024961.6004
627 696154.4545483871 1024961.6004
628 696309.0916774194 1024961.6004
629 696463.7288064517 1024961.6004
630 696618.365935484 1024961.6004
631 696773.0030645161 1024961.6004
632 696927.6401935484 1024961.6004
633 697082.2773225807 1024961.6004
634 697236.914451613 1024961.6004
635 697391.5515806451 1024961.6004
636 697546.1887096774 1024961.6004
637 697700.8258387097 1024961.6004
638 697855.462967742 1024961.6004
639 698010.1000967743 1024961.6004
640 698164.7372258065 1024961.6004
641 698319.3743548387 1024961.6004
642 698474.011483871 1024961.6004
643 698628.6486129033 1024961.6004
644 698783.2857419355 1024961.6004
645 698937.9228709678 1024961.6004
646 699092.56 1024961.6004
647 694298.809 1024805.7548666667
648 694453.4461290323 1024805.7548666667
649 694608.0832580646 1024805.7548666667
650 694762.7203870967 1024805.7548666667
651 694917.357516129 1024805.7548666667
652 695071.9946451613 1024805.7548666667
653 695226.6317741936 1024805.7548666667
654 695381.2689032258 1024805.7548666667
655 695535.9060322581 1024805.7548666667
656 695690.5431612903 1024805.7548666667
657 695845.1802903226 1024805.7548666667
658 695999.8174193549 1024805.7548666667
659 696154.4545483871 1024805.7548666667
660 696309.0916774194 1024805.7548666667
661 696463.7288064517 1024805.7548666667
662 696618.365935484 1024805.7548666667
663 696773.0030645161 1024805.7548666667
664 696927.6401935484 1024805.7548666667
665 697082.2773225807 1024805.7548666667
666 697236.914451613 1024805.7548666667
667 697391.5515806451 1024805.7548666667
668 697546.1887096774 1024805.7548666667
669 697700.8258387097 1024805.7548666667
670 697855.462967742 1024805.7548666667
671 698010.1000967743 1024805.7548666667
672 698164.7372258065 1024805.7548666667
673 698319.3743548387 1024805.7548666667
674 698474.011483871 1024805.7548666667
675 698628.6486129033 1024805.7548666667
676 698783.2857419355 1024805.7548666667
677 698937.9228709678 1024805.7548666667
678 699092.56 1024805.7548666667
679 694298.809 1024649.9093333334
680 694453.4461290323 1024649.9093333334
681 694608.0832580646 1024649.9093333334
682 694762.7203870967 1024649.9093333334
683 694917.357516129 1024649.9093333334
684 695071.9946451613 1024649.9093333334
685 695226.6317741936 1024649.9093333334
686 695381.2689032258 1024649.9093333334
687 695535.9060322581 1024649.9093333334
688 695690.5431612903 1024649.9093333334
689 695845.1802903226 1024649.9093333334
690 695999.8174193549 1024649.9093333334
691 696154.4545483871 1024649.9093333334
692 696309.0916774194 1024649.9093333334
693 696463.7288064517 1024649.9093333334
694 696618.365935484 1024649.9093333334
695 696773.0030645161 1024649.9093333334
696 696927.6401935484 1024649.9093333334
697 697082.2773225807 1024649.9093333334
698 697236.914451613 1024649.9093333334
699 697391.5515806451 1024649.9093333334
700 697546.1887096774 1024649.9093333334
701 697700.8258387097 1024649.9093333334
702 697855.462967742 1024649.9093333334
703 698010.1000967743 1024649.9093333334
704 698164.7372258065 1024649.9093333334
705 698319.3743548387 1024649.9093333334
706 698474.011483871 1024649.9093333334
707 698628.6486129033 1024649.9093333334
708 698783.2857419355 1024649.9093333334
709 698937.9228709678 1024649.9093333334
710 699092.56 1024649.9093333334
711 694298.809 1024494.0638
712 694453.4461290323 1024494.0638
713 694608.0832580646 1024494.0638
714 694762.7203870967 1024494.0638
715 694917.357516129 1024494.0638
716 695071.9946451613 1024494.0638
717 695226.6317741936 1024494.0638
718 695381.2689032258 1024494.0638
719 695535.9060322581 1024494.0638
720 695690.5431612903 1024494.0638
721 695845.1802903226 1024494.0638
722 695999.8174193549 1024494.0638
723 696154.4545483871 1024494.0638
724 696309.0916774194 1024494.0638
725 696463.7288064517 1024494.0638
726 696618.365935484 1024494.0638
727 696773.0030645161 1024494.0638
728 696927.6401935484 1024494.0638
729 697082.2773225807 1024494.0638
730 697236.914451613 1024494.0638
731 697391.5515806451 1024494.0638
732 697546.1887096774 1024494.0638
733 697700.8258387097 1024494.0638
734 697855.462967742 1024494.0638
735 698010.1000967743 1024494.0638
736 698164.7372258065 1024494.0638
737 698319.3743548387 1024494.0638
738 698474.011483871 1024494.0638
739 698628.6486129033 1024494.0638
740 698783.2857419355 1024494.0638
741 698937.9228709678 1024494.0638
742 699092.56 1024494.0638
743 694298.809 1024338.2182666668
744 694453.4461290323 1024338.2182666668
745 694608.0832580646 1024338.2182666668
746 694762.7203870967 1024338.2182666668
747 694917.357516129 1024338.2182666668
748 695071.9946451613 1024338.2182666668
749 695226.6317741936 1024338.2182666668
750 695381.2689032258 1024338.2182666668
751 695535.9060322581 1024338.2182666668
752 695690.5431612903 1024338.2182666668
753 695845.1802903226 1024338.2182666668
754 695999.8174193549 1024338.2182666668
755 696154.4545483871 1024338.2182666668
756 696309.0916774194 1024338.2182666668
757 696463.7288064517 1024338.2182666668
758 696618.365935484 1024338.2182666668
759 696773.0030645161 1024338.2182666668
760 696927.6401935484 1024338.2182666668
761 697082.2773225807 1024338.2182666668
762 697236.914451613 1024338.2182666668
763 697391.5515806451 1024338.2182666668
764 697546.1887096774 1024338.2182666668
765 697700.8258387097 1024338.2182666668
766 697855.462967742 1024338.2182666668
767 698010.1000967743 1024338.2182666668
768 698164.7372258065 1024338.2182666668
769 698319.3743548387 1024338.2182666668
770 698474.011483871 1024338.2182666668
771 698628.6486129033 1024338.2182666668
772 698783.2857419355 1024338.2182666668
773 698937.9228709678 1024338.2182666668
774 699092.56 1024338.2182666668
775 694298.809 1024182.3727333334
776 694453.4461290323 1024182.3727333334
777 694608.0832580646 1024182.3727333334
778 694762.7203870967 1024182.3727333334
779 694917.357516129 1024182.3727333334
780 695071.9946451613 1024182.3727333334
781 695226.6317741936 1024182.3727333334
782 695381.2689032258 1024182.3727333334
783 695535.9060322581 1024182.3727333334
784 695690.5431612903 1024182.3727333334
785 695845.1802903226 1024182.3727333334
786 695999.8174193549 1024182.3727333334
787 696154.4545483871 1024182.3727333334
788 696309.0916774194 1024182.3727333334
789 696463.7288064517 1024182.3727333334
790 696618.365935484 1024182.3727333334
791 696773.0030645161 1024182.3727333334
792 696927.6401935484 1024182.3727333334
793 697082.2773225807 1024182.3727333334
794 697236.914451613 1024182.3727333334
795 697391.5515806451 1024182.3727333334
796 697546.1887096774 1024182.3727333334
797 697700.8258387097 1024182.3727333334
798 697855.462967742 1024182.3727333334
799 698010.1000967743 1024182.3727333334
800 698164.7372258065 1024182.3727333334
801 698319.3743548387 1024182.3727333334
802 698474.011483871 1024182.3727333334
803 698628.6486129033 1024182.3727333334
804 698783.2857419355 1024182.3727333334
805 698937.9228709678 1024182.3727333334
806 699092.56 1024182.3727333334
807 694298.809 1024026.5272
808 694453.4461290323 1024026.5272
809 694608.0832580646 1024026.5272
810 694762.7203870967 1024026.5272
811 694917.357516129 1024026.5272
812 695071.9946451613 1024026.5272
813 695226.6317741936 1024026.5272
814 695381.2689032258 1024026.5272
815 695535.9060322581 1024026.5272
816 695690.5431612903 1024026.5272
817 695845.1802903226 1024026.5272
818 695999.8174193549 1024026.5272
819 696154.4545483871 1024026.5272
820 696309.0916774194 1024026.5272
821 696463.7288064517 1024026.5272
822 696618.365935484 1024026.5272
823 696773.0030645161 1024026.5272
824 696927.6401935484 1024026.5272
825 697082.2773225807 1024026.5272
826 697236.914451613 1024026.5272
827 697391.5515806451 1024026.5272
828 697546.1887096774 1024026.5272
829 697700.8258387097 1024026.5272
830 697855.462967742 1024026.5272
831 698010.1000967743 1024026.5272
832 698164.7372258065 1024026.5272
833 698319.3743548387 1024026.5272
834 698474.011483871 1024026.5272
835 698628.6486129033 1024026.5272
836 698783.2857419355 1024026.5272
837 698937.9228709678 1024026.5272
838 699092.56 1024026.5272
839 694298.809 1023870.6816666666
840 694453.4461290323 1023870.6816666666
841 694608.0832580646 1023870.6816666666
842 694762.7203870967 1023870.6816666666
843 694917.357516129 1023870.6816666666
844 695071.9946451613 1023870.6816666666
845 695226.6317741936 1023870.6816666666
846 695381.2689032258 1023870.6816666666
847 695535.9060322581 1023870.6816666666
848 695690.5431612903 1023870.6816666666
849 695845.1802903226 1023870.6816666666
850 695999.8174193549 1023870.6816666666
851 696154.4545483871 1023870.6816666666
852 696309.0916774194 1023870.6816666666
853 696463.7288064517 1023870.6816666666
854 696618.365935484 1023870.6816666666
855 696773.0030645161 1023870.6816666666
856 696927.6401935484 1023870.6816666666
857 697082.2773225807 1023870.6816666666
858 697236.914451613 1023870.6816666666
859 697391.5515806451 1023870.6816666666
860 697546.1887096774 1023870.6816666666
861 697700.8258387097 1023870.6816666666
862 697855.462967742 1023870.6816666666
863 698010.1000967743 1023870.6816666666
864 698164.7372258065 1023870.6816666666
865 698319.3743548387 1023870.6816666666
866 698474.011483871 1023870.6816666666
867 698628.6486129033 1023870.6816666666
868 698783.2857419355 1023870.6816666666
869 698937.9228709678 1023870.6816666666
870 699092.56 1023870.6816666666
871 694298.809 1023714.8361333334
872 694453.4461290323 1023714.8361333334
873 694608.0832580646 1023714.8361333334
874 694762.7203870967 1023714.8361333334
875 694917.357516129 1023714.8361333334
876 695071.9946451613 1023714.8361333334
877 695226.6317741936 1023714.8361333334
878 695381.2689032258 1023714.8361333334
879 695535.9060322581 1023714.8361333334
880 695690.5431612903 1023714.8361333334
881 695845.1802903226 1023714.8361333334
882 695999.8174193549 1023714.8361333334
883 696154.4545483871 1023714.8361333334
884 696309.0916774194 1023714.8361333334
885 696463.7288064517 1023714.8361333334
886 696618.365935484 1023714.8361333334
887 696773.0030645161 1023714.8361333334
888 696927.6401935484 1023714.8361333334
889 697082.2773225807 1023714.8361333334
890 697236.914451613 1023714.8361333334
891 697391.5515806451 1023714.8361333334
892 697546.1887096774 1023714.8361333334
893 697700.8258387097 1023714.8361333334
894 697855.462967742 1023714.8361333334
895 698010.1000967743 1023714.8361333334
896 698164.7372258065 1023714.8361333334
897 698319.3743548387 1023714.8361333334
898 698474.011483871 1023714.8361333334
899 698628.6486129033 1023714.8361333334
900 698783.2857419355 1023714.8361333334
901 698937.9228709678 1023714.8361333334
902 699092.56 1023714.8361333334
903 694298.809 1023558.9906
904 694453.4461290323 1023558.9906
905 694608.0832580646 1023558.9906
906 694762.7203870967 1023558.9906
907 694917.357516129 1023558.9906
908 695071.9946451613 1023558.9906
909 695226.6317741936 1023558.9906
910 695381.2689032258 1023558.9906
911 695535.9060322581 1023558.9906
912 695690.5431612903 1023558.9906
913 695845.1802903226 1023558.9906
914 695999.8174193549 1023558.9906
915 696154.4545483871 1023558.9906
916 696309.0916774194 1023558.9906
917 696463.7288064517 1023558.9906
918 696618.365935484 1023558.9906
919 696773.0030645161 1023558.9906
920 696927.6401935484 1023558.9906
921 697082.2773225807 1023558.9906
922 697236.914451613 1023558.9906
923 697391.5515806451 1023558.9906
924 697546.1887096774 1023558.9906
925 697700.8258387097 1023558.9906
926 697855.462967742 1023558.9906
927 698010.1000967743 1023558.9906
928 698164.7372258065 1023558.9906
929 698319.3743548387 1023558.9906
930 698474.011483871 1023558.9906
931 698628.6486129033 1023558.9906
932 698783.2857419355 1023558.9906
933 698937.9228709678 1023558.9906
934 699092.56 1023558.9906
935 694298.809 1023403.1450666666
936 694453.4461290323 1023403.1450666666
937 694608.0832580646 1023403.1450666666
938 694762.7203870967 1023403.1450666666
939 694917.357516129 1023403.1450666666
940 695071.9946451613 1023403.1450666666
941 695226.6317741936 1023403.1450666666
942 695381.2689032258 1023403.1450666666
943 695535.9060322581 1023403.1450666666
944 695690.5431612903 1023403.1450666666
945 695845.1802903226 1023403.1450666666
946 695999.8174193549 1023403.1450666666
947 696154.4545483871 1023403.1450666666
948 696309.0916774194 1023403.1450666666
949 696463.7288064517 1023403.1450666666
950 696618.365935484 1023403.1450666666
951 696773.0030645161 1023403.1450666666
952 696927.6401935484 1023403.1450666666
953 697082.2773225807 1023403.1450666666
954 697236.914451613 1023403.1450666666
955 697391.5515806451 1023403.1450666666
956 697546.1887096774 1023403.1450666666
957 697700.8258387097 1023403.1450666666
958 697855.462967742 1023403.1450666666
959 698010.1000967743 1023403.1450666666
960 698164.7372258065 1023403.1450666666
961 698319.3743548387 1023403.1450666666
962 698474.011483871 1023403.1450666666
963 698628.6486129033 1023403.1450666666
964 698783.2857419355 1023403.1450666666
965 698937.9228709678 1023403.1450666666
966 699092.56 1023403.1450666666
967 694298.809 1023247.2995333334
968 694453.4461290323 1023247.2995333334
969 694608.0832580646 1023247.2995333334
970 694762.7203870967 1023247.2995333334
971 694917.357516129 1023247.2995333334
972 695071.9946451613 1023247.2995333334
973 695226.6317741936 1023247.2995333334
974 695381.2689032258 1023247.2995333334
975 695535.9060322581 1023247.2995333334
976 695690.5431612903 1023247.2995333334
977 695845.1802903226 1023247.2995333334
978 695999.8174193549 1023247.2995333334
979 696154.4545483871 1023247.2995333334
980 696309.0916774194 1023247.2995333334
981 696463.7288064517 1023247.2995333334
982 696618.365935484 1023247.2995333334
983 696773.0030645161 1023247.2995333334
984 696927.6401935484 1023247.2995333334
985 697082.2773225807 1023247.2995333334
986 697236.914451613 1023247.2995333334
987 697391.5515806451 1023247.2995333334
988 697546.1887096774 1023247.2995333334
989 697700.8258387097 1023247.2995333334
990 697855.462967742 1023247.2995333334
991 698010.1000967743 1023247.2995333334
992 698164.7372258065 1023247.2995333334
993 698319.3743548387 1023247.2995333334
994 698474.011483871 1023247.2995333334
995 698628.6486129033 1023247.2995333334
996 698783.2857419355 1023247.2995333334
997 698937.9228709678 1023247.2995333334
998 699092.56 1023247.2995333334
999 694298.809 1023091.454
1000 694453.4461290323 1023091.454
1001 694608.0832580646 1023091.454
1002 694762.7203870967 1023091.454
1003 694917.357516129 1023091.454
1004 695071.9946451613 1023091.454
1005 695226.6317741936 1023091.454
1006 695381.2689032258 1023091.454
1007 695535.9060322581 1023091.454
1008 695690.5431612903 1023091.454
1009 695845.1802903226 1023091.454
1010 695999.8174193549 1023091.454
1011 696154.4545483871 1023091.454
1012 696309.0916774194 1023091.454
1013 696463.7288064517 1023091.454
1014 696618.365935484 1023091.454
1015 696773.0030645161 1023091.454
1016 696927.6401935484 1023091.454
1017 697082.2773225807 1023091.454
1018 697236.914451613 1023091.454
1019 697391.5515806451 1023091.454
1020 697546.1887096774 1023091.454
1021 697700.8258387097 1023091.454
1022 697855.462967742 1023091.454
1023 698010.1000967743 1023091.454
1024 698164.7372258065 1023091.454
1025 698319.3743548387 1023091.454
1026 698474.011483871 1023091.454
1027 698628.6486129033 1023091.454
1028 698783.2857419355 1023091.454
1029 698937.9228709678 1023091.454
1030 699092.56 1023091.454
