1 1 13.8855451758065 0.0 0.0 0.0 
1 2 13.8855451758065 0.0 0.0 0.0 
1 3 13.8855451758065 0.0 0.0 0.0 
1 4 13.8855451758065 0.0 0.0 0.0 
1 5 13.8855451758065 0.0 0.0 0.0 
1 6 13.8855451758065 0.0 0.0 0.0 
1 7 13.8855451758065 0.0 0.0 0.0 
1 8 13.8855451758065 0.0 0.0 0.0 
1 9 13.8855451758065 0.0 0.0 0.0 
1 10 13.8855451758065 0.0 0.0 0.0 
1 11 13.8855451758065 0.0 0.0 0.0 
1 12 13.8855451758065 0.0 0.0 0.0 
1 13 13.8855451758065 0.0 0.0 0.0 
1 14 13.8855451758065 0.0 0.0 0.0 
1 15 13.8855451758065 0.0 0.0 0.0 
1 16 13.8855451758065 0.0 0.0 0.0 
1 17 13.8855451758065 0.0 0.0 0.0 
1 18 13.8855451758065 0.0 0.0 0.0 
1 19 13.8855451758065 0.0 0.0 0.0 
1 20 13.8855451758065 0.0 0.0 0.0 
1 21 13.8855451758065 0.0 0.0 0.0 
1 22 13.8855451758065 0.0 0.0 0.0 
1 23 13.8855451758065 0.0 0.0 0.0 
1 24 13.8855451758065 0.0 0.0 0.0 
1 25 13.8855451758065 0.0 0.0 0.0 
1 26 13.8855451758065 0.0 0.0 0.0 
1 27 13.8855451758065 0.0 0.0 0.0 
1 28 13.8855451758065 0.0 0.0 0.0 
1 29 13.8855451758065 0.0 0.0 0.0 
1 30 13.8855451758065 0.0 0.0 0.0 
1 31 13.8855451758065 0.0 0.0 0.0 
1 32 13.8855451758065 0.0 0.0 0.0 
1 33 13.8855451758065 0.0 0.0 0.0 
1 34 13.8855451758065 0.0 0.0 0.0 
1 35 13.8855451758065 0.0 0.0 0.0 
1 36 13.8855451758065 0.0 0.0 0.0 
1 37 13.8855451758065 0.0 0.0 0.0 
1 38 13.8855451758065 0.0 0.0 0.0 
1 39 13.8855451758065 0.0 0.0 0.0 
1 40 13.8855451758065 0.0 0.0 0.0 
1 41 13.8855451758065 0.0 0.0 0.0 
1 42 13.8855451758065 0.0 0.0 0.0 
1 43 13.8855451758065 0.0 0.0 0.0 
1 44 13.8855451758065 0.0 0.0 0.0 
1 45 13.8855451758065 0.0 0.0 0.0 
1 46 13.8855451758065 0.0 0.0 0.0 
1 47 13.8855451758065 0.0 0.0 0.0 
1 48 13.8855451758065 0.0 0.0 0.0 
1 49 13.8855451758065 0.0 0.0 0.0 
1 50 13.8855451758065 0.0 0.0 0.0 
1 51 13.8855451758065 0.0 0.0 0.0 
1 52 13.8855451758065 0.0 0.0 0.0 
1 53 13.8855451758065 0.0 0.0 0.0 
1 54 13.8855451758065 0.0 0.0 0.0 
1 55 13.8855451758065 0.0 0.0 0.0 
1 56 13.8855451758065 0.0 0.0 0.0 
1 57 13.8855451758065 0.0 0.0 0.0 
1 58 13.8855451758065 0.0 0.0 0.0 
1 59 13.8855451758065 0.0 0.0 0.0 
1 60 13.8855451758065 0.0 0.0 0.0 
1 61 13.8855451758065 0.0 0.0 0.0 
1 62 13.8855451758065 0.0 0.0 0.0 
1 63 13.8855451758065 0.0 0.0 0.0 
1 64 13.8855451758065 0.0 0.0 0.0 
1 65 13.8855451758065 0.0 0.0 0.0 
1 66 13.8855451758065 0.0 0.0 0.0 
1 67 13.8855451758065 0.0 0.0 0.0 
1 68 13.8855451758065 0.0 0.0 0.0 
1 69 13.8855451758065 0.0 0.0 0.0 
1 70 13.8855451758065 0.0 0.0 0.0 
1 71 13.8855451758065 0.0 0.0 0.0 
1 72 13.8855451758065 0.0 0.0 0.0 
1 73 13.8855451758065 0.0 0.0 0.0 
1 74 13.8855451758065 0.0 0.0 0.0 
1 75 13.8855451758065 0.0 0.0 0.0 
1 76 13.8855451758065 0.0 0.0 0.0 
1 77 13.8855451758065 0.0 0.0 0.0 
1 78 13.8855451758065 0.0 0.0 0.0 
1 79 13.8855451758065 0.0 0.0 0.0 
1 80 13.8855451758065 0.0 0.0 0.0 
1 81 13.8855451758065 0.0 0.0 0.0 
1 82 13.8855451758065 0.0 0.0 0.0 
1 83 13.8855451758065 0.0 0.0 0.0 
1 84 13.8855451758065 0.0 0.0 0.0 
1 85 13.8855451758065 0.0 0.0 0.0 
1 86 13.8855451758065 0.0 0.0 0.0 
1 87 13.8855451758065 0.0 0.0 0.0 
1 88 13.8855451758065 0.0 0.0 0.0 
1 89 13.8855451758065 0.0 0.0 0.0 
1 90 13.8855451758065 0.0 0.0 0.0 
1 91 13.8855451758065 0.0 0.0 0.0 
1 92 13.8855451758065 0.0 0.0 0.0 
1 93 13.8855451758065 0.0 0.0 0.0 
1 94 13.8855451758065 0.0 0.0 0.0 
1 95 13.8855451758065 0.0 0.0 0.0 
1 96 13.8855451758065 0.0 0.0 0.0 
1 97 13.8855451758065 0.0 0.0 0.0 
1 98 13.8855451758065 0.0 0.0 0.0 
1 99 13.8855451758065 0.0 0.0 0.0 
1 100 13.8855451758065 0.0 0.0 0.0 
1 101 13.8855451758065 0.0 0.0 0.0 
1 102 13.8855451758065 0.0 0.0 0.0 
1 103 13.8855451758065 0.0 0.0 0.0 
1 104 13.8855451758065 0.0 0.0 0.0 
1 105 13.8855451758065 0.0 0.0 0.0 
1 106 13.8855451758065 0.0 0.0 0.0 
1 107 13.8855451758065 0.0 0.0 0.0 
1 108 13.8855451758065 0.0 0.0 0.0 
1 109 13.8855451758065 0.0 0.0 0.0 
1 110 13.8855451758065 0.0 0.0 0.0 
1 111 13.8855451758065 0.0 0.0 0.0 
1 112 13.8855451758065 0.0 0.0 0.0 
1 113 13.8855451758065 0.0 0.0 0.0 
1 114 13.8855451758065 0.0 0.0 0.0 
1 115 13.8855451758065 0.0 0.0 0.0 
1 116 13.8855451758065 0.0 0.0 0.0 
1 117 13.8855451758065 0.0 0.0 0.0 
1 118 13.8855451758065 0.0 0.0 0.0 
1 119 13.8855451758065 0.0 0.0 0.0 
1 120 13.8855451758065 0.0 0.0 0.0 
1 121 13.8855451758065 0.0 0.0 0.0 
1 122 13.8855451758065 0.0 0.0 0.0 
1 123 13.8855451758065 0.0 0.0 0.0 
1 124 13.8855451758065 0.0 0.0 0.0 
1 125 13.8855451758065 0.0 0.0 0.0 
1 126 13.8855451758065 0.0 0.0 0.0 
1 127 13.8855451758065 0.0 0.0 0.0 
1 128 13.8855451758065 0.0 0.0 0.0 
1 129 13.8855451758065 0.0 0.0 0.0 
1 130 13.8855451758065 0.0 0.0 0.0 
1 131 13.8855451758065 0.0 0.0 0.0 
1 132 13.8855451758065 0.0 0.0 0.0 
1 133 13.8855451758065 0.0 0.0 0.0 
1 134 13.8855451758065 0.0 0.0 0.0 
1 135 13.8855451758065 0.0 0.0 0.0 
1 136 13.8855451758065 0.0 0.0 0.0 
1 137 13.8855451758065 0.0 0.0 0.0 
1 138 13.8855451758065 0.0 0.0 0.0 
1 139 13.8855451758065 0.0 0.0 0.0 
1 140 13.8855451758065 0.0 0.0 0.0 
1 141 13.8855451758065 0.0 0.0 0.0 
1 142 13.8855451758065 0.0 0.0 0.0 
1 143 13.8855451758065 0.0 0.0 0.0 
1 144 13.8855451758065 0.0 0.0 0.0 
1 145 13.8855451758065 0.0 0.0 0.0 
1 146 13.8855451758065 0.0 0.0 0.0 
1 147 13.8855451758065 0.0 0.0 0.0 
1 148 13.8855451758065 0.0 0.0 0.0 
1 149 13.8855451758065 0.0 0.0 0.0 
1 150 13.8855451758065 0.0 0.0 0.0 
1 151 13.8855451758065 0.0 0.0 0.0 
1 152 13.8855451758065 0.0 0.0 0.0 
1 153 13.8855451758065 0.0 0.0 0.0 
1 154 13.8855451758065 0.0 0.0 0.0 
1 155 13.8855451758065 0.0 0.0 0.0 
1 156 13.8855451758065 0.0 0.0 0.0 
1 157 13.8855451758065 0.0 0.0 0.0 
1 158 13.8855451758065 0.0 0.0 0.0 
1 159 13.8855451758065 0.0 0.0 0.0 
1 160 13.8855451758065 0.0 0.0 0.0 
1 161 13.8855451758065 0.0 0.0 0.0 
1 162 13.8855451758065 0.0 0.0 0.0 
1 163 13.8855451758065 0.0 0.0 0.0 
1 164 13.8855451758065 0.0 0.0 0.0 
1 165 13.8855451758065 0.0 0.0 0.0 
1 166 13.8855451758065 0.0 0.0 0.0 
1 167 13.8855451758065 0.0 0.0 0.0 
1 168 13.8855451758065 0.0 0.0 0.0 
1 169 13.8855451758065 0.0 0.0 0.0 
1 170 13.8855451758065 0.0 0.0 0.0 
1 171 13.8855451758065 0.0 0.0 0.0 
1 172 13.8855451758065 0.0 0.0 0.0 
1 173 13.8855451758065 0.0 0.0 0.0 
1 174 13.8855451758065 0.0 0.0 0.0 
1 175 13.8855451758065 0.0 0.0 0.0 
1 176 13.8855451758065 0.0 0.0 0.0 
1 177 13.8855451758065 0.0 0.0 0.0 
1 178 13.8855451758065 0.0 0.0 0.0 
1 179 13.8855451758065 0.0 0.0 0.0 
1 180 13.8855451758065 0.0 0.0 0.0 
1 181 13.8855451758065 0.0 0.0 0.0 
1 182 13.8855451758065 0.0 0.0 0.0 
1 183 13.8855451758065 0.0 0.0 0.0 
1 184 13.8855451758065 0.0 0.0 0.0 
1 185 13.8855451758065 0.0 0.0 0.0 
1 186 13.8855451758065 0.0 0.0 0.0 
1 187 13.8855451758065 0.0 0.0 0.0 
1 188 13.8855451758065 0.0 0.0 0.0 
1 189 13.8855451758065 0.0 0.0 0.0 
1 190 13.8855451758065 0.0 0.0 0.0 
1 191 13.8855451758065 0.0 0.0 0.0 
1 192 13.8855451758065 0.0 0.0 0.0 
1 193 13.8855451758065 0.0 0.0 0.0 
1 194 13.8855451758065 0.0 0.0 0.0 
1 195 13.8855451758065 0.0 0.0 0.0 
1 196 13.8855451758065 0.0 0.0 0.0 
1 197 13.8855451758065 0.0 0.0 0.0 
1 198 13.8855451758065 0.0 0.0 0.0 
1 199 13.8855451758065 0.0 0.0 0.0 
1 200 13.8855451758065 0.0 0.0 0.0 
1 201 13.8855451758065 0.0 0.0 0.0 
1 202 13.8855451758065 0.0 0.0 0.0 
1 203 13.8855451758065 0.0 0.0 0.0 
1 204 13.8855451758065 0.0 0.0 0.0 
1 205 13.8855451758065 0.0 0.0 0.0 
1 206 13.8855451758065 0.0 0.0 0.0 
1 207 13.8855451758065 0.0 0.0 0.0 
1 208 13.8855451758065 0.0 0.0 0.0 
1 209 13.8855451758065 0.0 0.0 0.0 
1 210 13.8855451758065 0.0 0.0 0.0 
1 211 13.8855451758065 0.0 0.0 0.0 
1 212 13.8855451758065 0.0 0.0 0.0 
1 213 13.8855451758065 0.0 0.0 0.0 
1 214 13.8855451758065 0.0 0.0 0.0 
1 215 13.8855451758065 0.0 0.0 0.0 
1 216 13.8855451758065 0.0 0.0 0.0 
1 217 13.8855451758065 0.0 0.0 0.0 
1 218 13.8855451758065 0.0 0.0 0.0 
1 219 13.8855451758065 0.0 0.0 0.0 
1 220 13.8855451758065 0.0 0.0 0.0 
1 221 13.8855451758065 0.0 0.0 0.0 
1 222 13.8855451758065 0.0 0.0 0.0 
1 223 13.8855451758065 0.0 0.0 0.0 
1 224 13.8855451758065 0.0 0.0 0.0 
1 225 13.8855451758065 0.0 0.0 0.0 
1 226 13.8855451758065 0.0 0.0 0.0 
1 227 13.8855451758065 0.0 0.0 0.0 
1 228 13.8855451758065 0.0 0.0 0.0 
1 229 13.8855451758065 0.0 0.0 0.0 
1 230 13.8855451758065 0.0 0.0 0.0 
1 231 13.8855451758065 0.0 0.0 0.0 
1 232 13.8855451758065 0.0 0.0 0.0 
1 233 13.8855451758065 0.0 0.0 0.0 
1 234 13.8855451758065 0.0 0.0 0.0 
1 235 13.8855451758065 0.0 0.0 0.0 
1 236 13.8855451758065 0.0 0.0 0.0 
1 237 13.8855451758065 0.0 0.0 0.0 
1 238 13.8855451758065 0.0 0.0 0.0 
1 239 13.8855451758065 0.0 0.0 0.0 
1 240 13.8855451758065 0.0 0.0 0.0 
1 241 13.8855451758065 0.0 0.0 0.0 
1 242 13.8855451758065 0.0 0.0 0.0 
1 243 13.8855451758065 0.0 0.0 0.0 
1 244 13.8855451758065 0.0 0.0 0.0 
1 245 13.8855451758065 0.0 0.0 0.0 
1 246 13.8855451758065 0.0 0.0 0.0 
1 247 13.8855451758065 0.0 0.0 0.0 
1 248 13.8855451758065 0.0 0.0 0.0 
1 249 13.8855451758065 0.0 0.0 0.0 
1 250 13.8855451758065 0.0 0.0 0.0 
1 251 13.8855451758065 0.0 0.0 0.0 
1 252 13.8855451758065 0.0 0.0 0.0 
1 253 13.8855451758065 0.0 0.0 0.0 
1 254 13.8855451758065 0.0 0.0 0.0 
1 255 13.8855451758065 0.0 0.0 0.0 
1 256 13.8855451758065 0.0 0.0 0.0 
1 257 13.8855451758065 0.0 0.0 0.0 
1 258 13.8855451758065 0.0 0.0 0.0 
1 259 13.8855451758065 0.0 0.0 0.0 
1 260 13.8855451758065 0.0 0.0 0.0 
1 261 13.8855451758065 0.0 0.0 0.0 
1 262 13.8855451758065 0.0 0.0 0.0 
1 263 13.8855451758065 0.0 0.0 0.0 
1 264 13.8855451758065 0.0 0.0 0.0 
1 265 13.8855451758065 0.0 0.0 0.0 
1 266 13.8855451758065 0.0 0.0 0.0 
1 267 13.8855451758065 0.0 0.0 0.0 
1 268 13.8855451758065 0.0 0.0 0.0 
1 269 13.8855451758065 0.0 0.0 0.0 
1 270 13.8855451758065 0.0 0.0 0.0 
1 271 13.8855451758065 0.0 0.0 0.0 
1 272 13.8855451758065 0.0 0.0 0.0 
1 273 13.8855451758065 0.0 0.0 0.0 
1 274 13.8855451758065 0.0 0.0 0.0 
1 275 13.8855451758065 0.0 0.0 0.0 
1 276 13.8855451758065 0.0 0.0 0.0 
1 277 13.8855451758065 0.0 0.0 0.0 
1 278 13.8855451758065 0.0 0.0 0.0 
1 279 13.8855451758065 0.0 0.0 0.0 
1 280 13.8855451758065 0.0 0.0 0.0 
1 281 13.8855451758065 0.0 0.0 0.0 
1 282 13.8855451758065 0.0 0.0 0.0 
1 283 13.8855451758065 0.0 0.0 0.0 
1 284 13.8855451758065 0.0 0.0 0.0 
1 285 13.8855451758065 0.0 0.0 0.0 
1 286 13.8855451758065 0.0 0.0 0.0 
1 287 13.8855451758065 0.0 0.0 0.0 
1 288 13.8855451758065 0.0 0.0 0.0 
1 289 13.8855451758065 0.0 0.0 0.0 
1 290 13.8855451758065 0.0 0.0 0.0 
1 291 13.8855451758065 0.0 0.0 0.0 
1 292 13.8855451758065 0.0 0.0 0.0 
1 293 13.8855451758065 0.0 0.0 0.0 
1 294 13.8855451758065 0.0 0.0 0.0 
1 295 13.8855451758065 0.0 0.0 0.0 
1 296 13.8855451758065 0.0 0.0 0.0 
1 297 13.8855451758065 0.0 0.0 0.0 
1 298 13.8855451758065 0.0 0.0 0.0 
1 299 13.8855451758065 0.0 0.0 0.0 
1 300 13.8855451758065 0.0 0.0 0.0 
1 301 13.8855451758065 0.0 0.0 0.0 
1 302 13.8855451758065 0.0 0.0 0.0 
1 303 13.8855451758065 0.0 0.0 0.0 
1 304 13.8855451758065 0.0 0.0 0.0 
1 305 13.8855451758065 0.0 0.0 0.0 
1 306 13.8855451758065 0.0 0.0 0.0 
1 307 13.8855451758065 0.0 0.0 0.0 
1 308 13.8855451758065 0.0 0.0 0.0 
1 309 13.8855451758065 0.0 0.0 0.0 
1 310 13.8855451758065 0.0 0.0 0.0 
1 311 13.8855451758065 0.0 0.0 0.0 
1 312 13.8855451758065 0.0 0.0 0.0 
1 313 13.8855451758065 0.0 0.0 0.0 
1 314 13.8855451758065 0.0 0.0 0.0 
1 315 13.8855451758065 0.0 0.0 0.0 
1 316 13.8855451758065 0.0 0.0 0.0 
1 317 13.8855451758065 0.0 0.0 0.0 
1 318 13.8855451758065 0.0 0.0 0.0 
1 319 13.8855451758065 0.0 0.0 0.0 
1 320 13.8855451758065 0.0 0.0 0.0 
1 321 13.8855451758065 0.0 0.0 0.0 
1 322 13.8855451758065 0.0 0.0 0.0 
1 323 13.8855451758065 0.0 0.0 0.0 
1 324 13.8855451758065 0.0 0.0 0.0 
1 325 13.8855451758065 0.0 0.0 0.0 
1 326 13.8855451758065 0.0 0.0 0.0 
1 327 13.8855451758065 0.0 0.0 0.0 
1 328 13.8855451758065 0.0 0.0 0.0 
1 329 13.8855451758065 0.0 0.0 0.0 
1 330 13.8855451758065 0.0 0.0 0.0 
1 331 13.8855451758065 0.0 0.0 0.0 
1 332 13.8855451758065 0.0 0.0 0.0 
1 333 13.8855451758065 0.0 0.0 0.0 
1 334 13.8855451758065 0.0 0.0 0.0 
1 335 13.8855451758065 0.0 0.0 0.0 
1 336 13.8855451758065 0.0 0.0 0.0 
1 337 13.8855451758065 0.0 0.0 0.0 
1 338 13.8855451758065 0.0 0.0 0.0 
1 339 13.8855451758065 0.0 0.0 0.0 
1 340 13.8855451758065 0.0 0.0 0.0 
1 341 13.8855451758065 0.0 0.0 0.0 
1 342 13.8855451758065 0.0 0.0 0.0 
1 343 13.8855451758065 0.0 0.0 0.0 
1 344 13.8855451758065 0.0 0.0 0.0 
1 345 13.8855451758065 0.0 0.0 0.0 
1 346 13.8855451758065 0.0 0.0 0.0 
1 347 13.8855451758065 0.0 0.0 0.0 
1 348 13.8855451758065 0.0 0.0 0.0 
1 349 13.8855451758065 0.0 0.0 0.0 
1 350 13.8855451758065 0.0 0.0 0.0 
1 351 13.8855451758065 0.0 0.0 0.0 
1 352 13.8855451758065 0.0 0.0 0.0 
1 353 13.8855451758065 0.0 0.0 0.0 
1 354 13.8855451758065 0.0 0.0 0.0 
1 355 13.8855451758065 0.0 0.0 0.0 
1 356 13.8855451758065 0.0 0.0 0.0 
1 357 13.8855451758065 0.0 0.0 0.0 
1 358 13.8855451758065 0.0 0.0 0.0 
1 359 13.8855451758065 0.0 0.0 0.0 
1 360 13.8855451758065 0.0 0.0 0.0 
1 361 13.8855451758065 0.0 0.0 0.0 
1 362 13.8855451758065 0.0 0.0 0.0 
1 363 13.8855451758065 0.0 0.0 0.0 
1 364 13.8855451758065 0.0 0.0 0.0 
1 365 13.8855451758065 0.0 0.0 0.0 
1 366 13.8855451758065 0.0 0.0 0.0 
1 367 13.8855451758065 0.0 0.0 0.0 
1 368 13.8855451758065 0.0 0.0 0.0 
1 369 13.8855451758065 0.0 0.0 0.0 
1 370 13.8855451758065 0.0 0.0 0.0 
1 371 13.8855451758065 0.0 0.0 0.0 
1 372 13.8855451758065 0.0 0.0 0.0 
1 373 13.8855451758065 0.0 0.0 0.0 
1 374 13.8855451758065 0.0 0.0 0.0 
1 375 13.8855451758065 0.0 0.0 0.0 
1 376 13.8855451758065 0.0 0.0 0.0 
1 377 13.8855451758065 0.0 0.0 0.0 
1 378 13.8855451758065 0.0 0.0 0.0 
1 379 13.8855451758065 0.0 0.0 0.0 
1 380 13.8855451758065 0.0 0.0 0.0 
1 381 13.8855451758065 0.0 0.0 0.0 
1 382 13.8855451758065 0.0 0.0 0.0 
1 383 13.8855451758065 0.0 0.0 0.0 
1 384 13.8855451758065 0.0 0.0 0.0 
1 385 13.8855451758065 0.0 0.0 0.0 
1 386 13.8855451758065 0.0 0.0 0.0 
1 387 13.8855451758065 0.0 0.0 0.0 
1 388 13.8855451758065 0.0 0.0 0.0 
1 389 13.8855451758065 0.0 0.0 0.0 
1 390 13.8855451758065 0.0 0.0 0.0 
1 391 13.8855451758065 0.0 0.0 0.0 
1 392 13.8855451758065 0.0 0.0 0.0 
1 393 13.8855451758065 0.0 0.0 0.0 
1 394 13.8855451758065 0.0 0.0 0.0 
1 395 13.8855451758065 0.0 0.0 0.0 
1 396 13.8855451758065 0.0 0.0 0.0 
1 397 13.8855451758065 0.0 0.0 0.0 
1 398 13.8855451758065 0.0 0.0 0.0 
1 399 13.8855451758065 0.0 0.0 0.0 
1 400 13.8855451758065 0.0 0.0 0.0 
1 401 13.8855451758065 0.0 0.0 0.0 
1 402 13.8855451758065 0.0 0.0 0.0 
1 403 13.8855451758065 0.0 0.0 0.0 
1 404 13.8855451758065 0.0 0.0 0.0 
1 405 13.8855451758065 0.0 0.0 0.0 
1 406 13.8855451758065 0.0 0.0 0.0 
1 407 13.8855451758065 0.0 0.0 0.0 
1 408 13.8855451758065 0.0 0.0 0.0 
1 409 13.8855451758065 0.0 0.0 0.0 
1 410 13.8855451758065 0.0 0.0 0.0 
1 411 13.8855451758065 0.0 0.0 0.0 
1 412 13.8855451758065 0.0 0.0 0.0 
1 413 13.8855451758065 0.0 0.0 0.0 
1 414 13.8855451758065 0.0 0.0 0.0 
1 415 13.8855451758065 0.0 0.0 0.0 
1 416 13.8855451758065 0.0 0.0 0.0 
1 417 13.8855451758065 0.0 0.0 0.0 
1 418 13.8855451758065 0.0 0.0 0.0 
1 419 13.8855451758065 0.0 0.0 0.0 
1 420 13.8855451758065 0.0 0.0 0.0 
1 421 13.8855451758065 0.0 0.0 0.0 
1 422 13.8855451758065 0.0 0.0 0.0 
1 423 13.8855451758065 0.0 0.0 0.0 
1 424 13.8855451758065 0.0 0.0 0.0 
1 425 13.8855451758065 0.0 0.0 0.0 
1 426 13.8855451758065 0.0 0.0 0.0 
1 427 13.8855451758065 0.0 0.0 0.0 
1 428 13.8855451758065 0.0 0.0 0.0 
1 429 13.8855451758065 0.0 0.0 0.0 
1 430 13.8855451758065 0.0 0.0 0.0 
1 431 13.8855451758065 0.0 0.0 0.0 
1 432 13.8855451758065 0.0 0.0 0.0 
1 433 13.8855451758065 0.0 0.0 0.0 
1 434 13.8855451758065 0.0 0.0 0.0 
1 435 13.8855451758065 0.0 0.0 0.0 
1 436 13.8855451758065 0.0 0.0 0.0 
1 437 13.8855451758065 0.0 0.0 0.0 
1 438 13.8855451758065 0.0 0.0 0.0 
1 439 13.8855451758065 0.0 0.0 0.0 
1 440 13.8855451758065 0.0 0.0 0.0 
1 441 13.8855451758065 0.0 0.0 0.0 
1 442 13.8855451758065 0.0 0.0 0.0 
1 443 13.8855451758065 0.0 0.0 0.0 
1 444 13.8855451758065 0.0 0.0 0.0 
1 445 13.8855451758065 0.0 0.0 0.0 
1 446 13.8855451758065 0.0 0.0 0.0 
1 447 13.8855451758065 0.0 0.0 0.0 
1 448 13.8855451758065 0.0 0.0 0.0 
1 449 13.8855451758065 0.0 0.0 0.0 
1 450 13.8855451758065 0.0 0.0 0.0 
1 451 13.8855451758065 0.0 0.0 0.0 
1 452 13.8855451758065 0.0 0.0 0.0 
1 453 13.8855451758065 0.0 0.0 0.0 
1 454 13.8855451758065 0.0 0.0 0.0 
1 455 13.8855451758065 0.0 0.0 0.0 
1 456 13.8855451758065 0.0 0.0 0.0 
1 457 13.8855451758065 0.0 0.0 0.0 
1 458 13.8855451758065 0.0 0.0 0.0 
1 459 13.8855451758065 0.0 0.0 0.0 
1 460 13.8855451758065 0.0 0.0 0.0 
1 461 13.8855451758065 0.0 0.0 0.0 
1 462 13.8855451758065 0.0 0.0 0.0 
1 463 13.8855451758065 0.0 0.0 0.0 
1 464 13.8855451758065 0.0 0.0 0.0 
1 465 13.8855451758065 0.0 0.0 0.0 
1 466 13.8855451758065 0.0 0.0 0.0 
1 467 13.8855451758065 0.0 0.0 0.0 
1 468 13.8855451758065 0.0 0.0 0.0 
1 469 13.8855451758065 0.0 0.0 0.0 
1 470 13.8855451758065 0.0 0.0 0.0 
1 471 13.8855451758065 0.0 0.0 0.0 
1 472 13.8855451758065 0.0 0.0 0.0 
1 473 13.8855451758065 0.0 0.0 0.0 
1 474 13.8855451758065 0.0 0.0 0.0 
1 475 13.8855451758065 0.0 0.0 0.0 
1 476 13.8855451758065 0.0 0.0 0.0 
1 477 13.8855451758065 0.0 0.0 0.0 
1 478 13.8855451758065 0.0 0.0 0.0 
1 479 13.8855451758065 0.0 0.0 0.0 
1 480 13.8855451758065 0.0 0.0 0.0 
1 481 13.8855451758065 0.0 0.0 0.0 
1 482 13.8855451758065 0.0 0.0 0.0 
1 483 13.8855451758065 0.0 0.0 0.0 
1 484 13.8855451758065 0.0 0.0 0.0 
1 485 13.8855451758065 0.0 0.0 0.0 
1 486 13.8855451758065 0.0 0.0 0.0 
1 487 13.8855451758065 0.0 0.0 0.0 
1 488 13.8855451758065 0.0 0.0 0.0 
1 489 13.8855451758065 0.0 0.0 0.0 
1 490 13.8855451758065 0.0 0.0 0.0 
1 491 13.8855451758065 0.0 0.0 0.0 
1 492 13.8855451758065 0.0 0.0 0.0 
1 493 13.8855451758065 0.0 0.0 0.0 
1 494 13.8855451758065 0.0 0.0 0.0 
1 495 13.8855451758065 0.0 0.0 0.0 
1 496 13.8855451758065 0.0 0.0 0.0 
1 497 13.8855451758065 0.0 0.0 0.0 
1 498 13.8855451758065 0.0 0.0 0.0 
1 499 13.8855451758065 0.0 0.0 0.0 
1 500 13.8855451758065 0.0 0.0 0.0 
1 501 13.8855451758065 0.0 0.0 0.0 
1 502 13.8855451758065 0.0 0.0 0.0 
1 503 13.8855451758065 0.0 0.0 0.0 
1 504 13.8855451758065 0.0 0.0 0.0 
1 505 13.8855451758065 0.0 0.0 0.0 
1 506 13.8855451758065 0.0 0.0 0.0 
1 507 13.8855451758065 0.0 0.0 0.0 
1 508 13.8855451758065 0.0 0.0 0.0 
1 509 13.8855451758065 0.0 0.0 0.0 
1 510 13.8855451758065 0.0 0.0 0.0 
1 511 13.8855451758065 0.0 0.0 0.0 
1 512 13.8855451758065 0.0 0.0 0.0 
1 513 13.8855451758065 0.0 0.0 0.0 
1 514 13.8855451758065 0.0 0.0 0.0 
1 515 13.8855451758065 0.0 0.0 0.0 
1 516 13.8855451758065 0.0 0.0 0.0 
1 517 13.8855451758065 0.0 0.0 0.0 
1 518 13.8855451758065 0.0 0.0 0.0 
1 519 13.8855451758065 0.0 0.0 0.0 
1 520 13.8855451758065 0.0 0.0 0.0 
1 521 13.8855451758065 0.0 0.0 0.0 
1 522 13.8855451758065 0.0 0.0 0.0 
1 523 13.8855451758065 0.0 0.0 0.0 
1 524 13.8855451758065 0.0 0.0 0.0 
1 525 13.8855451758065 0.0 0.0 0.0 
1 526 13.8855451758065 0.0 0.0 0.0 
1 527 13.8855451758065 0.0 0.0 0.0 
1 528 13.8855451758065 0.0 0.0 0.0 
1 529 13.8855451758065 0.0 0.0 0.0 
1 530 13.8855451758065 0.0 0.0 0.0 
1 531 13.8855451758065 0.0 0.0 0.0 
1 532 13.8855451758065 0.0 0.0 0.0 
1 533 13.8855451758065 0.0 0.0 0.0 
1 534 13.8855451758065 0.0 0.0 0.0 
1 535 13.8855451758065 0.0 0.0 0.0 
1 536 13.8855451758065 0.0 0.0 0.0 
1 537 13.8855451758065 0.0 0.0 0.0 
1 538 13.8855451758065 0.0 0.0 0.0 
1 539 13.8855451758065 0.0 0.0 0.0 
1 540 13.8855451758065 0.0 0.0 0.0 
1 541 13.8855451758065 0.0 0.0 0.0 
1 542 13.8855451758065 0.0 0.0 0.0 
1 543 13.8855451758065 0.0 0.0 0.0 
1 544 13.8855451758065 0.0 0.0 0.0 
1 545 13.8855451758065 0.0 0.0 0.0 
1 546 13.8855451758065 0.0 0.0 0.0 
1 547 13.8855451758065 0.0 0.0 0.0 
1 548 13.8855451758065 0.0 0.0 0.0 
1 549 13.8855451758065 0.0 0.0 0.0 
1 550 13.8855451758065 0.0 0.0 0.0 
1 551 13.8855451758065 0.0 0.0 0.0 
1 552 13.8855451758065 0.0 0.0 0.0 
1 553 13.8855451758065 0.0 0.0 0.0 
1 554 13.8855451758065 0.0 0.0 0.0 
1 555 13.8855451758065 0.0 0.0 0.0 
1 556 13.8855451758065 0.0 0.0 0.0 
1 557 13.8855451758065 0.0 0.0 0.0 
1 558 13.8855451758065 0.0 0.0 0.0 
1 559 13.8855451758065 0.0 0.0 0.0 
1 560 13.8855451758065 0.0 0.0 0.0 
1 561 13.8855451758065 0.0 0.0 0.0 
1 562 13.8855451758065 0.0 0.0 0.0 
1 563 13.8855451758065 0.0 0.0 0.0 
1 564 13.8855451758065 0.0 0.0 0.0 
1 565 13.8855451758065 0.0 0.0 0.0 
1 566 13.8855451758065 0.0 0.0 0.0 
1 567 13.8855451758065 0.0 0.0 0.0 
1 568 13.8855451758065 0.0 0.0 0.0 
1 569 13.8855451758065 0.0 0.0 0.0 
1 570 13.8855451758065 0.0 0.0 0.0 
1 571 13.8855451758065 0.0 0.0 0.0 
1 572 13.8855451758065 0.0 0.0 0.0 
1 573 13.8855451758065 0.0 0.0 0.0 
1 574 13.8855451758065 0.0 0.0 0.0 
1 575 13.8855451758065 0.0 0.0 0.0 
1 576 13.8855451758065 0.0 0.0 0.0 
1 577 13.8855451758065 0.0 0.0 0.0 
1 578 13.8855451758065 0.0 0.0 0.0 
1 579 13.8855451758065 0.0 0.0 0.0 
1 580 13.8855451758065 0.0 0.0 0.0 
1 581 13.8855451758065 0.0 0.0 0.0 
1 582 13.8855451758065 0.0 0.0 0.0 
1 583 13.8855451758065 0.0 0.0 0.0 
1 584 13.8855451758065 0.0 0.0 0.0 
1 585 13.8855451758065 0.0 0.0 0.0 
1 586 13.8855451758065 0.0 0.0 0.0 
1 587 13.8855451758065 0.0 0.0 0.0 
1 588 13.8855451758065 0.0 0.0 0.0 
1 589 13.8855451758065 0.0 0.0 0.0 
1 590 13.8855451758065 0.0 0.0 0.0 
1 591 13.8855451758065 0.0 0.0 0.0 
1 592 13.8855451758065 0.0 0.0 0.0 
1 593 13.8855451758065 0.0 0.0 0.0 
1 594 13.8855451758065 0.0 0.0 0.0 
1 595 13.8855451758065 0.0 0.0 0.0 
1 596 13.8855451758065 0.0 0.0 0.0 
1 597 13.8855451758065 0.0 0.0 0.0 
1 598 13.8855451758065 0.0 0.0 0.0 
1 599 13.8855451758065 0.0 0.0 0.0 
1 600 13.8855451758065 0.0 0.0 0.0 
1 601 13.8855451758065 0.0 0.0 0.0 
1 602 13.8855451758065 0.0 0.0 0.0 
1 603 13.8855451758065 0.0 0.0 0.0 
1 604 13.8855451758065 0.0 0.0 0.0 
1 605 13.8855451758065 0.0 0.0 0.0 
1 606 13.8855451758065 0.0 0.0 0.0 
1 607 13.8855451758065 0.0 0.0 0.0 
1 608 13.8855451758065 0.0 0.0 0.0 
1 609 13.8855451758065 0.0 0.0 0.0 
1 610 13.8855451758065 0.0 0.0 0.0 
1 611 13.8855451758065 0.0 0.0 0.0 
1 612 13.8855451758065 0.0 0.0 0.0 
1 613 13.8855451758065 0.0 0.0 0.0 
1 614 13.8855451758065 0.0 0.0 0.0 
1 615 13.8855451758065 0.0 0.0 0.0 
1 616 13.8855451758065 0.0 0.0 0.0 
1 617 13.8855451758065 0.0 0.0 0.0 
1 618 13.8855451758065 0.0 0.0 0.0 
1 619 13.8855451758065 0.0 0.0 0.0 
1 620 13.8855451758065 0.0 0.0 0.0 
1 621 13.8855451758065 0.0 0.0 0.0 
1 622 13.8855451758065 0.0 0.0 0.0 
1 623 13.8855451758065 0.0 0.0 0.0 
1 624 13.8855451758065 0.0 0.0 0.0 
1 625 13.8855451758065 0.0 0.0 0.0 
1 626 13.8855451758065 0.0 0.0 0.0 
1 627 13.8855451758065 0.0 0.0 0.0 
1 628 13.8855451758065 0.0 0.0 0.0 
1 629 13.8855451758065 0.0 0.0 0.0 
1 630 13.8855451758065 0.0 0.0 0.0 
1 631 13.8855451758065 0.0 0.0 0.0 
1 632 13.8855451758065 0.0 0.0 0.0 
1 633 13.8855451758065 0.0 0.0 0.0 
1 634 13.8855451758065 0.0 0.0 0.0 
1 635 13.8855451758065 0.0 0.0 0.0 
1 636 13.8855451758065 0.0 0.0 0.0 
1 637 13.8855451758065 0.0 0.0 0.0 
1 638 13.8855451758065 0.0 0.0 0.0 
1 639 13.8855451758065 0.0 0.0 0.0 
1 640 13.8855451758065 0.0 0.0 0.0 
1 641 13.8855451758065 0.0 0.0 0.0 
1 642 13.8855451758065 0.0 0.0 0.0 
1 643 13.8855451758065 0.0 0.0 0.0 
1 644 13.8855451758065 0.0 0.0 0.0 
1 645 13.8855451758065 0.0 0.0 0.0 
1 646 13.8855451758065 0.0 0.0 0.0 
1 647 13.8855451758065 0.0 0.0 0.0 
1 648 13.8855451758065 0.0 0.0 0.0 
1 649 13.8855451758065 0.0 0.0 0.0 
1 650 13.8855451758065 0.0 0.0 0.0 
1 651 13.8855451758065 0.0 0.0 0.0 
1 652 13.8855451758065 0.0 0.0 0.0 
1 653 13.8855451758065 0.0 0.0 0.0 
1 654 13.8855451758065 0.0 0.0 0.0 
1 655 13.8855451758065 0.0 0.0 0.0 
1 656 13.8855451758065 0.0 0.0 0.0 
1 657 13.8855451758065 0.0 0.0 0.0 
1 658 13.8855451758065 0.0 0.0 0.0 
1 659 13.8855451758065 0.0 0.0 0.0 
1 660 13.8855451758065 0.0 0.0 0.0 
1 661 13.8855451758065 0.0 0.0 0.0 
1 662 13.8855451758065 0.0 0.0 0.0 
1 663 13.8855451758065 0.0 0.0 0.0 
1 664 13.8855451758065 0.0 0.0 0.0 
1 665 13.8855451758065 0.0 0.0 0.0 
1 666 13.8855451758065 0.0 0.0 0.0 
1 667 13.8855451758065 0.0 0.0 0.0 
1 668 13.8855451758065 0.0 0.0 0.0 
1 669 13.8855451758065 0.0 0.0 0.0 
1 670 13.8855451758065 0.0 0.0 0.0 
1 671 13.8855451758065 0.0 0.0 0.0 
1 672 13.8855451758065 0.0 0.0 0.0 
1 673 13.8855451758065 0.0 0.0 0.0 
1 674 13.8855451758065 0.0 0.0 0.0 
1 675 13.8855451758065 0.0 0.0 0.0 
1 676 13.8855451758065 0.0 0.0 0.0 
1 677 13.8855451758065 0.0 0.0 0.0 
1 678 13.8855451758065 0.0 0.0 0.0 
1 679 13.8855451758065 0.0 0.0 0.0 
1 680 13.8855451758065 0.0 0.0 0.0 
1 681 13.8855451758065 0.0 0.0 0.0 
1 682 13.8855451758065 0.0 0.0 0.0 
1 683 13.8855451758065 0.0 0.0 0.0 
1 684 13.8855451758065 0.0 0.0 0.0 
1 685 13.8855451758065 0.0 0.0 0.0 
1 686 13.8855451758065 0.0 0.0 0.0 
1 687 13.8855451758065 0.0 0.0 0.0 
1 688 13.8855451758065 0.0 0.0 0.0 
1 689 13.8855451758065 0.0 0.0 0.0 
1 690 13.8855451758065 0.0 0.0 0.0 
1 691 13.8855451758065 0.0 0.0 0.0 
1 692 13.8855451758065 0.0 0.0 0.0 
1 693 13.8855451758065 0.0 0.0 0.0 
1 694 13.8855451758065 0.0 0.0 0.0 
1 695 13.8855451758065 0.0 0.0 0.0 
1 696 13.8855451758065 0.0 0.0 0.0 
1 697 13.8855451758065 0.0 0.0 0.0 
1 698 13.8855451758065 0.0 0.0 0.0 
1 699 13.8855451758065 0.0 0.0 0.0 
1 700 13.8855451758065 0.0 0.0 0.0 
1 701 13.8855451758065 0.0 0.0 0.0 
1 702 13.8855451758065 0.0 0.0 0.0 
1 703 13.8855451758065 0.0 0.0 0.0 
1 704 13.8855451758065 0.0 0.0 0.0 
1 705 13.8855451758065 0.0 0.0 0.0 
1 706 13.8855451758065 0.0 0.0 0.0 
1 707 13.8855451758065 0.0 0.0 0.0 
1 708 13.8855451758065 0.0 0.0 0.0 
1 709 13.8855451758065 0.0 0.0 0.0 
1 710 13.8855451758065 0.0 0.0 0.0 
1 711 13.8855451758065 0.0 0.0 0.0 
1 712 13.8855451758065 0.0 0.0 0.0 
1 713 13.8855451758065 0.0 0.0 0.0 
1 714 13.8855451758065 0.0 0.0 0.0 
1 715 13.8855451758065 0.0 0.0 0.0 
1 716 13.8855451758065 0.0 0.0 0.0 
1 717 13.8855451758065 0.0 0.0 0.0 
1 718 13.8855451758065 0.0 0.0 0.0 
1 719 13.8855451758065 0.0 0.0 0.0 
1 720 13.8855451758065 0.0 0.0 0.0 
1 721 13.8855451758065 0.0 0.0 0.0 
1 722 13.8855451758065 0.0 0.0 0.0 
1 723 13.8855451758065 0.0 0.0 0.0 
1 724 13.8855451758065 0.0 0.0 0.0 
1 725 13.8855451758065 0.0 0.0 0.0 
1 726 13.8855451758065 0.0 0.0 0.0 
1 727 13.8855451758065 0.0 0.0 0.0 
1 728 13.8855451758065 0.0 0.0 0.0 
1 729 13.8855451758065 0.0 0.0 0.0 
1 730 13.8855451758065 0.0 0.0 0.0 
1 731 13.8855451758065 0.0 0.0 0.0 
1 732 13.8855451758065 0.0 0.0 0.0 
1 733 13.8855451758065 0.0 0.0 0.0 
1 734 13.8855451758065 0.0 0.0 0.0 
1 735 13.8855451758065 0.0 0.0 0.0 
1 736 13.8855451758065 0.0 0.0 0.0 
1 737 13.8855451758065 0.0 0.0 0.0 
1 738 13.8855451758065 0.0 0.0 0.0 
1 739 13.8855451758065 0.0 0.0 0.0 
1 740 13.8855451758065 0.0 0.0 0.0 
1 741 13.8855451758065 0.0 0.0 0.0 
1 742 13.8855451758065 0.0 0.0 0.0 
1 743 13.8855451758065 0.0 0.0 0.0 
1 744 13.8855451758065 0.0 0.0 0.0 
1 745 13.8855451758065 0.0 0.0 0.0 
1 746 13.8855451758065 0.0 0.0 0.0 
1 747 13.8855451758065 0.0 0.0 0.0 
1 748 13.8855451758065 0.0 0.0 0.0 
1 749 13.8855451758065 0.0 0.0 0.0 
1 750 13.8855451758065 0.0 0.0 0.0 
1 751 13.8855451758065 0.0 0.0 0.0 
1 752 13.8855451758065 0.0 0.0 0.0 
1 753 13.8855451758065 0.0 0.0 0.0 
1 754 13.8855451758065 0.0 0.0 0.0 
1 755 13.8855451758065 0.0 0.0 0.0 
1 756 13.8855451758065 0.0 0.0 0.0 
1 757 13.8855451758065 0.0 0.0 0.0 
1 758 13.8855451758065 0.0 0.0 0.0 
1 759 13.8855451758065 0.0 0.0 0.0 
1 760 13.8855451758065 0.0 0.0 0.0 
1 761 13.8855451758065 0.0 0.0 0.0 
1 762 13.8855451758065 0.0 0.0 0.0 
1 763 13.8855451758065 0.0 0.0 0.0 
1 764 13.8855451758065 0.0 0.0 0.0 
1 765 13.8855451758065 0.0 0.0 0.0 
1 766 13.8855451758065 0.0 0.0 0.0 
1 767 13.8855451758065 0.0 0.0 0.0 
1 768 13.8855451758065 0.0 0.0 0.0 
1 769 13.8855451758065 0.0 0.0 0.0 
1 770 13.8855451758065 0.0 0.0 0.0 
1 771 13.8855451758065 0.0 0.0 0.0 
1 772 13.8855451758065 0.0 0.0 0.0 
1 773 13.8855451758065 0.0 0.0 0.0 
1 774 13.8855451758065 0.0 0.0 0.0 
1 775 13.8855451758065 0.0 0.0 0.0 
1 776 13.8855451758065 0.0 0.0 0.0 
1 777 13.8855451758065 0.0 0.0 0.0 
1 778 13.8855451758065 0.0 0.0 0.0 
1 779 13.8855451758065 0.0 0.0 0.0 
1 780 13.8855451758065 0.0 0.0 0.0 
1 781 13.8855451758065 0.0 0.0 0.0 
1 782 13.8855451758065 0.0 0.0 0.0 
1 783 13.8855451758065 0.0 0.0 0.0 
1 784 13.8855451758065 0.0 0.0 0.0 
1 785 13.8855451758065 0.0 0.0 0.0 
1 786 13.8855451758065 0.0 0.0 0.0 
1 787 13.8855451758065 0.0 0.0 0.0 
1 788 13.8855451758065 0.0 0.0 0.0 
1 789 13.8855451758065 0.0 0.0 0.0 
1 790 13.8855451758065 0.0 0.0 0.0 
1 791 13.8855451758065 0.0 0.0 0.0 
1 792 13.8855451758065 0.0 0.0 0.0 
1 793 13.8855451758065 0.0 0.0 0.0 
1 794 13.8855451758065 0.0 0.0 0.0 
1 795 13.8855451758065 0.0 0.0 0.0 
1 796 13.8855451758065 0.0 0.0 0.0 
1 797 13.8855451758065 0.0 0.0 0.0 
1 798 13.8855451758065 0.0 0.0 0.0 
1 799 13.8855451758065 0.0 0.0 0.0 
1 800 13.8855451758065 0.0 0.0 0.0 
1 801 13.8855451758065 0.0 0.0 0.0 
1 802 13.8855451758065 0.0 0.0 0.0 
1 803 13.8855451758065 0.0 0.0 0.0 
1 804 13.8855451758065 0.0 0.0 0.0 
1 805 13.8855451758065 0.0 0.0 0.0 
1 806 13.8855451758065 0.0 0.0 0.0 
1 807 13.8855451758065 0.0 0.0 0.0 
1 808 13.8855451758065 0.0 0.0 0.0 
1 809 13.8855451758065 0.0 0.0 0.0 
1 810 13.8855451758065 0.0 0.0 0.0 
1 811 13.8855451758065 0.0 0.0 0.0 
1 812 13.8855451758065 0.0 0.0 0.0 
1 813 13.8855451758065 0.0 0.0 0.0 
1 814 13.8855451758065 0.0 0.0 0.0 
1 815 13.8855451758065 0.0 0.0 0.0 
1 816 13.8855451758065 0.0 0.0 0.0 
1 817 13.8855451758065 0.0 0.0 0.0 
1 818 13.8855451758065 0.0 0.0 0.0 
1 819 13.8855451758065 0.0 0.0 0.0 
1 820 13.8855451758065 0.0 0.0 0.0 
1 821 13.8855451758065 0.0 0.0 0.0 
1 822 13.8855451758065 0.0 0.0 0.0 
1 823 13.8855451758065 0.0 0.0 0.0 
1 824 13.8855451758065 0.0 0.0 0.0 
1 825 13.8855451758065 0.0 0.0 0.0 
1 826 13.8855451758065 0.0 0.0 0.0 
1 827 13.8855451758065 0.0 0.0 0.0 
1 828 13.8855451758065 0.0 0.0 0.0 
1 829 13.8855451758065 0.0 0.0 0.0 
1 830 13.8855451758065 0.0 0.0 0.0 
1 831 13.8855451758065 0.0 0.0 0.0 
1 832 13.8855451758065 0.0 0.0 0.0 
1 833 13.8855451758065 0.0 0.0 0.0 
1 834 13.8855451758065 0.0 0.0 0.0 
1 835 13.8855451758065 0.0 0.0 0.0 
1 836 13.8855451758065 0.0 0.0 0.0 
1 837 13.8855451758065 0.0 0.0 0.0 
1 838 13.8855451758065 0.0 0.0 0.0 
1 839 13.8855451758065 0.0 0.0 0.0 
1 840 13.8855451758065 0.0 0.0 0.0 
1 841 13.8855451758065 0.0 0.0 0.0 
1 842 13.8855451758065 0.0 0.0 0.0 
1 843 13.8855451758065 0.0 0.0 0.0 
1 844 13.8855451758065 0.0 0.0 0.0 
1 845 13.8855451758065 0.0 0.0 0.0 
1 846 13.8855451758065 0.0 0.0 0.0 
1 847 13.8855451758065 0.0 0.0 0.0 
1 848 13.8855451758065 0.0 0.0 0.0 
1 849 13.8855451758065 0.0 0.0 0.0 
1 850 13.8855451758065 0.0 0.0 0.0 
1 851 13.8855451758065 0.0 0.0 0.0 
1 852 13.8855451758065 0.0 0.0 0.0 
1 853 13.8855451758065 0.0 0.0 0.0 
1 854 13.8855451758065 0.0 0.0 0.0 
1 855 13.8855451758065 0.0 0.0 0.0 
1 856 13.8855451758065 0.0 0.0 0.0 
1 857 13.8855451758065 0.0 0.0 0.0 
1 858 13.8855451758065 0.0 0.0 0.0 
1 859 13.8855451758065 0.0 0.0 0.0 
1 860 13.8855451758065 0.0 0.0 0.0 
1 861 13.8855451758065 0.0 0.0 0.0 
1 862 13.8855451758065 0.0 0.0 0.0 
1 863 13.8855451758065 0.0 0.0 0.0 
1 864 13.8855451758065 0.0 0.0 0.0 
1 865 13.8855451758065 0.0 0.0 0.0 
1 866 13.8855451758065 0.0 0.0 0.0 
1 867 13.8855451758065 0.0 0.0 0.0 
1 868 13.8855451758065 0.0 0.0 0.0 
1 869 13.8855451758065 0.0 0.0 0.0 
1 870 13.8855451758065 0.0 0.0 0.0 
1 871 13.8855451758065 0.0 0.0 0.0 
1 872 13.8855451758065 0.0 0.0 0.0 
1 873 13.8855451758065 0.0 0.0 0.0 
1 874 13.8855451758065 0.0 0.0 0.0 
1 875 13.8855451758065 0.0 0.0 0.0 
1 876 13.8855451758065 0.0 0.0 0.0 
1 877 13.8855451758065 0.0 0.0 0.0 
1 878 13.8855451758065 0.0 0.0 0.0 
1 879 13.8855451758065 0.0 0.0 0.0 
1 880 13.8855451758065 0.0 0.0 0.0 
1 881 13.8855451758065 0.0 0.0 0.0 
1 882 13.8855451758065 0.0 0.0 0.0 
1 883 13.8855451758065 0.0 0.0 0.0 
1 884 13.8855451758065 0.0 0.0 0.0 
1 885 13.8855451758065 0.0 0.0 0.0 
1 886 13.8855451758065 0.0 0.0 0.0 
1 887 13.8855451758065 0.0 0.0 0.0 
1 888 13.8855451758065 0.0 0.0 0.0 
1 889 13.8855451758065 0.0 0.0 0.0 
1 890 13.8855451758065 0.0 0.0 0.0 
1 891 13.8855451758065 0.0 0.0 0.0 
1 892 13.8855451758065 0.0 0.0 0.0 
1 893 13.8855451758065 0.0 0.0 0.0 
1 894 13.8855451758065 0.0 0.0 0.0 
1 895 13.8855451758065 0.0 0.0 0.0 
1 896 13.8855451758065 0.0 0.0 0.0 
1 897 13.8855451758065 0.0 0.0 0.0 
1 898 13.8855451758065 0.0 0.0 0.0 
1 899 13.8855451758065 0.0 0.0 0.0 
1 900 13.8855451758065 0.0 0.0 0.0 
1 901 13.8855451758065 0.0 0.0 0.0 
1 902 13.8855451758065 0.0 0.0 0.0 
1 903 13.8855451758065 0.0 0.0 0.0 
1 904 13.8855451758065 0.0 0.0 0.0 
1 905 13.8855451758065 0.0 0.0 0.0 
1 906 13.8855451758065 0.0 0.0 0.0 
1 907 13.8855451758065 0.0 0.0 0.0 
1 908 13.8855451758065 0.0 0.0 0.0 
1 909 13.8855451758065 0.0 0.0 0.0 
1 910 13.8855451758065 0.0 0.0 0.0 
1 911 13.8855451758065 0.0 0.0 0.0 
1 912 13.8855451758065 0.0 0.0 0.0 
1 913 13.8855451758065 0.0 0.0 0.0 
1 914 13.8855451758065 0.0 0.0 0.0 
1 915 13.8855451758065 0.0 0.0 0.0 
1 916 13.8855451758065 0.0 0.0 0.0 
1 917 13.8855451758065 0.0 0.0 0.0 
1 918 13.8855451758065 0.0 0.0 0.0 
1 919 13.8855451758065 0.0 0.0 0.0 
1 920 13.8855451758065 0.0 0.0 0.0 
1 921 13.8855451758065 0.0 0.0 0.0 
1 922 13.8855451758065 0.0 0.0 0.0 
1 923 13.8855451758065 0.0 0.0 0.0 
1 924 13.8855451758065 0.0 0.0 0.0 
1 925 13.8855451758065 0.0 0.0 0.0 
1 926 13.8855451758065 0.0 0.0 0.0 
1 927 13.8855451758065 0.0 0.0 0.0 
1 928 13.8855451758065 0.0 0.0 0.0 
1 929 13.8855451758065 0.0 0.0 0.0 
1 930 13.8855451758065 0.0 0.0 0.0 
1 931 13.8855451758065 0.0 0.0 0.0 
1 932 13.8855451758065 0.0 0.0 0.0 
1 933 13.8855451758065 0.0 0.0 0.0 
1 934 13.8855451758065 0.0 0.0 0.0 
1 935 13.8855451758065 0.0 0.0 0.0 
1 936 13.8855451758065 0.0 0.0 0.0 
1 937 13.8855451758065 0.0 0.0 0.0 
1 938 13.8855451758065 0.0 0.0 0.0 
1 939 13.8855451758065 0.0 0.0 0.0 
1 940 13.8855451758065 0.0 0.0 0.0 
1 941 13.8855451758065 0.0 0.0 0.0 
1 942 13.8855451758065 0.0 0.0 0.0 
1 943 13.8855451758065 0.0 0.0 0.0 
1 944 13.8855451758065 0.0 0.0 0.0 
1 945 13.8855451758065 0.0 0.0 0.0 
1 946 13.8855451758065 0.0 0.0 0.0 
1 947 13.8855451758065 0.0 0.0 0.0 
1 948 13.8855451758065 0.0 0.0 0.0 
1 949 13.8855451758065 0.0 0.0 0.0 
1 950 13.8855451758065 0.0 0.0 0.0 
1 951 13.8855451758065 0.0 0.0 0.0 
1 952 13.8855451758065 0.0 0.0 0.0 
1 953 13.8855451758065 0.0 0.0 0.0 
1 954 13.8855451758065 0.0 0.0 0.0 
1 955 13.8855451758065 0.0 0.0 0.0 
1 956 13.8855451758065 0.0 0.0 0.0 
1 957 13.8855451758065 0.0 0.0 0.0 
5 1 43.927585971129 0.0 0.0 0.0 
5 2 43.927585971129 0.0 0.0 0.0 
5 3 43.927585971129 0.0 0.0 0.0 
5 4 43.927585971129 0.0 0.0 0.0 
5 5 43.927585971129 0.0 0.0 0.0 
5 6 43.927585971129 0.0 0.0 0.0 
5 7 43.927585971129 0.0 0.0 0.0 
5 8 43.927585971129 0.0 0.0 0.0 
5 9 43.927585971129 0.0 0.0 0.0 
5 10 43.927585971129 0.0 0.0 0.0 
5 11 43.927585971129 0.0 0.0 0.0 
5 12 43.927585971129 0.0 0.0 0.0 
5 13 43.927585971129 0.0 0.0 0.0 
5 14 43.927585971129 0.0 0.0 0.0 
5 15 43.927585971129 0.0 0.0 0.0 
5 16 43.927585971129 0.0 0.0 0.0 
5 17 43.927585971129 0.0 0.0 0.0 
5 18 43.927585971129 0.0 0.0 0.0 
5 19 43.927585971129 0.0 0.0 0.0 
5 20 43.927585971129 0.0 0.0 0.0 
5 21 43.927585971129 0.0 0.0 0.0 
5 22 43.927585971129 0.0 0.0 0.0 
5 23 43.927585971129 0.0 0.0 0.0 
5 24 43.927585971129 0.0 0.0 0.0 
5 25 43.927585971129 0.0 0.0 0.0 
5 26 43.927585971129 0.0 0.0 0.0 
5 27 43.927585971129 0.0 0.0 0.0 
5 28 43.927585971129 0.0 0.0 0.0 
5 29 43.927585971129 0.0 0.0 0.0 
5 30 43.927585971129 0.0 0.0 0.0 
5 31 43.927585971129 0.0 0.0 0.0 
5 32 43.927585971129 0.0 0.0 0.0 
5 33 43.927585971129 0.0 0.0 0.0 
5 34 43.927585971129 0.0 0.0 0.0 
5 35 43.927585971129 0.0 0.0 0.0 
5 36 43.927585971129 0.0 0.0 0.0 
5 37 43.927585971129 0.0 0.0 0.0 
5 38 43.927585971129 0.0 0.0 0.0 
5 39 43.927585971129 0.0 0.0 0.0 
5 40 43.927585971129 0.0 0.0 0.0 
5 41 43.927585971129 0.0 0.0 0.0 
5 42 43.927585971129 0.0 0.0 0.0 
5 43 43.927585971129 0.0 0.0 0.0 
5 44 43.927585971129 0.0 0.0 0.0 
5 45 43.927585971129 0.0 0.0 0.0 
5 46 43.927585971129 0.0 0.0 0.0 
5 47 43.927585971129 0.0 0.0 0.0 
5 48 43.927585971129 0.0 0.0 0.0 
5 49 43.927585971129 0.0 0.0 0.0 
5 50 43.927585971129 0.0 0.0 0.0 
5 51 43.927585971129 0.0 0.0 0.0 
5 52 43.927585971129 0.0 0.0 0.0 
5 53 43.927585971129 0.0 0.0 0.0 
5 54 43.927585971129 0.0 0.0 0.0 
5 55 43.927585971129 0.0 0.0 0.0 
5 56 43.927585971129 0.0 0.0 0.0 
5 57 43.927585971129 0.0 0.0 0.0 
5 58 43.927585971129 0.0 0.0 0.0 
5 59 43.927585971129 0.0 0.0 0.0 
5 60 43.927585971129 0.0 0.0 0.0 
5 61 43.927585971129 0.0 0.0 0.0 
5 62 43.927585971129 0.0 0.0 0.0 
5 63 43.927585971129 0.0 0.0 0.0 
5 64 43.927585971129 0.0 0.0 0.0 
5 65 43.927585971129 0.0 0.0 0.0 
5 66 43.927585971129 0.0 0.0 0.0 
5 67 43.927585971129 0.0 0.0 0.0 
5 68 43.927585971129 0.0 0.0 0.0 
5 69 43.927585971129 0.0 0.0 0.0 
5 70 43.927585971129 0.0 0.0 0.0 
5 71 43.927585971129 0.0 0.0 0.0 
5 72 43.927585971129 0.0 0.0 0.0 
5 73 43.927585971129 0.0 0.0 0.0 
5 74 43.927585971129 0.0 0.0 0.0 
5 75 43.927585971129 0.0 0.0 0.0 
5 76 43.927585971129 0.0 0.0 0.0 
5 77 43.927585971129 0.0 0.0 0.0 
5 78 43.927585971129 0.0 0.0 0.0 
5 79 43.927585971129 0.0 0.0 0.0 
5 80 43.927585971129 0.0 0.0 0.0 
5 81 43.927585971129 0.0 0.0 0.0 
5 82 43.927585971129 0.0 0.0 0.0 
5 83 43.927585971129 0.0 0.0 0.0 
5 84 43.927585971129 0.0 0.0 0.0 
5 85 43.927585971129 0.0 0.0 0.0 
5 86 43.927585971129 0.0 0.0 0.0 
5 87 43.927585971129 0.0 0.0 0.0 
5 88 43.927585971129 0.0 0.0 0.0 
5 89 43.927585971129 0.0 0.0 0.0 
5 90 43.927585971129 0.0 0.0 0.0 
5 91 43.927585971129 0.0 0.0 0.0 
5 92 43.927585971129 0.0 0.0 0.0 
5 93 43.927585971129 0.0 0.0 0.0 
5 94 43.927585971129 0.0 0.0 0.0 
5 95 43.927585971129 0.0 0.0 0.0 
5 96 43.927585971129 0.0 0.0 0.0 
5 97 43.927585971129 0.0 0.0 0.0 
5 98 43.927585971129 0.0 0.0 0.0 
5 99 43.927585971129 0.0 0.0 0.0 
5 100 43.927585971129 0.0 0.0 0.0 
5 101 43.927585971129 0.0 0.0 0.0 
5 102 43.927585971129 0.0 0.0 0.0 
5 103 43.927585971129 0.0 0.0 0.0 
5 104 43.927585971129 0.0 0.0 0.0 
5 105 43.927585971129 0.0 0.0 0.0 
5 106 43.927585971129 0.0 0.0 0.0 
5 107 43.927585971129 0.0 0.0 0.0 
5 108 43.927585971129 0.0 0.0 0.0 
5 109 43.927585971129 0.0 0.0 0.0 
5 110 43.927585971129 0.0 0.0 0.0 
5 111 43.927585971129 0.0 0.0 0.0 
5 112 43.927585971129 0.0 0.0 0.0 
5 113 43.927585971129 0.0 0.0 0.0 
5 114 43.927585971129 0.0 0.0 0.0 
5 115 43.927585971129 0.0 0.0 0.0 
5 116 43.927585971129 0.0 0.0 0.0 
5 117 43.927585971129 0.0 0.0 0.0 
5 118 43.927585971129 0.0 0.0 0.0 
5 119 43.927585971129 0.0 0.0 0.0 
5 120 43.927585971129 0.0 0.0 0.0 
5 121 43.927585971129 0.0 0.0 0.0 
5 122 43.927585971129 0.0 0.0 0.0 
5 123 43.927585971129 0.0 0.0 0.0 
5 124 43.927585971129 0.0 0.0 0.0 
5 125 43.927585971129 0.0 0.0 0.0 
5 126 43.927585971129 0.0 0.0 0.0 
5 127 43.927585971129 0.0 0.0 0.0 
5 128 43.927585971129 0.0 0.0 0.0 
5 129 43.927585971129 0.0 0.0 0.0 
5 130 43.927585971129 0.0 0.0 0.0 
5 131 43.927585971129 0.0 0.0 0.0 
5 132 43.927585971129 0.0 0.0 0.0 
5 133 43.927585971129 0.0 0.0 0.0 
5 134 43.927585971129 0.0 0.0 0.0 
5 135 43.927585971129 0.0 0.0 0.0 
5 136 43.927585971129 0.0 0.0 0.0 
5 137 43.927585971129 0.0 0.0 0.0 
5 138 43.927585971129 0.0 0.0 0.0 
5 139 43.927585971129 0.0 0.0 0.0 
5 140 43.927585971129 0.0 0.0 0.0 
5 141 43.927585971129 0.0 0.0 0.0 
5 142 43.927585971129 0.0 0.0 0.0 
5 143 43.927585971129 0.0 0.0 0.0 
5 144 43.927585971129 0.0 0.0 0.0 
5 145 43.927585971129 0.0 0.0 0.0 
5 146 43.927585971129 0.0 0.0 0.0 
5 147 43.927585971129 0.0 0.0 0.0 
5 148 43.927585971129 0.0 0.0 0.0 
5 149 43.927585971129 0.0 0.0 0.0 
5 150 43.927585971129 0.0 0.0 0.0 
5 151 43.927585971129 0.0 0.0 0.0 
5 152 43.927585971129 0.0 0.0 0.0 
5 153 43.927585971129 0.0 0.0 0.0 
5 154 43.927585971129 0.0 0.0 0.0 
5 155 43.927585971129 0.0 0.0 0.0 
5 156 43.927585971129 0.0 0.0 0.0 
5 157 43.927585971129 0.0 0.0 0.0 
5 158 43.927585971129 0.0 0.0 0.0 
5 159 43.927585971129 0.0 0.0 0.0 
5 160 43.927585971129 0.0 0.0 0.0 
5 161 43.927585971129 0.0 0.0 0.0 
5 162 43.927585971129 0.0 0.0 0.0 
5 163 43.927585971129 0.0 0.0 0.0 
5 164 43.927585971129 0.0 0.0 0.0 
5 165 43.927585971129 0.0 0.0 0.0 
5 166 43.927585971129 0.0 0.0 0.0 
5 167 43.927585971129 0.0 0.0 0.0 
5 168 43.927585971129 0.0 0.0 0.0 
5 169 43.927585971129 0.0 0.0 0.0 
5 170 43.927585971129 0.0 0.0 0.0 
5 171 43.927585971129 0.0 0.0 0.0 
5 172 43.927585971129 0.0 0.0 0.0 
5 173 43.927585971129 0.0 0.0 0.0 
5 174 43.927585971129 0.0 0.0 0.0 
5 175 43.927585971129 0.0 0.0 0.0 
5 176 43.927585971129 0.0 0.0 0.0 
5 177 43.927585971129 0.0 0.0 0.0 
5 178 43.927585971129 0.0 0.0 0.0 
5 179 43.927585971129 0.0 0.0 0.0 
5 180 43.927585971129 0.0 0.0 0.0 
5 181 43.927585971129 0.0 0.0 0.0 
5 182 43.927585971129 0.0 0.0 0.0 
5 183 43.927585971129 0.0 0.0 0.0 
5 184 43.927585971129 0.0 0.0 0.0 
5 185 43.927585971129 0.0 0.0 0.0 
5 186 43.927585971129 0.0 0.0 0.0 
5 187 43.927585971129 0.0 0.0 0.0 
5 188 43.927585971129 0.0 0.0 0.0 
5 189 43.927585971129 0.0 0.0 0.0 
5 190 43.927585971129 0.0 0.0 0.0 
5 191 43.927585971129 0.0 0.0 0.0 
5 192 43.927585971129 0.0 0.0 0.0 
5 193 43.927585971129 0.0 0.0 0.0 
5 194 43.927585971129 0.0 0.0 0.0 
5 195 43.927585971129 0.0 0.0 0.0 
5 196 43.927585971129 0.0 0.0 0.0 
5 197 43.927585971129 0.0 0.0 0.0 
5 198 43.927585971129 0.0 0.0 0.0 
5 199 43.927585971129 0.0 0.0 0.0 
5 200 43.927585971129 0.0 0.0 0.0 
5 201 43.927585971129 0.0 0.0 0.0 
5 202 43.927585971129 0.0 0.0 0.0 
5 203 43.927585971129 0.0 0.0 0.0 
5 204 43.927585971129 0.0 0.0 0.0 
5 205 43.927585971129 0.0 0.0 0.0 
5 206 43.927585971129 0.0 0.0 0.0 
5 207 43.927585971129 0.0 0.0 0.0 
5 208 43.927585971129 0.0 0.0 0.0 
5 209 43.927585971129 0.0 0.0 0.0 
5 210 43.927585971129 0.0 0.0 0.0 
5 211 43.927585971129 0.0 0.0 0.0 
5 212 43.927585971129 0.0 0.0 0.0 
5 213 43.927585971129 0.0 0.0 0.0 
5 214 43.927585971129 0.0 0.0 0.0 
5 215 43.927585971129 0.0 0.0 0.0 
5 216 43.927585971129 0.0 0.0 0.0 
5 217 43.927585971129 0.0 0.0 0.0 
5 218 43.927585971129 0.0 0.0 0.0 
5 219 43.927585971129 0.0 0.0 0.0 
5 220 43.927585971129 0.0 0.0 0.0 
5 221 43.927585971129 0.0 0.0 0.0 
5 222 43.927585971129 0.0 0.0 0.0 
5 223 43.927585971129 0.0 0.0 0.0 
5 224 43.927585971129 0.0 0.0 0.0 
5 225 43.927585971129 0.0 0.0 0.0 
5 226 43.927585971129 0.0 0.0 0.0 
5 227 43.927585971129 0.0 0.0 0.0 
5 228 43.927585971129 0.0 0.0 0.0 
5 229 43.927585971129 0.0 0.0 0.0 
5 230 43.927585971129 0.0 0.0 0.0 
5 231 43.927585971129 0.0 0.0 0.0 
5 232 43.927585971129 0.0 0.0 0.0 
5 233 43.927585971129 0.0 0.0 0.0 
5 234 43.927585971129 0.0 0.0 0.0 
5 235 43.927585971129 0.0 0.0 0.0 
5 236 43.927585971129 0.0 0.0 0.0 
5 237 43.927585971129 0.0 0.0 0.0 
5 238 43.927585971129 0.0 0.0 0.0 
5 239 43.927585971129 0.0 0.0 0.0 
5 240 43.927585971129 0.0 0.0 0.0 
5 241 43.927585971129 0.0 0.0 0.0 
5 242 43.927585971129 0.0 0.0 0.0 
5 243 43.927585971129 0.0 0.0 0.0 
5 244 43.927585971129 0.0 0.0 0.0 
5 245 43.927585971129 0.0 0.0 0.0 
5 246 43.927585971129 0.0 0.0 0.0 
5 247 43.927585971129 0.0 0.0 0.0 
5 248 43.927585971129 0.0 0.0 0.0 
5 249 43.927585971129 0.0 0.0 0.0 
5 250 43.927585971129 0.0 0.0 0.0 
5 251 43.927585971129 0.0 0.0 0.0 
5 252 43.927585971129 0.0 0.0 0.0 
5 253 43.927585971129 0.0 0.0 0.0 
5 254 43.927585971129 0.0 0.0 0.0 
5 255 43.927585971129 0.0 0.0 0.0 
5 256 43.927585971129 0.0 0.0 0.0 
5 257 43.927585971129 0.0 0.0 0.0 
5 258 43.927585971129 0.0 0.0 0.0 
5 259 43.927585971129 0.0 0.0 0.0 
5 260 43.927585971129 0.0 0.0 0.0 
5 261 43.927585971129 0.0 0.0 0.0 
5 262 43.927585971129 0.0 0.0 0.0 
5 263 43.927585971129 0.0 0.0 0.0 
5 264 43.927585971129 0.0 0.0 0.0 
5 265 43.927585971129 0.0 0.0 0.0 
5 266 43.927585971129 0.0 0.0 0.0 
5 267 43.927585971129 0.0 0.0 0.0 
5 268 43.927585971129 0.0 0.0 0.0 
5 269 43.927585971129 0.0 0.0 0.0 
5 270 43.927585971129 0.0 0.0 0.0 
5 271 43.927585971129 0.0 0.0 0.0 
5 272 43.927585971129 0.0 0.0 0.0 
5 273 43.927585971129 0.0 0.0 0.0 
5 274 43.927585971129 0.0 0.0 0.0 
5 275 43.927585971129 0.0 0.0 0.0 
5 276 43.927585971129 0.0 0.0 0.0 
5 277 43.927585971129 0.0 0.0 0.0 
5 278 43.927585971129 0.0 0.0 0.0 
5 279 43.927585971129 0.0 0.0 0.0 
5 280 43.927585971129 0.0 0.0 0.0 
5 281 43.927585971129 0.0 0.0 0.0 
5 282 43.927585971129 0.0 0.0 0.0 
5 283 43.927585971129 0.0 0.0 0.0 
5 284 43.927585971129 0.0 0.0 0.0 
5 285 43.927585971129 0.0 0.0 0.0 
5 286 43.927585971129 0.0 0.0 0.0 
5 287 43.927585971129 0.0 0.0 0.0 
5 288 43.927585971129 0.0 0.0 0.0 
5 289 43.927585971129 0.0 0.0 0.0 
5 290 43.927585971129 0.0 0.0 0.0 
5 291 43.927585971129 0.0 0.0 0.0 
5 292 43.927585971129 0.0 0.0 0.0 
5 293 43.927585971129 0.0 0.0 0.0 
5 294 43.927585971129 0.0 0.0 0.0 
5 295 43.927585971129 0.0 0.0 0.0 
5 296 43.927585971129 0.0 0.0 0.0 
5 297 43.927585971129 0.0 0.0 0.0 
5 298 43.927585971129 0.0 0.0 0.0 
5 299 43.927585971129 0.0 0.0 0.0 
5 300 43.927585971129 0.0 0.0 0.0 
5 301 43.927585971129 0.0 0.0 0.0 
5 302 43.927585971129 0.0 0.0 0.0 
5 303 43.927585971129 0.0 0.0 0.0 
5 304 43.927585971129 0.0 0.0 0.0 
5 305 43.927585971129 0.0 0.0 0.0 
5 306 43.927585971129 0.0 0.0 0.0 
5 307 43.927585971129 0.0 0.0 0.0 
5 308 43.927585971129 0.0 0.0 0.0 
5 309 43.927585971129 0.0 0.0 0.0 
5 310 43.927585971129 0.0 0.0 0.0 
5 311 43.927585971129 0.0 0.0 0.0 
5 312 43.927585971129 0.0 0.0 0.0 
5 313 43.927585971129 0.0 0.0 0.0 
5 314 43.927585971129 0.0 0.0 0.0 
5 315 43.927585971129 0.0 0.0 0.0 
5 316 43.927585971129 0.0 0.0 0.0 
5 317 43.927585971129 0.0 0.0 0.0 
5 318 43.927585971129 0.0 0.0 0.0 
5 319 43.927585971129 0.0 0.0 0.0 
5 320 43.927585971129 0.0 0.0 0.0 
5 321 43.927585971129 0.0 0.0 0.0 
5 322 43.927585971129 0.0 0.0 0.0 
5 323 43.927585971129 0.0 0.0 0.0 
5 324 43.927585971129 0.0 0.0 0.0 
5 325 43.927585971129 0.0 0.0 0.0 
5 326 43.927585971129 0.0 0.0 0.0 
5 327 43.927585971129 0.0 0.0 0.0 
5 328 43.927585971129 0.0 0.0 0.0 
5 329 43.927585971129 0.0 0.0 0.0 
5 330 43.927585971129 0.0 0.0 0.0 
5 331 43.927585971129 0.0 0.0 0.0 
5 332 43.927585971129 0.0 0.0 0.0 
5 333 43.927585971129 0.0 0.0 0.0 
5 334 43.927585971129 0.0 0.0 0.0 
5 335 43.927585971129 0.0 0.0 0.0 
5 336 43.927585971129 0.0 0.0 0.0 
5 337 43.927585971129 0.0 0.0 0.0 
5 338 43.927585971129 0.0 0.0 0.0 
5 339 43.927585971129 0.0 0.0 0.0 
5 340 43.927585971129 0.0 0.0 0.0 
5 341 43.927585971129 0.0 0.0 0.0 
5 342 43.927585971129 0.0 0.0 0.0 
5 343 43.927585971129 0.0 0.0 0.0 
5 344 43.927585971129 0.0 0.0 0.0 
5 345 43.927585971129 0.0 0.0 0.0 
5 346 43.927585971129 0.0 0.0 0.0 
5 347 43.927585971129 0.0 0.0 0.0 
5 348 43.927585971129 0.0 0.0 0.0 
5 349 43.927585971129 0.0 0.0 0.0 
5 350 43.927585971129 0.0 0.0 0.0 
5 351 43.927585971129 0.0 0.0 0.0 
5 352 43.927585971129 0.0 0.0 0.0 
5 353 43.927585971129 0.0 0.0 0.0 
5 354 43.927585971129 0.0 0.0 0.0 
5 355 43.927585971129 0.0 0.0 0.0 
5 356 43.927585971129 0.0 0.0 0.0 
5 357 43.927585971129 0.0 0.0 0.0 
5 358 43.927585971129 0.0 0.0 0.0 
5 359 43.927585971129 0.0 0.0 0.0 
5 360 43.927585971129 0.0 0.0 0.0 
5 361 43.927585971129 0.0 0.0 0.0 
5 362 43.927585971129 0.0 0.0 0.0 
5 363 43.927585971129 0.0 0.0 0.0 
5 364 43.927585971129 0.0 0.0 0.0 
5 365 43.927585971129 0.0 0.0 0.0 
5 366 43.927585971129 0.0 0.0 0.0 
5 367 43.927585971129 0.0 0.0 0.0 
5 368 43.927585971129 0.0 0.0 0.0 
5 369 43.927585971129 0.0 0.0 0.0 
5 370 43.927585971129 0.0 0.0 0.0 
5 371 43.927585971129 0.0 0.0 0.0 
5 372 43.927585971129 0.0 0.0 0.0 
5 373 43.927585971129 0.0 0.0 0.0 
5 374 43.927585971129 0.0 0.0 0.0 
5 375 43.927585971129 0.0 0.0 0.0 
5 376 43.927585971129 0.0 0.0 0.0 
5 377 43.927585971129 0.0 0.0 0.0 
5 378 43.927585971129 0.0 0.0 0.0 
5 379 43.927585971129 0.0 0.0 0.0 
5 380 43.927585971129 0.0 0.0 0.0 
5 381 43.927585971129 0.0 0.0 0.0 
5 382 43.927585971129 0.0 0.0 0.0 
5 383 43.927585971129 0.0 0.0 0.0 
5 384 43.927585971129 0.0 0.0 0.0 
5 385 43.927585971129 0.0 0.0 0.0 
5 386 43.927585971129 0.0 0.0 0.0 
5 387 43.927585971129 0.0 0.0 0.0 
5 388 43.927585971129 0.0 0.0 0.0 
5 389 43.927585971129 0.0 0.0 0.0 
5 390 43.927585971129 0.0 0.0 0.0 
5 391 43.927585971129 0.0 0.0 0.0 
5 392 43.927585971129 0.0 0.0 0.0 
5 393 43.927585971129 0.0 0.0 0.0 
5 394 43.927585971129 0.0 0.0 0.0 
5 395 43.927585971129 0.0 0.0 0.0 
5 396 43.927585971129 0.0 0.0 0.0 
5 397 43.927585971129 0.0 0.0 0.0 
5 398 43.927585971129 0.0 0.0 0.0 
5 399 43.927585971129 0.0 0.0 0.0 
5 400 43.927585971129 0.0 0.0 0.0 
5 401 43.927585971129 0.0 0.0 0.0 
5 402 43.927585971129 0.0 0.0 0.0 
5 403 43.927585971129 0.0 0.0 0.0 
5 404 43.927585971129 0.0 0.0 0.0 
5 405 43.927585971129 0.0 0.0 0.0 
5 406 43.927585971129 0.0 0.0 0.0 
5 407 43.927585971129 0.0 0.0 0.0 
5 408 43.927585971129 0.0 0.0 0.0 
5 409 43.927585971129 0.0 0.0 0.0 
5 410 43.927585971129 0.0 0.0 0.0 
5 411 43.927585971129 0.0 0.0 0.0 
5 412 43.927585971129 0.0 0.0 0.0 
5 413 43.927585971129 0.0 0.0 0.0 
5 414 43.927585971129 0.0 0.0 0.0 
5 415 43.927585971129 0.0 0.0 0.0 
5 416 43.927585971129 0.0 0.0 0.0 
5 417 43.927585971129 0.0 0.0 0.0 
5 418 43.927585971129 0.0 0.0 0.0 
5 419 43.927585971129 0.0 0.0 0.0 
5 420 43.927585971129 0.0 0.0 0.0 
5 421 43.927585971129 0.0 0.0 0.0 
5 422 43.927585971129 0.0 0.0 0.0 
5 423 43.927585971129 0.0 0.0 0.0 
5 424 43.927585971129 0.0 0.0 0.0 
5 425 43.927585971129 0.0 0.0 0.0 
5 426 43.927585971129 0.0 0.0 0.0 
5 427 43.927585971129 0.0 0.0 0.0 
5 428 43.927585971129 0.0 0.0 0.0 
5 429 43.927585971129 0.0 0.0 0.0 
5 430 43.927585971129 0.0 0.0 0.0 
5 431 43.927585971129 0.0 0.0 0.0 
5 432 43.927585971129 0.0 0.0 0.0 
5 433 43.927585971129 0.0 0.0 0.0 
5 434 43.927585971129 0.0 0.0 0.0 
5 435 43.927585971129 0.0 0.0 0.0 
5 436 43.927585971129 0.0 0.0 0.0 
5 437 43.927585971129 0.0 0.0 0.0 
5 438 43.927585971129 0.0 0.0 0.0 
5 439 43.927585971129 0.0 0.0 0.0 
5 440 43.927585971129 0.0 0.0 0.0 
5 441 43.927585971129 0.0 0.0 0.0 
5 442 43.927585971129 0.0 0.0 0.0 
5 443 43.927585971129 0.0 0.0 0.0 
5 444 43.927585971129 0.0 0.0 0.0 
5 445 43.927585971129 0.0 0.0 0.0 
5 446 43.927585971129 0.0 0.0 0.0 
5 447 43.927585971129 0.0 0.0 0.0 
5 448 43.927585971129 0.0 0.0 0.0 
5 449 43.927585971129 0.0 0.0 0.0 
5 450 43.927585971129 0.0 0.0 0.0 
5 451 43.927585971129 0.0 0.0 0.0 
5 452 43.927585971129 0.0 0.0 0.0 
5 453 43.927585971129 0.0 0.0 0.0 
5 454 43.927585971129 0.0 0.0 0.0 
5 455 43.927585971129 0.0 0.0 0.0 
5 456 43.927585971129 0.0 0.0 0.0 
5 457 43.927585971129 0.0 0.0 0.0 
5 458 43.927585971129 0.0 0.0 0.0 
5 459 43.927585971129 0.0 0.0 0.0 
5 460 43.927585971129 0.0 0.0 0.0 
5 461 43.927585971129 0.0 0.0 0.0 
5 462 43.927585971129 0.0 0.0 0.0 
5 463 43.927585971129 0.0 0.0 0.0 
5 464 43.927585971129 0.0 0.0 0.0 
5 465 43.927585971129 0.0 0.0 0.0 
5 466 43.927585971129 0.0 0.0 0.0 
5 467 43.927585971129 0.0 0.0 0.0 
5 468 43.927585971129 0.0 0.0 0.0 
5 469 43.927585971129 0.0 0.0 0.0 
5 470 43.927585971129 0.0 0.0 0.0 
5 471 43.927585971129 0.0 0.0 0.0 
5 472 43.927585971129 0.0 0.0 0.0 
5 473 43.927585971129 0.0 0.0 0.0 
5 474 43.927585971129 0.0 0.0 0.0 
5 475 43.927585971129 0.0 0.0 0.0 
5 476 43.927585971129 0.0 0.0 0.0 
5 477 43.927585971129 0.0 0.0 0.0 
5 478 43.927585971129 0.0 0.0 0.0 
5 479 43.927585971129 0.0 0.0 0.0 
5 480 43.927585971129 0.0 0.0 0.0 
5 481 43.927585971129 0.0 0.0 0.0 
5 482 43.927585971129 0.0 0.0 0.0 
5 483 43.927585971129 0.0 0.0 0.0 
5 484 43.927585971129 0.0 0.0 0.0 
5 485 43.927585971129 0.0 0.0 0.0 
5 486 43.927585971129 0.0 0.0 0.0 
5 487 43.927585971129 0.0 0.0 0.0 
5 488 43.927585971129 0.0 0.0 0.0 
5 489 43.927585971129 0.0 0.0 0.0 
5 490 43.927585971129 0.0 0.0 0.0 
5 491 43.927585971129 0.0 0.0 0.0 
5 492 43.927585971129 0.0 0.0 0.0 
5 493 43.927585971129 0.0 0.0 0.0 
5 494 43.927585971129 0.0 0.0 0.0 
5 495 43.927585971129 0.0 0.0 0.0 
5 496 43.927585971129 0.0 0.0 0.0 
5 497 43.927585971129 0.0 0.0 0.0 
5 498 43.927585971129 0.0 0.0 0.0 
5 499 43.927585971129 0.0 0.0 0.0 
5 500 43.927585971129 0.0 0.0 0.0 
5 501 43.927585971129 0.0 0.0 0.0 
5 502 43.927585971129 0.0 0.0 0.0 
5 503 43.927585971129 0.0 0.0 0.0 
5 504 43.927585971129 0.0 0.0 0.0 
5 505 43.927585971129 0.0 0.0 0.0 
5 506 43.927585971129 0.0 0.0 0.0 
5 507 43.927585971129 0.0 0.0 0.0 
5 508 43.927585971129 0.0 0.0 0.0 
5 509 43.927585971129 0.0 0.0 0.0 
5 510 43.927585971129 0.0 0.0 0.0 
5 511 43.927585971129 0.0 0.0 0.0 
5 512 43.927585971129 0.0 0.0 0.0 
5 513 43.927585971129 0.0 0.0 0.0 
5 514 43.927585971129 0.0 0.0 0.0 
5 515 43.927585971129 0.0 0.0 0.0 
5 516 43.927585971129 0.0 0.0 0.0 
5 517 43.927585971129 0.0 0.0 0.0 
5 518 43.927585971129 0.0 0.0 0.0 
5 519 43.927585971129 0.0 0.0 0.0 
5 520 43.927585971129 0.0 0.0 0.0 
5 521 43.927585971129 0.0 0.0 0.0 
5 522 43.927585971129 0.0 0.0 0.0 
5 523 43.927585971129 0.0 0.0 0.0 
5 524 43.927585971129 0.0 0.0 0.0 
5 525 43.927585971129 0.0 0.0 0.0 
5 526 43.927585971129 0.0 0.0 0.0 
5 527 43.927585971129 0.0 0.0 0.0 
5 528 43.927585971129 0.0 0.0 0.0 
5 529 43.927585971129 0.0 0.0 0.0 
5 530 43.927585971129 0.0 0.0 0.0 
5 531 43.927585971129 0.0 0.0 0.0 
5 532 43.927585971129 0.0 0.0 0.0 
5 533 43.927585971129 0.0 0.0 0.0 
5 534 43.927585971129 0.0 0.0 0.0 
5 535 43.927585971129 0.0 0.0 0.0 
5 536 43.927585971129 0.0 0.0 0.0 
5 537 43.927585971129 0.0 0.0 0.0 
5 538 43.927585971129 0.0 0.0 0.0 
5 539 43.927585971129 0.0 0.0 0.0 
5 540 43.927585971129 0.0 0.0 0.0 
5 541 43.927585971129 0.0 0.0 0.0 
5 542 43.927585971129 0.0 0.0 0.0 
5 543 43.927585971129 0.0 0.0 0.0 
5 544 43.927585971129 0.0 0.0 0.0 
5 545 43.927585971129 0.0 0.0 0.0 
5 546 43.927585971129 0.0 0.0 0.0 
5 547 43.927585971129 0.0 0.0 0.0 
5 548 43.927585971129 0.0 0.0 0.0 
5 549 43.927585971129 0.0 0.0 0.0 
5 550 43.927585971129 0.0 0.0 0.0 
5 551 43.927585971129 0.0 0.0 0.0 
5 552 43.927585971129 0.0 0.0 0.0 
5 553 43.927585971129 0.0 0.0 0.0 
5 554 43.927585971129 0.0 0.0 0.0 
5 555 43.927585971129 0.0 0.0 0.0 
5 556 43.927585971129 0.0 0.0 0.0 
5 557 43.927585971129 0.0 0.0 0.0 
5 558 43.927585971129 0.0 0.0 0.0 
5 559 43.927585971129 0.0 0.0 0.0 
5 560 43.927585971129 0.0 0.0 0.0 
5 561 43.927585971129 0.0 0.0 0.0 
5 562 43.927585971129 0.0 0.0 0.0 
5 563 43.927585971129 0.0 0.0 0.0 
5 564 43.927585971129 0.0 0.0 0.0 
5 565 43.927585971129 0.0 0.0 0.0 
5 566 43.927585971129 0.0 0.0 0.0 
5 567 43.927585971129 0.0 0.0 0.0 
5 568 43.927585971129 0.0 0.0 0.0 
5 569 43.927585971129 0.0 0.0 0.0 
5 570 43.927585971129 0.0 0.0 0.0 
5 571 43.927585971129 0.0 0.0 0.0 
5 572 43.927585971129 0.0 0.0 0.0 
5 573 43.927585971129 0.0 0.0 0.0 
5 574 43.927585971129 0.0 0.0 0.0 
5 575 43.927585971129 0.0 0.0 0.0 
5 576 43.927585971129 0.0 0.0 0.0 
5 577 43.927585971129 0.0 0.0 0.0 
5 578 43.927585971129 0.0 0.0 0.0 
5 579 43.927585971129 0.0 0.0 0.0 
5 580 43.927585971129 0.0 0.0 0.0 
5 581 43.927585971129 0.0 0.0 0.0 
5 582 43.927585971129 0.0 0.0 0.0 
5 583 43.927585971129 0.0 0.0 0.0 
5 584 43.927585971129 0.0 0.0 0.0 
5 585 43.927585971129 0.0 0.0 0.0 
5 586 43.927585971129 0.0 0.0 0.0 
5 587 43.927585971129 0.0 0.0 0.0 
5 588 43.927585971129 0.0 0.0 0.0 
5 589 43.927585971129 0.0 0.0 0.0 
5 590 43.927585971129 0.0 0.0 0.0 
5 591 43.927585971129 0.0 0.0 0.0 
5 592 43.927585971129 0.0 0.0 0.0 
5 593 43.927585971129 0.0 0.0 0.0 
5 594 43.927585971129 0.0 0.0 0.0 
5 595 43.927585971129 0.0 0.0 0.0 
5 596 43.927585971129 0.0 0.0 0.0 
5 597 43.927585971129 0.0 0.0 0.0 
5 598 43.927585971129 0.0 0.0 0.0 
5 599 43.927585971129 0.0 0.0 0.0 
5 600 43.927585971129 0.0 0.0 0.0 
5 601 43.927585971129 0.0 0.0 0.0 
5 602 43.927585971129 0.0 0.0 0.0 
5 603 43.927585971129 0.0 0.0 0.0 
5 604 43.927585971129 0.0 0.0 0.0 
5 605 43.927585971129 0.0 0.0 0.0 
5 606 43.927585971129 0.0 0.0 0.0 
5 607 43.927585971129 0.0 0.0 0.0 
5 608 43.927585971129 0.0 0.0 0.0 
5 609 43.927585971129 0.0 0.0 0.0 
5 610 43.927585971129 0.0 0.0 0.0 
5 611 43.927585971129 0.0 0.0 0.0 
5 612 43.927585971129 0.0 0.0 0.0 
5 613 43.927585971129 0.0 0.0 0.0 
5 614 43.927585971129 0.0 0.0 0.0 
5 615 43.927585971129 0.0 0.0 0.0 
5 616 43.927585971129 0.0 0.0 0.0 
5 617 43.927585971129 0.0 0.0 0.0 
5 618 43.927585971129 0.0 0.0 0.0 
5 619 43.927585971129 0.0 0.0 0.0 
5 620 43.927585971129 0.0 0.0 0.0 
5 621 43.927585971129 0.0 0.0 0.0 
5 622 43.927585971129 0.0 0.0 0.0 
5 623 43.927585971129 0.0 0.0 0.0 
5 624 43.927585971129 0.0 0.0 0.0 
5 625 43.927585971129 0.0 0.0 0.0 
5 626 43.927585971129 0.0 0.0 0.0 
5 627 43.927585971129 0.0 0.0 0.0 
5 628 43.927585971129 0.0 0.0 0.0 
5 629 43.927585971129 0.0 0.0 0.0 
5 630 43.927585971129 0.0 0.0 0.0 
5 631 43.927585971129 0.0 0.0 0.0 
5 632 43.927585971129 0.0 0.0 0.0 
5 633 43.927585971129 0.0 0.0 0.0 
5 634 43.927585971129 0.0 0.0 0.0 
5 635 43.927585971129 0.0 0.0 0.0 
5 636 43.927585971129 0.0 0.0 0.0 
5 637 43.927585971129 0.0 0.0 0.0 
5 638 43.927585971129 0.0 0.0 0.0 
5 639 43.927585971129 0.0 0.0 0.0 
5 640 43.927585971129 0.0 0.0 0.0 
5 641 43.927585971129 0.0 0.0 0.0 
5 642 43.927585971129 0.0 0.0 0.0 
5 643 43.927585971129 0.0 0.0 0.0 
5 644 43.927585971129 0.0 0.0 0.0 
5 645 43.927585971129 0.0 0.0 0.0 
5 646 43.927585971129 0.0 0.0 0.0 
5 647 43.927585971129 0.0 0.0 0.0 
5 648 43.927585971129 0.0 0.0 0.0 
5 649 43.927585971129 0.0 0.0 0.0 
5 650 43.927585971129 0.0 0.0 0.0 
5 651 43.927585971129 0.0 0.0 0.0 
5 652 43.927585971129 0.0 0.0 0.0 
5 653 43.927585971129 0.0 0.0 0.0 
5 654 43.927585971129 0.0 0.0 0.0 
5 655 43.927585971129 0.0 0.0 0.0 
5 656 43.927585971129 0.0 0.0 0.0 
5 657 43.927585971129 0.0 0.0 0.0 
5 658 43.927585971129 0.0 0.0 0.0 
5 659 43.927585971129 0.0 0.0 0.0 
5 660 43.927585971129 0.0 0.0 0.0 
5 661 43.927585971129 0.0 0.0 0.0 
5 662 43.927585971129 0.0 0.0 0.0 
5 663 43.927585971129 0.0 0.0 0.0 
5 664 43.927585971129 0.0 0.0 0.0 
5 665 43.927585971129 0.0 0.0 0.0 
5 666 43.927585971129 0.0 0.0 0.0 
5 667 43.927585971129 0.0 0.0 0.0 
5 668 43.927585971129 0.0 0.0 0.0 
5 669 43.927585971129 0.0 0.0 0.0 
5 670 43.927585971129 0.0 0.0 0.0 
5 671 43.927585971129 0.0 0.0 0.0 
5 672 43.927585971129 0.0 0.0 0.0 
5 673 43.927585971129 0.0 0.0 0.0 
5 674 43.927585971129 0.0 0.0 0.0 
5 675 43.927585971129 0.0 0.0 0.0 
5 676 43.927585971129 0.0 0.0 0.0 
5 677 43.927585971129 0.0 0.0 0.0 
5 678 43.927585971129 0.0 0.0 0.0 
5 679 43.927585971129 0.0 0.0 0.0 
5 680 43.927585971129 0.0 0.0 0.0 
5 681 43.927585971129 0.0 0.0 0.0 
5 682 43.927585971129 0.0 0.0 0.0 
5 683 43.927585971129 0.0 0.0 0.0 
5 684 43.927585971129 0.0 0.0 0.0 
5 685 43.927585971129 0.0 0.0 0.0 
5 686 43.927585971129 0.0 0.0 0.0 
5 687 43.927585971129 0.0 0.0 0.0 
5 688 43.927585971129 0.0 0.0 0.0 
5 689 43.927585971129 0.0 0.0 0.0 
5 690 43.927585971129 0.0 0.0 0.0 
5 691 43.927585971129 0.0 0.0 0.0 
5 692 43.927585971129 0.0 0.0 0.0 
5 693 43.927585971129 0.0 0.0 0.0 
5 694 43.927585971129 0.0 0.0 0.0 
5 695 43.927585971129 0.0 0.0 0.0 
5 696 43.927585971129 0.0 0.0 0.0 
5 697 43.927585971129 0.0 0.0 0.0 
5 698 43.927585971129 0.0 0.0 0.0 
5 699 43.927585971129 0.0 0.0 0.0 
5 700 43.927585971129 0.0 0.0 0.0 
5 701 43.927585971129 0.0 0.0 0.0 
5 702 43.927585971129 0.0 0.0 0.0 
5 703 43.927585971129 0.0 0.0 0.0 
5 704 43.927585971129 0.0 0.0 0.0 
5 705 43.927585971129 0.0 0.0 0.0 
5 706 43.927585971129 0.0 0.0 0.0 
5 707 43.927585971129 0.0 0.0 0.0 
5 708 43.927585971129 0.0 0.0 0.0 
5 709 43.927585971129 0.0 0.0 0.0 
5 710 43.927585971129 0.0 0.0 0.0 
5 711 43.927585971129 0.0 0.0 0.0 
5 712 43.927585971129 0.0 0.0 0.0 
5 713 43.927585971129 0.0 0.0 0.0 
5 714 43.927585971129 0.0 0.0 0.0 
5 715 43.927585971129 0.0 0.0 0.0 
5 716 43.927585971129 0.0 0.0 0.0 
5 717 43.927585971129 0.0 0.0 0.0 
5 718 43.927585971129 0.0 0.0 0.0 
5 719 43.927585971129 0.0 0.0 0.0 
5 720 43.927585971129 0.0 0.0 0.0 
5 721 43.927585971129 0.0 0.0 0.0 
5 722 43.927585971129 0.0 0.0 0.0 
5 723 43.927585971129 0.0 0.0 0.0 
5 724 43.927585971129 0.0 0.0 0.0 
5 725 43.927585971129 0.0 0.0 0.0 
5 726 43.927585971129 0.0 0.0 0.0 
5 727 43.927585971129 0.0 0.0 0.0 
5 728 43.927585971129 0.0 0.0 0.0 
5 729 43.927585971129 0.0 0.0 0.0 
5 730 43.927585971129 0.0 0.0 0.0 
5 731 43.927585971129 0.0 0.0 0.0 
5 732 43.927585971129 0.0 0.0 0.0 
5 733 43.927585971129 0.0 0.0 0.0 
5 734 43.927585971129 0.0 0.0 0.0 
5 735 43.927585971129 0.0 0.0 0.0 
5 736 43.927585971129 0.0 0.0 0.0 
5 737 43.927585971129 0.0 0.0 0.0 
5 738 43.927585971129 0.0 0.0 0.0 
5 739 43.927585971129 0.0 0.0 0.0 
5 740 43.927585971129 0.0 0.0 0.0 
5 741 43.927585971129 0.0 0.0 0.0 
5 742 43.927585971129 0.0 0.0 0.0 
5 743 43.927585971129 0.0 0.0 0.0 
5 744 43.927585971129 0.0 0.0 0.0 
5 745 43.927585971129 0.0 0.0 0.0 
5 746 43.927585971129 0.0 0.0 0.0 
5 747 43.927585971129 0.0 0.0 0.0 
5 748 43.927585971129 0.0 0.0 0.0 
5 749 43.927585971129 0.0 0.0 0.0 
5 750 43.927585971129 0.0 0.0 0.0 
5 751 43.927585971129 0.0 0.0 0.0 
5 752 43.927585971129 0.0 0.0 0.0 
5 753 43.927585971129 0.0 0.0 0.0 
5 754 43.927585971129 0.0 0.0 0.0 
5 755 43.927585971129 0.0 0.0 0.0 
5 756 43.927585971129 0.0 0.0 0.0 
5 757 43.927585971129 0.0 0.0 0.0 
5 758 43.927585971129 0.0 0.0 0.0 
5 759 43.927585971129 0.0 0.0 0.0 
5 760 43.927585971129 0.0 0.0 0.0 
5 761 43.927585971129 0.0 0.0 0.0 
5 762 43.927585971129 0.0 0.0 0.0 
5 763 43.927585971129 0.0 0.0 0.0 
5 764 43.927585971129 0.0 0.0 0.0 
5 765 43.927585971129 0.0 0.0 0.0 
5 766 43.927585971129 0.0 0.0 0.0 
5 767 43.927585971129 0.0 0.0 0.0 
5 768 43.927585971129 0.0 0.0 0.0 
5 769 43.927585971129 0.0 0.0 0.0 
5 770 43.927585971129 0.0 0.0 0.0 
5 771 43.927585971129 0.0 0.0 0.0 
5 772 43.927585971129 0.0 0.0 0.0 
5 773 43.927585971129 0.0 0.0 0.0 
5 774 43.927585971129 0.0 0.0 0.0 
5 775 43.927585971129 0.0 0.0 0.0 
5 776 43.927585971129 0.0 0.0 0.0 
5 777 43.927585971129 0.0 0.0 0.0 
5 778 43.927585971129 0.0 0.0 0.0 
5 779 43.927585971129 0.0 0.0 0.0 
5 780 43.927585971129 0.0 0.0 0.0 
5 781 43.927585971129 0.0 0.0 0.0 
5 782 43.927585971129 0.0 0.0 0.0 
5 783 43.927585971129 0.0 0.0 0.0 
5 784 43.927585971129 0.0 0.0 0.0 
5 785 43.927585971129 0.0 0.0 0.0 
5 786 43.927585971129 0.0 0.0 0.0 
5 787 43.927585971129 0.0 0.0 0.0 
5 788 43.927585971129 0.0 0.0 0.0 
5 789 43.927585971129 0.0 0.0 0.0 
5 790 43.927585971129 0.0 0.0 0.0 
5 791 43.927585971129 0.0 0.0 0.0 
5 792 43.927585971129 0.0 0.0 0.0 
5 793 43.927585971129 0.0 0.0 0.0 
5 794 43.927585971129 0.0 0.0 0.0 
5 795 43.927585971129 0.0 0.0 0.0 
5 796 43.927585971129 0.0 0.0 0.0 
5 797 43.927585971129 0.0 0.0 0.0 
5 798 43.927585971129 0.0 0.0 0.0 
5 799 43.927585971129 0.0 0.0 0.0 
5 800 43.927585971129 0.0 0.0 0.0 
5 801 43.927585971129 0.0 0.0 0.0 
5 802 43.927585971129 0.0 0.0 0.0 
5 803 43.927585971129 0.0 0.0 0.0 
5 804 43.927585971129 0.0 0.0 0.0 
5 805 43.927585971129 0.0 0.0 0.0 
5 806 43.927585971129 0.0 0.0 0.0 
5 807 43.927585971129 0.0 0.0 0.0 
5 808 43.927585971129 0.0 0.0 0.0 
5 809 43.927585971129 0.0 0.0 0.0 
5 810 43.927585971129 0.0 0.0 0.0 
5 811 43.927585971129 0.0 0.0 0.0 
5 812 43.927585971129 0.0 0.0 0.0 
5 813 43.927585971129 0.0 0.0 0.0 
5 814 43.927585971129 0.0 0.0 0.0 
5 815 43.927585971129 0.0 0.0 0.0 
5 816 43.927585971129 0.0 0.0 0.0 
5 817 43.927585971129 0.0 0.0 0.0 
5 818 43.927585971129 0.0 0.0 0.0 
5 819 43.927585971129 0.0 0.0 0.0 
5 820 43.927585971129 0.0 0.0 0.0 
5 821 43.927585971129 0.0 0.0 0.0 
5 822 43.927585971129 0.0 0.0 0.0 
5 823 43.927585971129 0.0 0.0 0.0 
5 824 43.927585971129 0.0 0.0 0.0 
5 825 43.927585971129 0.0 0.0 0.0 
5 826 43.927585971129 0.0 0.0 0.0 
5 827 43.927585971129 0.0 0.0 0.0 
5 828 43.927585971129 0.0 0.0 0.0 
5 829 43.927585971129 0.0 0.0 0.0 
5 830 43.927585971129 0.0 0.0 0.0 
5 831 43.927585971129 0.0 0.0 0.0 
5 832 43.927585971129 0.0 0.0 0.0 
5 833 43.927585971129 0.0 0.0 0.0 
5 834 43.927585971129 0.0 0.0 0.0 
5 835 43.927585971129 0.0 0.0 0.0 
5 836 43.927585971129 0.0 0.0 0.0 
5 837 43.927585971129 0.0 0.0 0.0 
5 838 43.927585971129 0.0 0.0 0.0 
5 839 43.927585971129 0.0 0.0 0.0 
5 840 43.927585971129 0.0 0.0 0.0 
5 841 43.927585971129 0.0 0.0 0.0 
5 842 43.927585971129 0.0 0.0 0.0 
5 843 43.927585971129 0.0 0.0 0.0 
5 844 43.927585971129 0.0 0.0 0.0 
5 845 43.927585971129 0.0 0.0 0.0 
5 846 43.927585971129 0.0 0.0 0.0 
5 847 43.927585971129 0.0 0.0 0.0 
5 848 43.927585971129 0.0 0.0 0.0 
5 849 43.927585971129 0.0 0.0 0.0 
5 850 43.927585971129 0.0 0.0 0.0 
5 851 43.927585971129 0.0 0.0 0.0 
5 852 43.927585971129 0.0 0.0 0.0 
5 853 43.927585971129 0.0 0.0 0.0 
5 854 43.927585971129 0.0 0.0 0.0 
5 855 43.927585971129 0.0 0.0 0.0 
5 856 43.927585971129 0.0 0.0 0.0 
5 857 43.927585971129 0.0 0.0 0.0 
5 858 43.927585971129 0.0 0.0 0.0 
5 859 43.927585971129 0.0 0.0 0.0 
5 860 43.927585971129 0.0 0.0 0.0 
5 861 43.927585971129 0.0 0.0 0.0 
5 862 43.927585971129 0.0 0.0 0.0 
5 863 43.927585971129 0.0 0.0 0.0 
5 864 43.927585971129 0.0 0.0 0.0 
5 865 43.927585971129 0.0 0.0 0.0 
5 866 43.927585971129 0.0 0.0 0.0 
5 867 43.927585971129 0.0 0.0 0.0 
5 868 43.927585971129 0.0 0.0 0.0 
5 869 43.927585971129 0.0 0.0 0.0 
5 870 43.927585971129 0.0 0.0 0.0 
5 871 43.927585971129 0.0 0.0 0.0 
5 872 43.927585971129 0.0 0.0 0.0 
5 873 43.927585971129 0.0 0.0 0.0 
5 874 43.927585971129 0.0 0.0 0.0 
5 875 43.927585971129 0.0 0.0 0.0 
5 876 43.927585971129 0.0 0.0 0.0 
5 877 43.927585971129 0.0 0.0 0.0 
5 878 43.927585971129 0.0 0.0 0.0 
5 879 43.927585971129 0.0 0.0 0.0 
5 880 43.927585971129 0.0 0.0 0.0 
5 881 43.927585971129 0.0 0.0 0.0 
5 882 43.927585971129 0.0 0.0 0.0 
5 883 43.927585971129 0.0 0.0 0.0 
5 884 43.927585971129 0.0 0.0 0.0 
5 885 43.927585971129 0.0 0.0 0.0 
5 886 43.927585971129 0.0 0.0 0.0 
5 887 43.927585971129 0.0 0.0 0.0 
5 888 43.927585971129 0.0 0.0 0.0 
5 889 43.927585971129 0.0 0.0 0.0 
5 890 43.927585971129 0.0 0.0 0.0 
5 891 43.927585971129 0.0 0.0 0.0 
5 892 43.927585971129 0.0 0.0 0.0 
5 893 43.927585971129 0.0 0.0 0.0 
5 894 43.927585971129 0.0 0.0 0.0 
5 895 43.927585971129 0.0 0.0 0.0 
5 896 43.927585971129 0.0 0.0 0.0 
5 897 43.927585971129 0.0 0.0 0.0 
5 898 43.927585971129 0.0 0.0 0.0 
5 899 43.927585971129 0.0 0.0 0.0 
5 900 43.927585971129 0.0 0.0 0.0 
5 901 43.927585971129 0.0 0.0 0.0 
5 902 43.927585971129 0.0 0.0 0.0 
5 903 43.927585971129 0.0 0.0 0.0 
5 904 43.927585971129 0.0 0.0 0.0 
5 905 43.927585971129 0.0 0.0 0.0 
5 906 43.927585971129 0.0 0.0 0.0 
5 907 43.927585971129 0.0 0.0 0.0 
5 908 43.927585971129 0.0 0.0 0.0 
5 909 43.927585971129 0.0 0.0 0.0 
5 910 43.927585971129 0.0 0.0 0.0 
5 911 43.927585971129 0.0 0.0 0.0 
5 912 43.927585971129 0.0 0.0 0.0 
5 913 43.927585971129 0.0 0.0 0.0 
5 914 43.927585971129 0.0 0.0 0.0 
5 915 43.927585971129 0.0 0.0 0.0 
5 916 43.927585971129 0.0 0.0 0.0 
5 917 43.927585971129 0.0 0.0 0.0 
5 918 43.927585971129 0.0 0.0 0.0 
5 919 43.927585971129 0.0 0.0 0.0 
5 920 43.927585971129 0.0 0.0 0.0 
5 921 43.927585971129 0.0 0.0 0.0 
5 922 43.927585971129 0.0 0.0 0.0 
5 923 43.927585971129 0.0 0.0 0.0 
5 924 43.927585971129 0.0 0.0 0.0 
5 925 43.927585971129 0.0 0.0 0.0 
5 926 43.927585971129 0.0 0.0 0.0 
5 927 43.927585971129 0.0 0.0 0.0 
5 928 43.927585971129 0.0 0.0 0.0 
5 929 43.927585971129 0.0 0.0 0.0 
5 930 43.927585971129 0.0 0.0 0.0 
5 931 43.927585971129 0.0 0.0 0.0 
5 932 43.927585971129 0.0 0.0 0.0 
5 933 43.927585971129 0.0 0.0 0.0 
5 934 43.927585971129 0.0 0.0 0.0 
5 935 43.927585971129 0.0 0.0 0.0 
5 936 43.927585971129 0.0 0.0 0.0 
5 937 43.927585971129 0.0 0.0 0.0 
5 938 43.927585971129 0.0 0.0 0.0 
5 939 43.927585971129 0.0 0.0 0.0 
5 940 43.927585971129 0.0 0.0 0.0 
5 941 43.927585971129 0.0 0.0 0.0 
5 942 43.927585971129 0.0 0.0 0.0 
5 943 43.927585971129 0.0 0.0 0.0 
5 944 43.927585971129 0.0 0.0 0.0 
5 945 43.927585971129 0.0 0.0 0.0 
5 946 43.927585971129 0.0 0.0 0.0 
5 947 43.927585971129 0.0 0.0 0.0 
5 948 43.927585971129 0.0 0.0 0.0 
5 949 43.927585971129 0.0 0.0 0.0 
5 950 43.927585971129 0.0 0.0 0.0 
5 951 43.927585971129 0.0 0.0 0.0 
5 952 43.927585971129 0.0 0.0 0.0 
5 953 43.927585971129 0.0 0.0 0.0 
5 954 43.927585971129 0.0 0.0 0.0 
5 955 43.927585971129 0.0 0.0 0.0 
5 956 43.927585971129 0.0 0.0 0.0 
5 957 43.927585971129 0.0 0.0 0.0 
