1 1 14.9778287332258 0.0 0.0 0.0 
1 2 14.9778287332258 0.0 0.0 0.0 
1 3 14.9778287332258 0.0 0.0 0.0 
1 4 14.9778287332258 0.0 0.0 0.0 
1 5 14.9778287332258 0.0 0.0 0.0 
1 6 14.9778287332258 0.0 0.0 0.0 
1 7 14.9778287332258 0.0 0.0 0.0 
1 8 14.9778287332258 0.0 0.0 0.0 
1 9 14.9778287332258 0.0 0.0 0.0 
1 10 14.9778287332258 0.0 0.0 0.0 
1 11 14.9778287332258 0.0 0.0 0.0 
1 12 14.9778287332258 0.0 0.0 0.0 
1 13 14.9778287332258 0.0 0.0 0.0 
1 14 14.9778287332258 0.0 0.0 0.0 
1 15 14.9778287332258 0.0 0.0 0.0 
1 16 14.9778287332258 0.0 0.0 0.0 
1 17 14.9778287332258 0.0 0.0 0.0 
1 18 14.9778287332258 0.0 0.0 0.0 
1 19 14.9778287332258 0.0 0.0 0.0 
1 20 14.9778287332258 0.0 0.0 0.0 
1 21 14.9778287332258 0.0 0.0 0.0 
1 22 14.9778287332258 0.0 0.0 0.0 
1 23 14.9778287332258 0.0 0.0 0.0 
1 24 14.9778287332258 0.0 0.0 0.0 
1 25 14.9778287332258 0.0 0.0 0.0 
1 26 14.9778287332258 0.0 0.0 0.0 
1 27 14.9778287332258 0.0 0.0 0.0 
1 28 14.9778287332258 0.0 0.0 0.0 
1 29 14.9778287332258 0.0 0.0 0.0 
1 30 14.9778287332258 0.0 0.0 0.0 
1 31 14.9778287332258 0.0 0.0 0.0 
1 32 14.9778287332258 0.0 0.0 0.0 
1 33 14.9778287332258 0.0 0.0 0.0 
1 34 14.9778287332258 0.0 0.0 0.0 
1 35 14.9778287332258 0.0 0.0 0.0 
1 36 14.9778287332258 0.0 0.0 0.0 
1 37 14.9778287332258 0.0 0.0 0.0 
1 38 14.9778287332258 0.0 0.0 0.0 
1 39 14.9778287332258 0.0 0.0 0.0 
1 40 14.9778287332258 0.0 0.0 0.0 
1 41 14.9778287332258 0.0 0.0 0.0 
1 42 14.9778287332258 0.0 0.0 0.0 
1 43 14.9778287332258 0.0 0.0 0.0 
1 44 14.9778287332258 0.0 0.0 0.0 
1 45 14.9778287332258 0.0 0.0 0.0 
1 46 14.9778287332258 0.0 0.0 0.0 
1 47 14.9778287332258 0.0 0.0 0.0 
1 48 14.9778287332258 0.0 0.0 0.0 
1 49 14.9778287332258 0.0 0.0 0.0 
1 50 14.9778287332258 0.0 0.0 0.0 
1 51 14.9778287332258 0.0 0.0 0.0 
1 52 14.9778287332258 0.0 0.0 0.0 
1 53 14.9778287332258 0.0 0.0 0.0 
1 54 14.9778287332258 0.0 0.0 0.0 
1 55 14.9778287332258 0.0 0.0 0.0 
1 56 14.9778287332258 0.0 0.0 0.0 
1 57 14.9778287332258 0.0 0.0 0.0 
1 58 14.9778287332258 0.0 0.0 0.0 
1 59 14.9778287332258 0.0 0.0 0.0 
1 60 14.9778287332258 0.0 0.0 0.0 
1 61 14.9778287332258 0.0 0.0 0.0 
1 62 14.9778287332258 0.0 0.0 0.0 
1 63 14.9778287332258 0.0 0.0 0.0 
1 64 14.9778287332258 0.0 0.0 0.0 
1 65 14.9778287332258 0.0 0.0 0.0 
1 66 14.9778287332258 0.0 0.0 0.0 
1 67 14.9778287332258 0.0 0.0 0.0 
1 68 14.9778287332258 0.0 0.0 0.0 
1 69 14.9778287332258 0.0 0.0 0.0 
1 70 14.9778287332258 0.0 0.0 0.0 
1 71 14.9778287332258 0.0 0.0 0.0 
1 72 14.9778287332258 0.0 0.0 0.0 
1 73 14.9778287332258 0.0 0.0 0.0 
1 74 14.9778287332258 0.0 0.0 0.0 
1 75 14.9778287332258 0.0 0.0 0.0 
1 76 14.9778287332258 0.0 0.0 0.0 
1 77 14.9778287332258 0.0 0.0 0.0 
1 78 14.9778287332258 0.0 0.0 0.0 
1 79 14.9778287332258 0.0 0.0 0.0 
1 80 14.9778287332258 0.0 0.0 0.0 
1 81 14.9778287332258 0.0 0.0 0.0 
1 82 14.9778287332258 0.0 0.0 0.0 
1 83 14.9778287332258 0.0 0.0 0.0 
1 84 14.9778287332258 0.0 0.0 0.0 
1 85 14.9778287332258 0.0 0.0 0.0 
1 86 14.9778287332258 0.0 0.0 0.0 
1 87 14.9778287332258 0.0 0.0 0.0 
1 88 14.9778287332258 0.0 0.0 0.0 
1 89 14.9778287332258 0.0 0.0 0.0 
1 90 14.9778287332258 0.0 0.0 0.0 
1 91 14.9778287332258 0.0 0.0 0.0 
1 92 14.9778287332258 0.0 0.0 0.0 
1 93 14.9778287332258 0.0 0.0 0.0 
1 94 14.9778287332258 0.0 0.0 0.0 
1 95 14.9778287332258 0.0 0.0 0.0 
1 96 14.9778287332258 0.0 0.0 0.0 
1 97 14.9778287332258 0.0 0.0 0.0 
1 98 14.9778287332258 0.0 0.0 0.0 
1 99 14.9778287332258 0.0 0.0 0.0 
1 100 14.9778287332258 0.0 0.0 0.0 
1 101 14.9778287332258 0.0 0.0 0.0 
1 102 14.9778287332258 0.0 0.0 0.0 
1 103 14.9778287332258 0.0 0.0 0.0 
1 104 14.9778287332258 0.0 0.0 0.0 
1 105 14.9778287332258 0.0 0.0 0.0 
1 106 14.9778287332258 0.0 0.0 0.0 
1 107 14.9778287332258 0.0 0.0 0.0 
1 108 14.9778287332258 0.0 0.0 0.0 
1 109 14.9778287332258 0.0 0.0 0.0 
1 110 14.9778287332258 0.0 0.0 0.0 
1 111 14.9778287332258 0.0 0.0 0.0 
1 112 14.9778287332258 0.0 0.0 0.0 
1 113 14.9778287332258 0.0 0.0 0.0 
1 114 14.9778287332258 0.0 0.0 0.0 
1 115 14.9778287332258 0.0 0.0 0.0 
1 116 14.9778287332258 0.0 0.0 0.0 
1 117 14.9778287332258 0.0 0.0 0.0 
1 118 14.9778287332258 0.0 0.0 0.0 
1 119 14.9778287332258 0.0 0.0 0.0 
1 120 14.9778287332258 0.0 0.0 0.0 
1 121 14.9778287332258 0.0 0.0 0.0 
1 122 14.9778287332258 0.0 0.0 0.0 
1 123 14.9778287332258 0.0 0.0 0.0 
1 124 14.9778287332258 0.0 0.0 0.0 
1 125 14.9778287332258 0.0 0.0 0.0 
1 126 14.9778287332258 0.0 0.0 0.0 
1 127 14.9778287332258 0.0 0.0 0.0 
1 128 14.9778287332258 0.0 0.0 0.0 
1 129 14.9778287332258 0.0 0.0 0.0 
1 130 14.9778287332258 0.0 0.0 0.0 
1 131 14.9778287332258 0.0 0.0 0.0 
1 132 14.9778287332258 0.0 0.0 0.0 
1 133 14.9778287332258 0.0 0.0 0.0 
1 134 14.9778287332258 0.0 0.0 0.0 
1 135 14.9778287332258 0.0 0.0 0.0 
1 136 14.9778287332258 0.0 0.0 0.0 
1 137 14.9778287332258 0.0 0.0 0.0 
1 138 14.9778287332258 0.0 0.0 0.0 
1 139 14.9778287332258 0.0 0.0 0.0 
1 140 14.9778287332258 0.0 0.0 0.0 
1 141 14.9778287332258 0.0 0.0 0.0 
1 142 14.9778287332258 0.0 0.0 0.0 
1 143 14.9778287332258 0.0 0.0 0.0 
1 144 14.9778287332258 0.0 0.0 0.0 
1 145 14.9778287332258 0.0 0.0 0.0 
1 146 14.9778287332258 0.0 0.0 0.0 
1 147 14.9778287332258 0.0 0.0 0.0 
1 148 14.9778287332258 0.0 0.0 0.0 
1 149 14.9778287332258 0.0 0.0 0.0 
1 150 14.9778287332258 0.0 0.0 0.0 
1 151 14.9778287332258 0.0 0.0 0.0 
1 152 14.9778287332258 0.0 0.0 0.0 
1 153 14.9778287332258 0.0 0.0 0.0 
1 154 14.9778287332258 0.0 0.0 0.0 
1 155 14.9778287332258 0.0 0.0 0.0 
1 156 14.9778287332258 0.0 0.0 0.0 
1 157 14.9778287332258 0.0 0.0 0.0 
1 158 14.9778287332258 0.0 0.0 0.0 
1 159 14.9778287332258 0.0 0.0 0.0 
1 160 14.9778287332258 0.0 0.0 0.0 
1 161 14.9778287332258 0.0 0.0 0.0 
1 162 14.9778287332258 0.0 0.0 0.0 
1 163 14.9778287332258 0.0 0.0 0.0 
1 164 14.9778287332258 0.0 0.0 0.0 
1 165 14.9778287332258 0.0 0.0 0.0 
1 166 14.9778287332258 0.0 0.0 0.0 
1 167 14.9778287332258 0.0 0.0 0.0 
1 168 14.9778287332258 0.0 0.0 0.0 
1 169 14.9778287332258 0.0 0.0 0.0 
1 170 14.9778287332258 0.0 0.0 0.0 
1 171 14.9778287332258 0.0 0.0 0.0 
1 172 14.9778287332258 0.0 0.0 0.0 
1 173 14.9778287332258 0.0 0.0 0.0 
1 174 14.9778287332258 0.0 0.0 0.0 
1 175 14.9778287332258 0.0 0.0 0.0 
1 176 14.9778287332258 0.0 0.0 0.0 
1 177 14.9778287332258 0.0 0.0 0.0 
1 178 14.9778287332258 0.0 0.0 0.0 
1 179 14.9778287332258 0.0 0.0 0.0 
1 180 14.9778287332258 0.0 0.0 0.0 
1 181 14.9778287332258 0.0 0.0 0.0 
1 182 14.9778287332258 0.0 0.0 0.0 
1 183 14.9778287332258 0.0 0.0 0.0 
1 184 14.9778287332258 0.0 0.0 0.0 
1 185 14.9778287332258 0.0 0.0 0.0 
1 186 14.9778287332258 0.0 0.0 0.0 
1 187 14.9778287332258 0.0 0.0 0.0 
1 188 14.9778287332258 0.0 0.0 0.0 
1 189 14.9778287332258 0.0 0.0 0.0 
1 190 14.9778287332258 0.0 0.0 0.0 
1 191 14.9778287332258 0.0 0.0 0.0 
1 192 14.9778287332258 0.0 0.0 0.0 
1 193 14.9778287332258 0.0 0.0 0.0 
1 194 14.9778287332258 0.0 0.0 0.0 
1 195 14.9778287332258 0.0 0.0 0.0 
1 196 14.9778287332258 0.0 0.0 0.0 
1 197 14.9778287332258 0.0 0.0 0.0 
1 198 14.9778287332258 0.0 0.0 0.0 
1 199 14.9778287332258 0.0 0.0 0.0 
1 200 14.9778287332258 0.0 0.0 0.0 
1 201 14.9778287332258 0.0 0.0 0.0 
1 202 14.9778287332258 0.0 0.0 0.0 
1 203 14.9778287332258 0.0 0.0 0.0 
1 204 14.9778287332258 0.0 0.0 0.0 
1 205 14.9778287332258 0.0 0.0 0.0 
1 206 14.9778287332258 0.0 0.0 0.0 
1 207 14.9778287332258 0.0 0.0 0.0 
1 208 14.9778287332258 0.0 0.0 0.0 
1 209 14.9778287332258 0.0 0.0 0.0 
1 210 14.9778287332258 0.0 0.0 0.0 
1 211 14.9778287332258 0.0 0.0 0.0 
1 212 14.9778287332258 0.0 0.0 0.0 
1 213 14.9778287332258 0.0 0.0 0.0 
1 214 14.9778287332258 0.0 0.0 0.0 
1 215 14.9778287332258 0.0 0.0 0.0 
1 216 14.9778287332258 0.0 0.0 0.0 
1 217 14.9778287332258 0.0 0.0 0.0 
1 218 14.9778287332258 0.0 0.0 0.0 
1 219 14.9778287332258 0.0 0.0 0.0 
1 220 14.9778287332258 0.0 0.0 0.0 
1 221 14.9778287332258 0.0 0.0 0.0 
1 222 14.9778287332258 0.0 0.0 0.0 
1 223 14.9778287332258 0.0 0.0 0.0 
1 224 14.9778287332258 0.0 0.0 0.0 
1 225 14.9778287332258 0.0 0.0 0.0 
1 226 14.9778287332258 0.0 0.0 0.0 
1 227 14.9778287332258 0.0 0.0 0.0 
1 228 14.9778287332258 0.0 0.0 0.0 
1 229 14.9778287332258 0.0 0.0 0.0 
1 230 14.9778287332258 0.0 0.0 0.0 
1 231 14.9778287332258 0.0 0.0 0.0 
1 232 14.9778287332258 0.0 0.0 0.0 
1 233 14.9778287332258 0.0 0.0 0.0 
1 234 14.9778287332258 0.0 0.0 0.0 
1 235 14.9778287332258 0.0 0.0 0.0 
1 236 14.9778287332258 0.0 0.0 0.0 
1 237 14.9778287332258 0.0 0.0 0.0 
1 238 14.9778287332258 0.0 0.0 0.0 
1 239 14.9778287332258 0.0 0.0 0.0 
1 240 14.9778287332258 0.0 0.0 0.0 
1 241 14.9778287332258 0.0 0.0 0.0 
1 242 14.9778287332258 0.0 0.0 0.0 
1 243 14.9778287332258 0.0 0.0 0.0 
1 244 14.9778287332258 0.0 0.0 0.0 
1 245 14.9778287332258 0.0 0.0 0.0 
1 246 14.9778287332258 0.0 0.0 0.0 
1 247 14.9778287332258 0.0 0.0 0.0 
1 248 14.9778287332258 0.0 0.0 0.0 
1 249 14.9778287332258 0.0 0.0 0.0 
1 250 14.9778287332258 0.0 0.0 0.0 
1 251 14.9778287332258 0.0 0.0 0.0 
1 252 14.9778287332258 0.0 0.0 0.0 
1 253 14.9778287332258 0.0 0.0 0.0 
1 254 14.9778287332258 0.0 0.0 0.0 
1 255 14.9778287332258 0.0 0.0 0.0 
1 256 14.9778287332258 0.0 0.0 0.0 
1 257 14.9778287332258 0.0 0.0 0.0 
1 258 14.9778287332258 0.0 0.0 0.0 
1 259 14.9778287332258 0.0 0.0 0.0 
1 260 14.9778287332258 0.0 0.0 0.0 
1 261 14.9778287332258 0.0 0.0 0.0 
1 262 14.9778287332258 0.0 0.0 0.0 
1 263 14.9778287332258 0.0 0.0 0.0 
1 264 14.9778287332258 0.0 0.0 0.0 
1 265 14.9778287332258 0.0 0.0 0.0 
1 266 14.9778287332258 0.0 0.0 0.0 
1 267 14.9778287332258 0.0 0.0 0.0 
1 268 14.9778287332258 0.0 0.0 0.0 
1 269 14.9778287332258 0.0 0.0 0.0 
1 270 14.9778287332258 0.0 0.0 0.0 
1 271 14.9778287332258 0.0 0.0 0.0 
1 272 14.9778287332258 0.0 0.0 0.0 
1 273 14.9778287332258 0.0 0.0 0.0 
1 274 14.9778287332258 0.0 0.0 0.0 
1 275 14.9778287332258 0.0 0.0 0.0 
1 276 14.9778287332258 0.0 0.0 0.0 
1 277 14.9778287332258 0.0 0.0 0.0 
1 278 14.9778287332258 0.0 0.0 0.0 
1 279 14.9778287332258 0.0 0.0 0.0 
1 280 14.9778287332258 0.0 0.0 0.0 
1 281 14.9778287332258 0.0 0.0 0.0 
1 282 14.9778287332258 0.0 0.0 0.0 
1 283 14.9778287332258 0.0 0.0 0.0 
1 284 14.9778287332258 0.0 0.0 0.0 
1 285 14.9778287332258 0.0 0.0 0.0 
1 286 14.9778287332258 0.0 0.0 0.0 
1 287 14.9778287332258 0.0 0.0 0.0 
1 288 14.9778287332258 0.0 0.0 0.0 
1 289 14.9778287332258 0.0 0.0 0.0 
1 290 14.9778287332258 0.0 0.0 0.0 
1 291 14.9778287332258 0.0 0.0 0.0 
1 292 14.9778287332258 0.0 0.0 0.0 
1 293 14.9778287332258 0.0 0.0 0.0 
1 294 14.9778287332258 0.0 0.0 0.0 
1 295 14.9778287332258 0.0 0.0 0.0 
1 296 14.9778287332258 0.0 0.0 0.0 
1 297 14.9778287332258 0.0 0.0 0.0 
1 298 14.9778287332258 0.0 0.0 0.0 
1 299 14.9778287332258 0.0 0.0 0.0 
1 300 14.9778287332258 0.0 0.0 0.0 
1 301 14.9778287332258 0.0 0.0 0.0 
1 302 14.9778287332258 0.0 0.0 0.0 
1 303 14.9778287332258 0.0 0.0 0.0 
1 304 14.9778287332258 0.0 0.0 0.0 
1 305 14.9778287332258 0.0 0.0 0.0 
1 306 14.9778287332258 0.0 0.0 0.0 
1 307 14.9778287332258 0.0 0.0 0.0 
1 308 14.9778287332258 0.0 0.0 0.0 
1 309 14.9778287332258 0.0 0.0 0.0 
1 310 14.9778287332258 0.0 0.0 0.0 
1 311 14.9778287332258 0.0 0.0 0.0 
1 312 14.9778287332258 0.0 0.0 0.0 
1 313 14.9778287332258 0.0 0.0 0.0 
1 314 14.9778287332258 0.0 0.0 0.0 
1 315 14.9778287332258 0.0 0.0 0.0 
1 316 14.9778287332258 0.0 0.0 0.0 
1 317 14.9778287332258 0.0 0.0 0.0 
1 318 14.9778287332258 0.0 0.0 0.0 
1 319 14.9778287332258 0.0 0.0 0.0 
1 320 14.9778287332258 0.0 0.0 0.0 
1 321 14.9778287332258 0.0 0.0 0.0 
1 322 14.9778287332258 0.0 0.0 0.0 
1 323 14.9778287332258 0.0 0.0 0.0 
1 324 14.9778287332258 0.0 0.0 0.0 
1 325 14.9778287332258 0.0 0.0 0.0 
1 326 14.9778287332258 0.0 0.0 0.0 
1 327 14.9778287332258 0.0 0.0 0.0 
1 328 14.9778287332258 0.0 0.0 0.0 
1 329 14.9778287332258 0.0 0.0 0.0 
1 330 14.9778287332258 0.0 0.0 0.0 
1 331 14.9778287332258 0.0 0.0 0.0 
1 332 14.9778287332258 0.0 0.0 0.0 
1 333 14.9778287332258 0.0 0.0 0.0 
1 334 14.9778287332258 0.0 0.0 0.0 
1 335 14.9778287332258 0.0 0.0 0.0 
1 336 14.9778287332258 0.0 0.0 0.0 
1 337 14.9778287332258 0.0 0.0 0.0 
1 338 14.9778287332258 0.0 0.0 0.0 
1 339 14.9778287332258 0.0 0.0 0.0 
1 340 14.9778287332258 0.0 0.0 0.0 
1 341 14.9778287332258 0.0 0.0 0.0 
1 342 14.9778287332258 0.0 0.0 0.0 
1 343 14.9778287332258 0.0 0.0 0.0 
1 344 14.9778287332258 0.0 0.0 0.0 
1 345 14.9778287332258 0.0 0.0 0.0 
1 346 14.9778287332258 0.0 0.0 0.0 
1 347 14.9778287332258 0.0 0.0 0.0 
1 348 14.9778287332258 0.0 0.0 0.0 
1 349 14.9778287332258 0.0 0.0 0.0 
1 350 14.9778287332258 0.0 0.0 0.0 
1 351 14.9778287332258 0.0 0.0 0.0 
1 352 14.9778287332258 0.0 0.0 0.0 
1 353 14.9778287332258 0.0 0.0 0.0 
1 354 14.9778287332258 0.0 0.0 0.0 
1 355 14.9778287332258 0.0 0.0 0.0 
1 356 14.9778287332258 0.0 0.0 0.0 
1 357 14.9778287332258 0.0 0.0 0.0 
1 358 14.9778287332258 0.0 0.0 0.0 
1 359 14.9778287332258 0.0 0.0 0.0 
1 360 14.9778287332258 0.0 0.0 0.0 
1 361 14.9778287332258 0.0 0.0 0.0 
1 362 14.9778287332258 0.0 0.0 0.0 
1 363 14.9778287332258 0.0 0.0 0.0 
1 364 14.9778287332258 0.0 0.0 0.0 
1 365 14.9778287332258 0.0 0.0 0.0 
1 366 14.9778287332258 0.0 0.0 0.0 
1 367 14.9778287332258 0.0 0.0 0.0 
1 368 14.9778287332258 0.0 0.0 0.0 
1 369 14.9778287332258 0.0 0.0 0.0 
1 370 14.9778287332258 0.0 0.0 0.0 
1 371 14.9778287332258 0.0 0.0 0.0 
1 372 14.9778287332258 0.0 0.0 0.0 
1 373 14.9778287332258 0.0 0.0 0.0 
1 374 14.9778287332258 0.0 0.0 0.0 
1 375 14.9778287332258 0.0 0.0 0.0 
1 376 14.9778287332258 0.0 0.0 0.0 
1 377 14.9778287332258 0.0 0.0 0.0 
1 378 14.9778287332258 0.0 0.0 0.0 
1 379 14.9778287332258 0.0 0.0 0.0 
1 380 14.9778287332258 0.0 0.0 0.0 
1 381 14.9778287332258 0.0 0.0 0.0 
1 382 14.9778287332258 0.0 0.0 0.0 
1 383 14.9778287332258 0.0 0.0 0.0 
1 384 14.9778287332258 0.0 0.0 0.0 
1 385 14.9778287332258 0.0 0.0 0.0 
1 386 14.9778287332258 0.0 0.0 0.0 
1 387 14.9778287332258 0.0 0.0 0.0 
1 388 14.9778287332258 0.0 0.0 0.0 
1 389 14.9778287332258 0.0 0.0 0.0 
1 390 14.9778287332258 0.0 0.0 0.0 
1 391 14.9778287332258 0.0 0.0 0.0 
1 392 14.9778287332258 0.0 0.0 0.0 
1 393 14.9778287332258 0.0 0.0 0.0 
1 394 14.9778287332258 0.0 0.0 0.0 
1 395 14.9778287332258 0.0 0.0 0.0 
1 396 14.9778287332258 0.0 0.0 0.0 
1 397 14.9778287332258 0.0 0.0 0.0 
1 398 14.9778287332258 0.0 0.0 0.0 
1 399 14.9778287332258 0.0 0.0 0.0 
1 400 14.9778287332258 0.0 0.0 0.0 
1 401 14.9778287332258 0.0 0.0 0.0 
1 402 14.9778287332258 0.0 0.0 0.0 
1 403 14.9778287332258 0.0 0.0 0.0 
1 404 14.9778287332258 0.0 0.0 0.0 
1 405 14.9778287332258 0.0 0.0 0.0 
1 406 14.9778287332258 0.0 0.0 0.0 
1 407 14.9778287332258 0.0 0.0 0.0 
1 408 14.9778287332258 0.0 0.0 0.0 
1 409 14.9778287332258 0.0 0.0 0.0 
1 410 14.9778287332258 0.0 0.0 0.0 
1 411 14.9778287332258 0.0 0.0 0.0 
1 412 14.9778287332258 0.0 0.0 0.0 
1 413 14.9778287332258 0.0 0.0 0.0 
1 414 14.9778287332258 0.0 0.0 0.0 
1 415 14.9778287332258 0.0 0.0 0.0 
1 416 14.9778287332258 0.0 0.0 0.0 
1 417 14.9778287332258 0.0 0.0 0.0 
1 418 14.9778287332258 0.0 0.0 0.0 
1 419 14.9778287332258 0.0 0.0 0.0 
1 420 14.9778287332258 0.0 0.0 0.0 
1 421 14.9778287332258 0.0 0.0 0.0 
1 422 14.9778287332258 0.0 0.0 0.0 
1 423 14.9778287332258 0.0 0.0 0.0 
1 424 14.9778287332258 0.0 0.0 0.0 
1 425 14.9778287332258 0.0 0.0 0.0 
1 426 14.9778287332258 0.0 0.0 0.0 
1 427 14.9778287332258 0.0 0.0 0.0 
1 428 14.9778287332258 0.0 0.0 0.0 
1 429 14.9778287332258 0.0 0.0 0.0 
1 430 14.9778287332258 0.0 0.0 0.0 
1 431 14.9778287332258 0.0 0.0 0.0 
1 432 14.9778287332258 0.0 0.0 0.0 
1 433 14.9778287332258 0.0 0.0 0.0 
1 434 14.9778287332258 0.0 0.0 0.0 
1 435 14.9778287332258 0.0 0.0 0.0 
1 436 14.9778287332258 0.0 0.0 0.0 
1 437 14.9778287332258 0.0 0.0 0.0 
1 438 14.9778287332258 0.0 0.0 0.0 
1 439 14.9778287332258 0.0 0.0 0.0 
1 440 14.9778287332258 0.0 0.0 0.0 
1 441 14.9778287332258 0.0 0.0 0.0 
1 442 14.9778287332258 0.0 0.0 0.0 
1 443 14.9778287332258 0.0 0.0 0.0 
1 444 14.9778287332258 0.0 0.0 0.0 
1 445 14.9778287332258 0.0 0.0 0.0 
1 446 14.9778287332258 0.0 0.0 0.0 
1 447 14.9778287332258 0.0 0.0 0.0 
1 448 14.9778287332258 0.0 0.0 0.0 
1 449 14.9778287332258 0.0 0.0 0.0 
1 450 14.9778287332258 0.0 0.0 0.0 
1 451 14.9778287332258 0.0 0.0 0.0 
1 452 14.9778287332258 0.0 0.0 0.0 
1 453 14.9778287332258 0.0 0.0 0.0 
1 454 14.9778287332258 0.0 0.0 0.0 
1 455 14.9778287332258 0.0 0.0 0.0 
1 456 14.9778287332258 0.0 0.0 0.0 
1 457 14.9778287332258 0.0 0.0 0.0 
1 458 14.9778287332258 0.0 0.0 0.0 
1 459 14.9778287332258 0.0 0.0 0.0 
1 460 14.9778287332258 0.0 0.0 0.0 
1 461 14.9778287332258 0.0 0.0 0.0 
1 462 14.9778287332258 0.0 0.0 0.0 
1 463 14.9778287332258 0.0 0.0 0.0 
1 464 14.9778287332258 0.0 0.0 0.0 
1 465 14.9778287332258 0.0 0.0 0.0 
1 466 14.9778287332258 0.0 0.0 0.0 
1 467 14.9778287332258 0.0 0.0 0.0 
1 468 14.9778287332258 0.0 0.0 0.0 
1 469 14.9778287332258 0.0 0.0 0.0 
1 470 14.9778287332258 0.0 0.0 0.0 
1 471 14.9778287332258 0.0 0.0 0.0 
1 472 14.9778287332258 0.0 0.0 0.0 
1 473 14.9778287332258 0.0 0.0 0.0 
1 474 14.9778287332258 0.0 0.0 0.0 
1 475 14.9778287332258 0.0 0.0 0.0 
1 476 14.9778287332258 0.0 0.0 0.0 
1 477 14.9778287332258 0.0 0.0 0.0 
1 478 14.9778287332258 0.0 0.0 0.0 
1 479 14.9778287332258 0.0 0.0 0.0 
1 480 14.9778287332258 0.0 0.0 0.0 
1 481 14.9778287332258 0.0 0.0 0.0 
1 482 14.9778287332258 0.0 0.0 0.0 
1 483 14.9778287332258 0.0 0.0 0.0 
1 484 14.9778287332258 0.0 0.0 0.0 
1 485 14.9778287332258 0.0 0.0 0.0 
1 486 14.9778287332258 0.0 0.0 0.0 
1 487 14.9778287332258 0.0 0.0 0.0 
1 488 14.9778287332258 0.0 0.0 0.0 
1 489 14.9778287332258 0.0 0.0 0.0 
1 490 14.9778287332258 0.0 0.0 0.0 
1 491 14.9778287332258 0.0 0.0 0.0 
1 492 14.9778287332258 0.0 0.0 0.0 
1 493 14.9778287332258 0.0 0.0 0.0 
1 494 14.9778287332258 0.0 0.0 0.0 
1 495 14.9778287332258 0.0 0.0 0.0 
1 496 14.9778287332258 0.0 0.0 0.0 
1 497 14.9778287332258 0.0 0.0 0.0 
1 498 14.9778287332258 0.0 0.0 0.0 
1 499 14.9778287332258 0.0 0.0 0.0 
1 500 14.9778287332258 0.0 0.0 0.0 
1 501 14.9778287332258 0.0 0.0 0.0 
1 502 14.9778287332258 0.0 0.0 0.0 
1 503 14.9778287332258 0.0 0.0 0.0 
1 504 14.9778287332258 0.0 0.0 0.0 
1 505 14.9778287332258 0.0 0.0 0.0 
1 506 14.9778287332258 0.0 0.0 0.0 
1 507 14.9778287332258 0.0 0.0 0.0 
1 508 14.9778287332258 0.0 0.0 0.0 
1 509 14.9778287332258 0.0 0.0 0.0 
1 510 14.9778287332258 0.0 0.0 0.0 
1 511 14.9778287332258 0.0 0.0 0.0 
1 512 14.9778287332258 0.0 0.0 0.0 
1 513 14.9778287332258 0.0 0.0 0.0 
1 514 14.9778287332258 0.0 0.0 0.0 
1 515 14.9778287332258 0.0 0.0 0.0 
1 516 14.9778287332258 0.0 0.0 0.0 
1 517 14.9778287332258 0.0 0.0 0.0 
1 518 14.9778287332258 0.0 0.0 0.0 
1 519 14.9778287332258 0.0 0.0 0.0 
1 520 14.9778287332258 0.0 0.0 0.0 
1 521 14.9778287332258 0.0 0.0 0.0 
1 522 14.9778287332258 0.0 0.0 0.0 
1 523 14.9778287332258 0.0 0.0 0.0 
1 524 14.9778287332258 0.0 0.0 0.0 
1 525 14.9778287332258 0.0 0.0 0.0 
1 526 14.9778287332258 0.0 0.0 0.0 
1 527 14.9778287332258 0.0 0.0 0.0 
1 528 14.9778287332258 0.0 0.0 0.0 
1 529 14.9778287332258 0.0 0.0 0.0 
1 530 14.9778287332258 0.0 0.0 0.0 
1 531 14.9778287332258 0.0 0.0 0.0 
1 532 14.9778287332258 0.0 0.0 0.0 
1 533 14.9778287332258 0.0 0.0 0.0 
1 534 14.9778287332258 0.0 0.0 0.0 
1 535 14.9778287332258 0.0 0.0 0.0 
1 536 14.9778287332258 0.0 0.0 0.0 
1 537 14.9778287332258 0.0 0.0 0.0 
1 538 14.9778287332258 0.0 0.0 0.0 
1 539 14.9778287332258 0.0 0.0 0.0 
1 540 14.9778287332258 0.0 0.0 0.0 
1 541 14.9778287332258 0.0 0.0 0.0 
1 542 14.9778287332258 0.0 0.0 0.0 
1 543 14.9778287332258 0.0 0.0 0.0 
1 544 14.9778287332258 0.0 0.0 0.0 
1 545 14.9778287332258 0.0 0.0 0.0 
1 546 14.9778287332258 0.0 0.0 0.0 
1 547 14.9778287332258 0.0 0.0 0.0 
1 548 14.9778287332258 0.0 0.0 0.0 
1 549 14.9778287332258 0.0 0.0 0.0 
1 550 14.9778287332258 0.0 0.0 0.0 
1 551 14.9778287332258 0.0 0.0 0.0 
1 552 14.9778287332258 0.0 0.0 0.0 
1 553 14.9778287332258 0.0 0.0 0.0 
1 554 14.9778287332258 0.0 0.0 0.0 
1 555 14.9778287332258 0.0 0.0 0.0 
1 556 14.9778287332258 0.0 0.0 0.0 
1 557 14.9778287332258 0.0 0.0 0.0 
1 558 14.9778287332258 0.0 0.0 0.0 
1 559 14.9778287332258 0.0 0.0 0.0 
1 560 14.9778287332258 0.0 0.0 0.0 
1 561 14.9778287332258 0.0 0.0 0.0 
1 562 14.9778287332258 0.0 0.0 0.0 
1 563 14.9778287332258 0.0 0.0 0.0 
1 564 14.9778287332258 0.0 0.0 0.0 
1 565 14.9778287332258 0.0 0.0 0.0 
1 566 14.9778287332258 0.0 0.0 0.0 
1 567 14.9778287332258 0.0 0.0 0.0 
1 568 14.9778287332258 0.0 0.0 0.0 
1 569 14.9778287332258 0.0 0.0 0.0 
1 570 14.9778287332258 0.0 0.0 0.0 
1 571 14.9778287332258 0.0 0.0 0.0 
1 572 14.9778287332258 0.0 0.0 0.0 
1 573 14.9778287332258 0.0 0.0 0.0 
1 574 14.9778287332258 0.0 0.0 0.0 
1 575 14.9778287332258 0.0 0.0 0.0 
1 576 14.9778287332258 0.0 0.0 0.0 
1 577 14.9778287332258 0.0 0.0 0.0 
1 578 14.9778287332258 0.0 0.0 0.0 
1 579 14.9778287332258 0.0 0.0 0.0 
1 580 14.9778287332258 0.0 0.0 0.0 
1 581 14.9778287332258 0.0 0.0 0.0 
1 582 14.9778287332258 0.0 0.0 0.0 
1 583 14.9778287332258 0.0 0.0 0.0 
1 584 14.9778287332258 0.0 0.0 0.0 
1 585 14.9778287332258 0.0 0.0 0.0 
1 586 14.9778287332258 0.0 0.0 0.0 
1 587 14.9778287332258 0.0 0.0 0.0 
1 588 14.9778287332258 0.0 0.0 0.0 
1 589 14.9778287332258 0.0 0.0 0.0 
1 590 14.9778287332258 0.0 0.0 0.0 
1 591 14.9778287332258 0.0 0.0 0.0 
1 592 14.9778287332258 0.0 0.0 0.0 
1 593 14.9778287332258 0.0 0.0 0.0 
1 594 14.9778287332258 0.0 0.0 0.0 
1 595 14.9778287332258 0.0 0.0 0.0 
1 596 14.9778287332258 0.0 0.0 0.0 
1 597 14.9778287332258 0.0 0.0 0.0 
1 598 14.9778287332258 0.0 0.0 0.0 
1 599 14.9778287332258 0.0 0.0 0.0 
1 600 14.9778287332258 0.0 0.0 0.0 
1 601 14.9778287332258 0.0 0.0 0.0 
1 602 14.9778287332258 0.0 0.0 0.0 
1 603 14.9778287332258 0.0 0.0 0.0 
1 604 14.9778287332258 0.0 0.0 0.0 
1 605 14.9778287332258 0.0 0.0 0.0 
1 606 14.9778287332258 0.0 0.0 0.0 
1 607 14.9778287332258 0.0 0.0 0.0 
1 608 14.9778287332258 0.0 0.0 0.0 
1 609 14.9778287332258 0.0 0.0 0.0 
1 610 14.9778287332258 0.0 0.0 0.0 
1 611 14.9778287332258 0.0 0.0 0.0 
1 612 14.9778287332258 0.0 0.0 0.0 
1 613 14.9778287332258 0.0 0.0 0.0 
1 614 14.9778287332258 0.0 0.0 0.0 
1 615 14.9778287332258 0.0 0.0 0.0 
1 616 14.9778287332258 0.0 0.0 0.0 
1 617 14.9778287332258 0.0 0.0 0.0 
1 618 14.9778287332258 0.0 0.0 0.0 
1 619 14.9778287332258 0.0 0.0 0.0 
1 620 14.9778287332258 0.0 0.0 0.0 
1 621 14.9778287332258 0.0 0.0 0.0 
1 622 14.9778287332258 0.0 0.0 0.0 
1 623 14.9778287332258 0.0 0.0 0.0 
1 624 14.9778287332258 0.0 0.0 0.0 
1 625 14.9778287332258 0.0 0.0 0.0 
1 626 14.9778287332258 0.0 0.0 0.0 
1 627 14.9778287332258 0.0 0.0 0.0 
1 628 14.9778287332258 0.0 0.0 0.0 
1 629 14.9778287332258 0.0 0.0 0.0 
1 630 14.9778287332258 0.0 0.0 0.0 
1 631 14.9778287332258 0.0 0.0 0.0 
1 632 14.9778287332258 0.0 0.0 0.0 
1 633 14.9778287332258 0.0 0.0 0.0 
1 634 14.9778287332258 0.0 0.0 0.0 
1 635 14.9778287332258 0.0 0.0 0.0 
1 636 14.9778287332258 0.0 0.0 0.0 
1 637 14.9778287332258 0.0 0.0 0.0 
1 638 14.9778287332258 0.0 0.0 0.0 
1 639 14.9778287332258 0.0 0.0 0.0 
1 640 14.9778287332258 0.0 0.0 0.0 
1 641 14.9778287332258 0.0 0.0 0.0 
1 642 14.9778287332258 0.0 0.0 0.0 
1 643 14.9778287332258 0.0 0.0 0.0 
1 644 14.9778287332258 0.0 0.0 0.0 
1 645 14.9778287332258 0.0 0.0 0.0 
1 646 14.9778287332258 0.0 0.0 0.0 
1 647 14.9778287332258 0.0 0.0 0.0 
1 648 14.9778287332258 0.0 0.0 0.0 
1 649 14.9778287332258 0.0 0.0 0.0 
1 650 14.9778287332258 0.0 0.0 0.0 
1 651 14.9778287332258 0.0 0.0 0.0 
1 652 14.9778287332258 0.0 0.0 0.0 
1 653 14.9778287332258 0.0 0.0 0.0 
1 654 14.9778287332258 0.0 0.0 0.0 
1 655 14.9778287332258 0.0 0.0 0.0 
1 656 14.9778287332258 0.0 0.0 0.0 
1 657 14.9778287332258 0.0 0.0 0.0 
1 658 14.9778287332258 0.0 0.0 0.0 
1 659 14.9778287332258 0.0 0.0 0.0 
1 660 14.9778287332258 0.0 0.0 0.0 
1 661 14.9778287332258 0.0 0.0 0.0 
1 662 14.9778287332258 0.0 0.0 0.0 
1 663 14.9778287332258 0.0 0.0 0.0 
1 664 14.9778287332258 0.0 0.0 0.0 
1 665 14.9778287332258 0.0 0.0 0.0 
1 666 14.9778287332258 0.0 0.0 0.0 
1 667 14.9778287332258 0.0 0.0 0.0 
1 668 14.9778287332258 0.0 0.0 0.0 
1 669 14.9778287332258 0.0 0.0 0.0 
1 670 14.9778287332258 0.0 0.0 0.0 
1 671 14.9778287332258 0.0 0.0 0.0 
1 672 14.9778287332258 0.0 0.0 0.0 
1 673 14.9778287332258 0.0 0.0 0.0 
1 674 14.9778287332258 0.0 0.0 0.0 
1 675 14.9778287332258 0.0 0.0 0.0 
1 676 14.9778287332258 0.0 0.0 0.0 
1 677 14.9778287332258 0.0 0.0 0.0 
1 678 14.9778287332258 0.0 0.0 0.0 
1 679 14.9778287332258 0.0 0.0 0.0 
1 680 14.9778287332258 0.0 0.0 0.0 
1 681 14.9778287332258 0.0 0.0 0.0 
1 682 14.9778287332258 0.0 0.0 0.0 
1 683 14.9778287332258 0.0 0.0 0.0 
1 684 14.9778287332258 0.0 0.0 0.0 
1 685 14.9778287332258 0.0 0.0 0.0 
1 686 14.9778287332258 0.0 0.0 0.0 
1 687 14.9778287332258 0.0 0.0 0.0 
1 688 14.9778287332258 0.0 0.0 0.0 
1 689 14.9778287332258 0.0 0.0 0.0 
1 690 14.9778287332258 0.0 0.0 0.0 
1 691 14.9778287332258 0.0 0.0 0.0 
1 692 14.9778287332258 0.0 0.0 0.0 
1 693 14.9778287332258 0.0 0.0 0.0 
1 694 14.9778287332258 0.0 0.0 0.0 
1 695 14.9778287332258 0.0 0.0 0.0 
1 696 14.9778287332258 0.0 0.0 0.0 
1 697 14.9778287332258 0.0 0.0 0.0 
1 698 14.9778287332258 0.0 0.0 0.0 
1 699 14.9778287332258 0.0 0.0 0.0 
1 700 14.9778287332258 0.0 0.0 0.0 
1 701 14.9778287332258 0.0 0.0 0.0 
1 702 14.9778287332258 0.0 0.0 0.0 
1 703 14.9778287332258 0.0 0.0 0.0 
1 704 14.9778287332258 0.0 0.0 0.0 
1 705 14.9778287332258 0.0 0.0 0.0 
1 706 14.9778287332258 0.0 0.0 0.0 
1 707 14.9778287332258 0.0 0.0 0.0 
1 708 14.9778287332258 0.0 0.0 0.0 
1 709 14.9778287332258 0.0 0.0 0.0 
1 710 14.9778287332258 0.0 0.0 0.0 
1 711 14.9778287332258 0.0 0.0 0.0 
1 712 14.9778287332258 0.0 0.0 0.0 
1 713 14.9778287332258 0.0 0.0 0.0 
1 714 14.9778287332258 0.0 0.0 0.0 
1 715 14.9778287332258 0.0 0.0 0.0 
1 716 14.9778287332258 0.0 0.0 0.0 
1 717 14.9778287332258 0.0 0.0 0.0 
1 718 14.9778287332258 0.0 0.0 0.0 
1 719 14.9778287332258 0.0 0.0 0.0 
1 720 14.9778287332258 0.0 0.0 0.0 
1 721 14.9778287332258 0.0 0.0 0.0 
1 722 14.9778287332258 0.0 0.0 0.0 
1 723 14.9778287332258 0.0 0.0 0.0 
1 724 14.9778287332258 0.0 0.0 0.0 
1 725 14.9778287332258 0.0 0.0 0.0 
1 726 14.9778287332258 0.0 0.0 0.0 
1 727 14.9778287332258 0.0 0.0 0.0 
1 728 14.9778287332258 0.0 0.0 0.0 
1 729 14.9778287332258 0.0 0.0 0.0 
1 730 14.9778287332258 0.0 0.0 0.0 
1 731 14.9778287332258 0.0 0.0 0.0 
1 732 14.9778287332258 0.0 0.0 0.0 
1 733 14.9778287332258 0.0 0.0 0.0 
1 734 14.9778287332258 0.0 0.0 0.0 
1 735 14.9778287332258 0.0 0.0 0.0 
1 736 14.9778287332258 0.0 0.0 0.0 
1 737 14.9778287332258 0.0 0.0 0.0 
1 738 14.9778287332258 0.0 0.0 0.0 
1 739 14.9778287332258 0.0 0.0 0.0 
1 740 14.9778287332258 0.0 0.0 0.0 
1 741 14.9778287332258 0.0 0.0 0.0 
1 742 14.9778287332258 0.0 0.0 0.0 
1 743 14.9778287332258 0.0 0.0 0.0 
1 744 14.9778287332258 0.0 0.0 0.0 
1 745 14.9778287332258 0.0 0.0 0.0 
1 746 14.9778287332258 0.0 0.0 0.0 
1 747 14.9778287332258 0.0 0.0 0.0 
1 748 14.9778287332258 0.0 0.0 0.0 
1 749 14.9778287332258 0.0 0.0 0.0 
1 750 14.9778287332258 0.0 0.0 0.0 
1 751 14.9778287332258 0.0 0.0 0.0 
1 752 14.9778287332258 0.0 0.0 0.0 
1 753 14.9778287332258 0.0 0.0 0.0 
1 754 14.9778287332258 0.0 0.0 0.0 
1 755 14.9778287332258 0.0 0.0 0.0 
1 756 14.9778287332258 0.0 0.0 0.0 
1 757 14.9778287332258 0.0 0.0 0.0 
1 758 14.9778287332258 0.0 0.0 0.0 
1 759 14.9778287332258 0.0 0.0 0.0 
1 760 14.9778287332258 0.0 0.0 0.0 
1 761 14.9778287332258 0.0 0.0 0.0 
1 762 14.9778287332258 0.0 0.0 0.0 
1 763 14.9778287332258 0.0 0.0 0.0 
1 764 14.9778287332258 0.0 0.0 0.0 
1 765 14.9778287332258 0.0 0.0 0.0 
1 766 14.9778287332258 0.0 0.0 0.0 
1 767 14.9778287332258 0.0 0.0 0.0 
1 768 14.9778287332258 0.0 0.0 0.0 
1 769 14.9778287332258 0.0 0.0 0.0 
1 770 14.9778287332258 0.0 0.0 0.0 
1 771 14.9778287332258 0.0 0.0 0.0 
1 772 14.9778287332258 0.0 0.0 0.0 
1 773 14.9778287332258 0.0 0.0 0.0 
1 774 14.9778287332258 0.0 0.0 0.0 
1 775 14.9778287332258 0.0 0.0 0.0 
1 776 14.9778287332258 0.0 0.0 0.0 
1 777 14.9778287332258 0.0 0.0 0.0 
1 778 14.9778287332258 0.0 0.0 0.0 
1 779 14.9778287332258 0.0 0.0 0.0 
1 780 14.9778287332258 0.0 0.0 0.0 
1 781 14.9778287332258 0.0 0.0 0.0 
1 782 14.9778287332258 0.0 0.0 0.0 
1 783 14.9778287332258 0.0 0.0 0.0 
1 784 14.9778287332258 0.0 0.0 0.0 
1 785 14.9778287332258 0.0 0.0 0.0 
1 786 14.9778287332258 0.0 0.0 0.0 
1 787 14.9778287332258 0.0 0.0 0.0 
1 788 14.9778287332258 0.0 0.0 0.0 
1 789 14.9778287332258 0.0 0.0 0.0 
1 790 14.9778287332258 0.0 0.0 0.0 
1 791 14.9778287332258 0.0 0.0 0.0 
1 792 14.9778287332258 0.0 0.0 0.0 
1 793 14.9778287332258 0.0 0.0 0.0 
1 794 14.9778287332258 0.0 0.0 0.0 
1 795 14.9778287332258 0.0 0.0 0.0 
1 796 14.9778287332258 0.0 0.0 0.0 
1 797 14.9778287332258 0.0 0.0 0.0 
1 798 14.9778287332258 0.0 0.0 0.0 
1 799 14.9778287332258 0.0 0.0 0.0 
1 800 14.9778287332258 0.0 0.0 0.0 
1 801 14.9778287332258 0.0 0.0 0.0 
1 802 14.9778287332258 0.0 0.0 0.0 
1 803 14.9778287332258 0.0 0.0 0.0 
1 804 14.9778287332258 0.0 0.0 0.0 
1 805 14.9778287332258 0.0 0.0 0.0 
1 806 14.9778287332258 0.0 0.0 0.0 
1 807 14.9778287332258 0.0 0.0 0.0 
1 808 14.9778287332258 0.0 0.0 0.0 
1 809 14.9778287332258 0.0 0.0 0.0 
1 810 14.9778287332258 0.0 0.0 0.0 
1 811 14.9778287332258 0.0 0.0 0.0 
1 812 14.9778287332258 0.0 0.0 0.0 
1 813 14.9778287332258 0.0 0.0 0.0 
1 814 14.9778287332258 0.0 0.0 0.0 
1 815 14.9778287332258 0.0 0.0 0.0 
1 816 14.9778287332258 0.0 0.0 0.0 
1 817 14.9778287332258 0.0 0.0 0.0 
1 818 14.9778287332258 0.0 0.0 0.0 
1 819 14.9778287332258 0.0 0.0 0.0 
1 820 14.9778287332258 0.0 0.0 0.0 
1 821 14.9778287332258 0.0 0.0 0.0 
1 822 14.9778287332258 0.0 0.0 0.0 
1 823 14.9778287332258 0.0 0.0 0.0 
1 824 14.9778287332258 0.0 0.0 0.0 
1 825 14.9778287332258 0.0 0.0 0.0 
1 826 14.9778287332258 0.0 0.0 0.0 
1 827 14.9778287332258 0.0 0.0 0.0 
1 828 14.9778287332258 0.0 0.0 0.0 
1 829 14.9778287332258 0.0 0.0 0.0 
1 830 14.9778287332258 0.0 0.0 0.0 
1 831 14.9778287332258 0.0 0.0 0.0 
1 832 14.9778287332258 0.0 0.0 0.0 
1 833 14.9778287332258 0.0 0.0 0.0 
1 834 14.9778287332258 0.0 0.0 0.0 
1 835 14.9778287332258 0.0 0.0 0.0 
1 836 14.9778287332258 0.0 0.0 0.0 
1 837 14.9778287332258 0.0 0.0 0.0 
1 838 14.9778287332258 0.0 0.0 0.0 
1 839 14.9778287332258 0.0 0.0 0.0 
1 840 14.9778287332258 0.0 0.0 0.0 
1 841 14.9778287332258 0.0 0.0 0.0 
1 842 14.9778287332258 0.0 0.0 0.0 
1 843 14.9778287332258 0.0 0.0 0.0 
1 844 14.9778287332258 0.0 0.0 0.0 
1 845 14.9778287332258 0.0 0.0 0.0 
1 846 14.9778287332258 0.0 0.0 0.0 
1 847 14.9778287332258 0.0 0.0 0.0 
1 848 14.9778287332258 0.0 0.0 0.0 
1 849 14.9778287332258 0.0 0.0 0.0 
1 850 14.9778287332258 0.0 0.0 0.0 
1 851 14.9778287332258 0.0 0.0 0.0 
1 852 14.9778287332258 0.0 0.0 0.0 
1 853 14.9778287332258 0.0 0.0 0.0 
1 854 14.9778287332258 0.0 0.0 0.0 
1 855 14.9778287332258 0.0 0.0 0.0 
1 856 14.9778287332258 0.0 0.0 0.0 
1 857 14.9778287332258 0.0 0.0 0.0 
1 858 14.9778287332258 0.0 0.0 0.0 
1 859 14.9778287332258 0.0 0.0 0.0 
1 860 14.9778287332258 0.0 0.0 0.0 
1 861 14.9778287332258 0.0 0.0 0.0 
1 862 14.9778287332258 0.0 0.0 0.0 
1 863 14.9778287332258 0.0 0.0 0.0 
1 864 14.9778287332258 0.0 0.0 0.0 
1 865 14.9778287332258 0.0 0.0 0.0 
1 866 14.9778287332258 0.0 0.0 0.0 
1 867 14.9778287332258 0.0 0.0 0.0 
1 868 14.9778287332258 0.0 0.0 0.0 
1 869 14.9778287332258 0.0 0.0 0.0 
1 870 14.9778287332258 0.0 0.0 0.0 
1 871 14.9778287332258 0.0 0.0 0.0 
1 872 14.9778287332258 0.0 0.0 0.0 
1 873 14.9778287332258 0.0 0.0 0.0 
1 874 14.9778287332258 0.0 0.0 0.0 
1 875 14.9778287332258 0.0 0.0 0.0 
1 876 14.9778287332258 0.0 0.0 0.0 
1 877 14.9778287332258 0.0 0.0 0.0 
1 878 14.9778287332258 0.0 0.0 0.0 
1 879 14.9778287332258 0.0 0.0 0.0 
1 880 14.9778287332258 0.0 0.0 0.0 
1 881 14.9778287332258 0.0 0.0 0.0 
1 882 14.9778287332258 0.0 0.0 0.0 
1 883 14.9778287332258 0.0 0.0 0.0 
1 884 14.9778287332258 0.0 0.0 0.0 
1 885 14.9778287332258 0.0 0.0 0.0 
1 886 14.9778287332258 0.0 0.0 0.0 
1 887 14.9778287332258 0.0 0.0 0.0 
1 888 14.9778287332258 0.0 0.0 0.0 
1 889 14.9778287332258 0.0 0.0 0.0 
1 890 14.9778287332258 0.0 0.0 0.0 
1 891 14.9778287332258 0.0 0.0 0.0 
1 892 14.9778287332258 0.0 0.0 0.0 
1 893 14.9778287332258 0.0 0.0 0.0 
1 894 14.9778287332258 0.0 0.0 0.0 
1 895 14.9778287332258 0.0 0.0 0.0 
1 896 14.9778287332258 0.0 0.0 0.0 
1 897 14.9778287332258 0.0 0.0 0.0 
1 898 14.9778287332258 0.0 0.0 0.0 
1 899 14.9778287332258 0.0 0.0 0.0 
1 900 14.9778287332258 0.0 0.0 0.0 
1 901 14.9778287332258 0.0 0.0 0.0 
1 902 14.9778287332258 0.0 0.0 0.0 
1 903 14.9778287332258 0.0 0.0 0.0 
1 904 14.9778287332258 0.0 0.0 0.0 
1 905 14.9778287332258 0.0 0.0 0.0 
1 906 14.9778287332258 0.0 0.0 0.0 
1 907 14.9778287332258 0.0 0.0 0.0 
1 908 14.9778287332258 0.0 0.0 0.0 
1 909 14.9778287332258 0.0 0.0 0.0 
1 910 14.9778287332258 0.0 0.0 0.0 
1 911 14.9778287332258 0.0 0.0 0.0 
1 912 14.9778287332258 0.0 0.0 0.0 
1 913 14.9778287332258 0.0 0.0 0.0 
1 914 14.9778287332258 0.0 0.0 0.0 
1 915 14.9778287332258 0.0 0.0 0.0 
1 916 14.9778287332258 0.0 0.0 0.0 
1 917 14.9778287332258 0.0 0.0 0.0 
1 918 14.9778287332258 0.0 0.0 0.0 
1 919 14.9778287332258 0.0 0.0 0.0 
1 920 14.9778287332258 0.0 0.0 0.0 
1 921 14.9778287332258 0.0 0.0 0.0 
1 922 14.9778287332258 0.0 0.0 0.0 
1 923 14.9778287332258 0.0 0.0 0.0 
1 924 14.9778287332258 0.0 0.0 0.0 
1 925 14.9778287332258 0.0 0.0 0.0 
1 926 14.9778287332258 0.0 0.0 0.0 
1 927 14.9778287332258 0.0 0.0 0.0 
1 928 14.9778287332258 0.0 0.0 0.0 
1 929 14.9778287332258 0.0 0.0 0.0 
1 930 14.9778287332258 0.0 0.0 0.0 
1 931 14.9778287332258 0.0 0.0 0.0 
1 932 14.9778287332258 0.0 0.0 0.0 
1 933 14.9778287332258 0.0 0.0 0.0 
1 934 14.9778287332258 0.0 0.0 0.0 
1 935 14.9778287332258 0.0 0.0 0.0 
1 936 14.9778287332258 0.0 0.0 0.0 
1 937 14.9778287332258 0.0 0.0 0.0 
1 938 14.9778287332258 0.0 0.0 0.0 
1 939 14.9778287332258 0.0 0.0 0.0 
1 940 14.9778287332258 0.0 0.0 0.0 
1 941 14.9778287332258 0.0 0.0 0.0 
1 942 14.9778287332258 0.0 0.0 0.0 
1 943 14.9778287332258 0.0 0.0 0.0 
1 944 14.9778287332258 0.0 0.0 0.0 
1 945 14.9778287332258 0.0 0.0 0.0 
1 946 14.9778287332258 0.0 0.0 0.0 
1 947 14.9778287332258 0.0 0.0 0.0 
1 948 14.9778287332258 0.0 0.0 0.0 
1 949 14.9778287332258 0.0 0.0 0.0 
1 950 14.9778287332258 0.0 0.0 0.0 
1 951 14.9778287332258 0.0 0.0 0.0 
1 952 14.9778287332258 0.0 0.0 0.0 
1 953 14.9778287332258 0.0 0.0 0.0 
1 954 14.9778287332258 0.0 0.0 0.0 
1 955 14.9778287332258 0.0 0.0 0.0 
1 956 14.9778287332258 0.0 0.0 0.0 
1 957 14.9778287332258 0.0 0.0 0.0 
5 1 45.9016465208065 0.0 0.0 0.0 
5 2 45.9016465208065 0.0 0.0 0.0 
5 3 45.9016465208065 0.0 0.0 0.0 
5 4 45.9016465208065 0.0 0.0 0.0 
5 5 45.9016465208065 0.0 0.0 0.0 
5 6 45.9016465208065 0.0 0.0 0.0 
5 7 45.9016465208065 0.0 0.0 0.0 
5 8 45.9016465208065 0.0 0.0 0.0 
5 9 45.9016465208065 0.0 0.0 0.0 
5 10 45.9016465208065 0.0 0.0 0.0 
5 11 45.9016465208065 0.0 0.0 0.0 
5 12 45.9016465208065 0.0 0.0 0.0 
5 13 45.9016465208065 0.0 0.0 0.0 
5 14 45.9016465208065 0.0 0.0 0.0 
5 15 45.9016465208065 0.0 0.0 0.0 
5 16 45.9016465208065 0.0 0.0 0.0 
5 17 45.9016465208065 0.0 0.0 0.0 
5 18 45.9016465208065 0.0 0.0 0.0 
5 19 45.9016465208065 0.0 0.0 0.0 
5 20 45.9016465208065 0.0 0.0 0.0 
5 21 45.9016465208065 0.0 0.0 0.0 
5 22 45.9016465208065 0.0 0.0 0.0 
5 23 45.9016465208065 0.0 0.0 0.0 
5 24 45.9016465208065 0.0 0.0 0.0 
5 25 45.9016465208065 0.0 0.0 0.0 
5 26 45.9016465208065 0.0 0.0 0.0 
5 27 45.9016465208065 0.0 0.0 0.0 
5 28 45.9016465208065 0.0 0.0 0.0 
5 29 45.9016465208065 0.0 0.0 0.0 
5 30 45.9016465208065 0.0 0.0 0.0 
5 31 45.9016465208065 0.0 0.0 0.0 
5 32 45.9016465208065 0.0 0.0 0.0 
5 33 45.9016465208065 0.0 0.0 0.0 
5 34 45.9016465208065 0.0 0.0 0.0 
5 35 45.9016465208065 0.0 0.0 0.0 
5 36 45.9016465208065 0.0 0.0 0.0 
5 37 45.9016465208065 0.0 0.0 0.0 
5 38 45.9016465208065 0.0 0.0 0.0 
5 39 45.9016465208065 0.0 0.0 0.0 
5 40 45.9016465208065 0.0 0.0 0.0 
5 41 45.9016465208065 0.0 0.0 0.0 
5 42 45.9016465208065 0.0 0.0 0.0 
5 43 45.9016465208065 0.0 0.0 0.0 
5 44 45.9016465208065 0.0 0.0 0.0 
5 45 45.9016465208065 0.0 0.0 0.0 
5 46 45.9016465208065 0.0 0.0 0.0 
5 47 45.9016465208065 0.0 0.0 0.0 
5 48 45.9016465208065 0.0 0.0 0.0 
5 49 45.9016465208065 0.0 0.0 0.0 
5 50 45.9016465208065 0.0 0.0 0.0 
5 51 45.9016465208065 0.0 0.0 0.0 
5 52 45.9016465208065 0.0 0.0 0.0 
5 53 45.9016465208065 0.0 0.0 0.0 
5 54 45.9016465208065 0.0 0.0 0.0 
5 55 45.9016465208065 0.0 0.0 0.0 
5 56 45.9016465208065 0.0 0.0 0.0 
5 57 45.9016465208065 0.0 0.0 0.0 
5 58 45.9016465208065 0.0 0.0 0.0 
5 59 45.9016465208065 0.0 0.0 0.0 
5 60 45.9016465208065 0.0 0.0 0.0 
5 61 45.9016465208065 0.0 0.0 0.0 
5 62 45.9016465208065 0.0 0.0 0.0 
5 63 45.9016465208065 0.0 0.0 0.0 
5 64 45.9016465208065 0.0 0.0 0.0 
5 65 45.9016465208065 0.0 0.0 0.0 
5 66 45.9016465208065 0.0 0.0 0.0 
5 67 45.9016465208065 0.0 0.0 0.0 
5 68 45.9016465208065 0.0 0.0 0.0 
5 69 45.9016465208065 0.0 0.0 0.0 
5 70 45.9016465208065 0.0 0.0 0.0 
5 71 45.9016465208065 0.0 0.0 0.0 
5 72 45.9016465208065 0.0 0.0 0.0 
5 73 45.9016465208065 0.0 0.0 0.0 
5 74 45.9016465208065 0.0 0.0 0.0 
5 75 45.9016465208065 0.0 0.0 0.0 
5 76 45.9016465208065 0.0 0.0 0.0 
5 77 45.9016465208065 0.0 0.0 0.0 
5 78 45.9016465208065 0.0 0.0 0.0 
5 79 45.9016465208065 0.0 0.0 0.0 
5 80 45.9016465208065 0.0 0.0 0.0 
5 81 45.9016465208065 0.0 0.0 0.0 
5 82 45.9016465208065 0.0 0.0 0.0 
5 83 45.9016465208065 0.0 0.0 0.0 
5 84 45.9016465208065 0.0 0.0 0.0 
5 85 45.9016465208065 0.0 0.0 0.0 
5 86 45.9016465208065 0.0 0.0 0.0 
5 87 45.9016465208065 0.0 0.0 0.0 
5 88 45.9016465208065 0.0 0.0 0.0 
5 89 45.9016465208065 0.0 0.0 0.0 
5 90 45.9016465208065 0.0 0.0 0.0 
5 91 45.9016465208065 0.0 0.0 0.0 
5 92 45.9016465208065 0.0 0.0 0.0 
5 93 45.9016465208065 0.0 0.0 0.0 
5 94 45.9016465208065 0.0 0.0 0.0 
5 95 45.9016465208065 0.0 0.0 0.0 
5 96 45.9016465208065 0.0 0.0 0.0 
5 97 45.9016465208065 0.0 0.0 0.0 
5 98 45.9016465208065 0.0 0.0 0.0 
5 99 45.9016465208065 0.0 0.0 0.0 
5 100 45.9016465208065 0.0 0.0 0.0 
5 101 45.9016465208065 0.0 0.0 0.0 
5 102 45.9016465208065 0.0 0.0 0.0 
5 103 45.9016465208065 0.0 0.0 0.0 
5 104 45.9016465208065 0.0 0.0 0.0 
5 105 45.9016465208065 0.0 0.0 0.0 
5 106 45.9016465208065 0.0 0.0 0.0 
5 107 45.9016465208065 0.0 0.0 0.0 
5 108 45.9016465208065 0.0 0.0 0.0 
5 109 45.9016465208065 0.0 0.0 0.0 
5 110 45.9016465208065 0.0 0.0 0.0 
5 111 45.9016465208065 0.0 0.0 0.0 
5 112 45.9016465208065 0.0 0.0 0.0 
5 113 45.9016465208065 0.0 0.0 0.0 
5 114 45.9016465208065 0.0 0.0 0.0 
5 115 45.9016465208065 0.0 0.0 0.0 
5 116 45.9016465208065 0.0 0.0 0.0 
5 117 45.9016465208065 0.0 0.0 0.0 
5 118 45.9016465208065 0.0 0.0 0.0 
5 119 45.9016465208065 0.0 0.0 0.0 
5 120 45.9016465208065 0.0 0.0 0.0 
5 121 45.9016465208065 0.0 0.0 0.0 
5 122 45.9016465208065 0.0 0.0 0.0 
5 123 45.9016465208065 0.0 0.0 0.0 
5 124 45.9016465208065 0.0 0.0 0.0 
5 125 45.9016465208065 0.0 0.0 0.0 
5 126 45.9016465208065 0.0 0.0 0.0 
5 127 45.9016465208065 0.0 0.0 0.0 
5 128 45.9016465208065 0.0 0.0 0.0 
5 129 45.9016465208065 0.0 0.0 0.0 
5 130 45.9016465208065 0.0 0.0 0.0 
5 131 45.9016465208065 0.0 0.0 0.0 
5 132 45.9016465208065 0.0 0.0 0.0 
5 133 45.9016465208065 0.0 0.0 0.0 
5 134 45.9016465208065 0.0 0.0 0.0 
5 135 45.9016465208065 0.0 0.0 0.0 
5 136 45.9016465208065 0.0 0.0 0.0 
5 137 45.9016465208065 0.0 0.0 0.0 
5 138 45.9016465208065 0.0 0.0 0.0 
5 139 45.9016465208065 0.0 0.0 0.0 
5 140 45.9016465208065 0.0 0.0 0.0 
5 141 45.9016465208065 0.0 0.0 0.0 
5 142 45.9016465208065 0.0 0.0 0.0 
5 143 45.9016465208065 0.0 0.0 0.0 
5 144 45.9016465208065 0.0 0.0 0.0 
5 145 45.9016465208065 0.0 0.0 0.0 
5 146 45.9016465208065 0.0 0.0 0.0 
5 147 45.9016465208065 0.0 0.0 0.0 
5 148 45.9016465208065 0.0 0.0 0.0 
5 149 45.9016465208065 0.0 0.0 0.0 
5 150 45.9016465208065 0.0 0.0 0.0 
5 151 45.9016465208065 0.0 0.0 0.0 
5 152 45.9016465208065 0.0 0.0 0.0 
5 153 45.9016465208065 0.0 0.0 0.0 
5 154 45.9016465208065 0.0 0.0 0.0 
5 155 45.9016465208065 0.0 0.0 0.0 
5 156 45.9016465208065 0.0 0.0 0.0 
5 157 45.9016465208065 0.0 0.0 0.0 
5 158 45.9016465208065 0.0 0.0 0.0 
5 159 45.9016465208065 0.0 0.0 0.0 
5 160 45.9016465208065 0.0 0.0 0.0 
5 161 45.9016465208065 0.0 0.0 0.0 
5 162 45.9016465208065 0.0 0.0 0.0 
5 163 45.9016465208065 0.0 0.0 0.0 
5 164 45.9016465208065 0.0 0.0 0.0 
5 165 45.9016465208065 0.0 0.0 0.0 
5 166 45.9016465208065 0.0 0.0 0.0 
5 167 45.9016465208065 0.0 0.0 0.0 
5 168 45.9016465208065 0.0 0.0 0.0 
5 169 45.9016465208065 0.0 0.0 0.0 
5 170 45.9016465208065 0.0 0.0 0.0 
5 171 45.9016465208065 0.0 0.0 0.0 
5 172 45.9016465208065 0.0 0.0 0.0 
5 173 45.9016465208065 0.0 0.0 0.0 
5 174 45.9016465208065 0.0 0.0 0.0 
5 175 45.9016465208065 0.0 0.0 0.0 
5 176 45.9016465208065 0.0 0.0 0.0 
5 177 45.9016465208065 0.0 0.0 0.0 
5 178 45.9016465208065 0.0 0.0 0.0 
5 179 45.9016465208065 0.0 0.0 0.0 
5 180 45.9016465208065 0.0 0.0 0.0 
5 181 45.9016465208065 0.0 0.0 0.0 
5 182 45.9016465208065 0.0 0.0 0.0 
5 183 45.9016465208065 0.0 0.0 0.0 
5 184 45.9016465208065 0.0 0.0 0.0 
5 185 45.9016465208065 0.0 0.0 0.0 
5 186 45.9016465208065 0.0 0.0 0.0 
5 187 45.9016465208065 0.0 0.0 0.0 
5 188 45.9016465208065 0.0 0.0 0.0 
5 189 45.9016465208065 0.0 0.0 0.0 
5 190 45.9016465208065 0.0 0.0 0.0 
5 191 45.9016465208065 0.0 0.0 0.0 
5 192 45.9016465208065 0.0 0.0 0.0 
5 193 45.9016465208065 0.0 0.0 0.0 
5 194 45.9016465208065 0.0 0.0 0.0 
5 195 45.9016465208065 0.0 0.0 0.0 
5 196 45.9016465208065 0.0 0.0 0.0 
5 197 45.9016465208065 0.0 0.0 0.0 
5 198 45.9016465208065 0.0 0.0 0.0 
5 199 45.9016465208065 0.0 0.0 0.0 
5 200 45.9016465208065 0.0 0.0 0.0 
5 201 45.9016465208065 0.0 0.0 0.0 
5 202 45.9016465208065 0.0 0.0 0.0 
5 203 45.9016465208065 0.0 0.0 0.0 
5 204 45.9016465208065 0.0 0.0 0.0 
5 205 45.9016465208065 0.0 0.0 0.0 
5 206 45.9016465208065 0.0 0.0 0.0 
5 207 45.9016465208065 0.0 0.0 0.0 
5 208 45.9016465208065 0.0 0.0 0.0 
5 209 45.9016465208065 0.0 0.0 0.0 
5 210 45.9016465208065 0.0 0.0 0.0 
5 211 45.9016465208065 0.0 0.0 0.0 
5 212 45.9016465208065 0.0 0.0 0.0 
5 213 45.9016465208065 0.0 0.0 0.0 
5 214 45.9016465208065 0.0 0.0 0.0 
5 215 45.9016465208065 0.0 0.0 0.0 
5 216 45.9016465208065 0.0 0.0 0.0 
5 217 45.9016465208065 0.0 0.0 0.0 
5 218 45.9016465208065 0.0 0.0 0.0 
5 219 45.9016465208065 0.0 0.0 0.0 
5 220 45.9016465208065 0.0 0.0 0.0 
5 221 45.9016465208065 0.0 0.0 0.0 
5 222 45.9016465208065 0.0 0.0 0.0 
5 223 45.9016465208065 0.0 0.0 0.0 
5 224 45.9016465208065 0.0 0.0 0.0 
5 225 45.9016465208065 0.0 0.0 0.0 
5 226 45.9016465208065 0.0 0.0 0.0 
5 227 45.9016465208065 0.0 0.0 0.0 
5 228 45.9016465208065 0.0 0.0 0.0 
5 229 45.9016465208065 0.0 0.0 0.0 
5 230 45.9016465208065 0.0 0.0 0.0 
5 231 45.9016465208065 0.0 0.0 0.0 
5 232 45.9016465208065 0.0 0.0 0.0 
5 233 45.9016465208065 0.0 0.0 0.0 
5 234 45.9016465208065 0.0 0.0 0.0 
5 235 45.9016465208065 0.0 0.0 0.0 
5 236 45.9016465208065 0.0 0.0 0.0 
5 237 45.9016465208065 0.0 0.0 0.0 
5 238 45.9016465208065 0.0 0.0 0.0 
5 239 45.9016465208065 0.0 0.0 0.0 
5 240 45.9016465208065 0.0 0.0 0.0 
5 241 45.9016465208065 0.0 0.0 0.0 
5 242 45.9016465208065 0.0 0.0 0.0 
5 243 45.9016465208065 0.0 0.0 0.0 
5 244 45.9016465208065 0.0 0.0 0.0 
5 245 45.9016465208065 0.0 0.0 0.0 
5 246 45.9016465208065 0.0 0.0 0.0 
5 247 45.9016465208065 0.0 0.0 0.0 
5 248 45.9016465208065 0.0 0.0 0.0 
5 249 45.9016465208065 0.0 0.0 0.0 
5 250 45.9016465208065 0.0 0.0 0.0 
5 251 45.9016465208065 0.0 0.0 0.0 
5 252 45.9016465208065 0.0 0.0 0.0 
5 253 45.9016465208065 0.0 0.0 0.0 
5 254 45.9016465208065 0.0 0.0 0.0 
5 255 45.9016465208065 0.0 0.0 0.0 
5 256 45.9016465208065 0.0 0.0 0.0 
5 257 45.9016465208065 0.0 0.0 0.0 
5 258 45.9016465208065 0.0 0.0 0.0 
5 259 45.9016465208065 0.0 0.0 0.0 
5 260 45.9016465208065 0.0 0.0 0.0 
5 261 45.9016465208065 0.0 0.0 0.0 
5 262 45.9016465208065 0.0 0.0 0.0 
5 263 45.9016465208065 0.0 0.0 0.0 
5 264 45.9016465208065 0.0 0.0 0.0 
5 265 45.9016465208065 0.0 0.0 0.0 
5 266 45.9016465208065 0.0 0.0 0.0 
5 267 45.9016465208065 0.0 0.0 0.0 
5 268 45.9016465208065 0.0 0.0 0.0 
5 269 45.9016465208065 0.0 0.0 0.0 
5 270 45.9016465208065 0.0 0.0 0.0 
5 271 45.9016465208065 0.0 0.0 0.0 
5 272 45.9016465208065 0.0 0.0 0.0 
5 273 45.9016465208065 0.0 0.0 0.0 
5 274 45.9016465208065 0.0 0.0 0.0 
5 275 45.9016465208065 0.0 0.0 0.0 
5 276 45.9016465208065 0.0 0.0 0.0 
5 277 45.9016465208065 0.0 0.0 0.0 
5 278 45.9016465208065 0.0 0.0 0.0 
5 279 45.9016465208065 0.0 0.0 0.0 
5 280 45.9016465208065 0.0 0.0 0.0 
5 281 45.9016465208065 0.0 0.0 0.0 
5 282 45.9016465208065 0.0 0.0 0.0 
5 283 45.9016465208065 0.0 0.0 0.0 
5 284 45.9016465208065 0.0 0.0 0.0 
5 285 45.9016465208065 0.0 0.0 0.0 
5 286 45.9016465208065 0.0 0.0 0.0 
5 287 45.9016465208065 0.0 0.0 0.0 
5 288 45.9016465208065 0.0 0.0 0.0 
5 289 45.9016465208065 0.0 0.0 0.0 
5 290 45.9016465208065 0.0 0.0 0.0 
5 291 45.9016465208065 0.0 0.0 0.0 
5 292 45.9016465208065 0.0 0.0 0.0 
5 293 45.9016465208065 0.0 0.0 0.0 
5 294 45.9016465208065 0.0 0.0 0.0 
5 295 45.9016465208065 0.0 0.0 0.0 
5 296 45.9016465208065 0.0 0.0 0.0 
5 297 45.9016465208065 0.0 0.0 0.0 
5 298 45.9016465208065 0.0 0.0 0.0 
5 299 45.9016465208065 0.0 0.0 0.0 
5 300 45.9016465208065 0.0 0.0 0.0 
5 301 45.9016465208065 0.0 0.0 0.0 
5 302 45.9016465208065 0.0 0.0 0.0 
5 303 45.9016465208065 0.0 0.0 0.0 
5 304 45.9016465208065 0.0 0.0 0.0 
5 305 45.9016465208065 0.0 0.0 0.0 
5 306 45.9016465208065 0.0 0.0 0.0 
5 307 45.9016465208065 0.0 0.0 0.0 
5 308 45.9016465208065 0.0 0.0 0.0 
5 309 45.9016465208065 0.0 0.0 0.0 
5 310 45.9016465208065 0.0 0.0 0.0 
5 311 45.9016465208065 0.0 0.0 0.0 
5 312 45.9016465208065 0.0 0.0 0.0 
5 313 45.9016465208065 0.0 0.0 0.0 
5 314 45.9016465208065 0.0 0.0 0.0 
5 315 45.9016465208065 0.0 0.0 0.0 
5 316 45.9016465208065 0.0 0.0 0.0 
5 317 45.9016465208065 0.0 0.0 0.0 
5 318 45.9016465208065 0.0 0.0 0.0 
5 319 45.9016465208065 0.0 0.0 0.0 
5 320 45.9016465208065 0.0 0.0 0.0 
5 321 45.9016465208065 0.0 0.0 0.0 
5 322 45.9016465208065 0.0 0.0 0.0 
5 323 45.9016465208065 0.0 0.0 0.0 
5 324 45.9016465208065 0.0 0.0 0.0 
5 325 45.9016465208065 0.0 0.0 0.0 
5 326 45.9016465208065 0.0 0.0 0.0 
5 327 45.9016465208065 0.0 0.0 0.0 
5 328 45.9016465208065 0.0 0.0 0.0 
5 329 45.9016465208065 0.0 0.0 0.0 
5 330 45.9016465208065 0.0 0.0 0.0 
5 331 45.9016465208065 0.0 0.0 0.0 
5 332 45.9016465208065 0.0 0.0 0.0 
5 333 45.9016465208065 0.0 0.0 0.0 
5 334 45.9016465208065 0.0 0.0 0.0 
5 335 45.9016465208065 0.0 0.0 0.0 
5 336 45.9016465208065 0.0 0.0 0.0 
5 337 45.9016465208065 0.0 0.0 0.0 
5 338 45.9016465208065 0.0 0.0 0.0 
5 339 45.9016465208065 0.0 0.0 0.0 
5 340 45.9016465208065 0.0 0.0 0.0 
5 341 45.9016465208065 0.0 0.0 0.0 
5 342 45.9016465208065 0.0 0.0 0.0 
5 343 45.9016465208065 0.0 0.0 0.0 
5 344 45.9016465208065 0.0 0.0 0.0 
5 345 45.9016465208065 0.0 0.0 0.0 
5 346 45.9016465208065 0.0 0.0 0.0 
5 347 45.9016465208065 0.0 0.0 0.0 
5 348 45.9016465208065 0.0 0.0 0.0 
5 349 45.9016465208065 0.0 0.0 0.0 
5 350 45.9016465208065 0.0 0.0 0.0 
5 351 45.9016465208065 0.0 0.0 0.0 
5 352 45.9016465208065 0.0 0.0 0.0 
5 353 45.9016465208065 0.0 0.0 0.0 
5 354 45.9016465208065 0.0 0.0 0.0 
5 355 45.9016465208065 0.0 0.0 0.0 
5 356 45.9016465208065 0.0 0.0 0.0 
5 357 45.9016465208065 0.0 0.0 0.0 
5 358 45.9016465208065 0.0 0.0 0.0 
5 359 45.9016465208065 0.0 0.0 0.0 
5 360 45.9016465208065 0.0 0.0 0.0 
5 361 45.9016465208065 0.0 0.0 0.0 
5 362 45.9016465208065 0.0 0.0 0.0 
5 363 45.9016465208065 0.0 0.0 0.0 
5 364 45.9016465208065 0.0 0.0 0.0 
5 365 45.9016465208065 0.0 0.0 0.0 
5 366 45.9016465208065 0.0 0.0 0.0 
5 367 45.9016465208065 0.0 0.0 0.0 
5 368 45.9016465208065 0.0 0.0 0.0 
5 369 45.9016465208065 0.0 0.0 0.0 
5 370 45.9016465208065 0.0 0.0 0.0 
5 371 45.9016465208065 0.0 0.0 0.0 
5 372 45.9016465208065 0.0 0.0 0.0 
5 373 45.9016465208065 0.0 0.0 0.0 
5 374 45.9016465208065 0.0 0.0 0.0 
5 375 45.9016465208065 0.0 0.0 0.0 
5 376 45.9016465208065 0.0 0.0 0.0 
5 377 45.9016465208065 0.0 0.0 0.0 
5 378 45.9016465208065 0.0 0.0 0.0 
5 379 45.9016465208065 0.0 0.0 0.0 
5 380 45.9016465208065 0.0 0.0 0.0 
5 381 45.9016465208065 0.0 0.0 0.0 
5 382 45.9016465208065 0.0 0.0 0.0 
5 383 45.9016465208065 0.0 0.0 0.0 
5 384 45.9016465208065 0.0 0.0 0.0 
5 385 45.9016465208065 0.0 0.0 0.0 
5 386 45.9016465208065 0.0 0.0 0.0 
5 387 45.9016465208065 0.0 0.0 0.0 
5 388 45.9016465208065 0.0 0.0 0.0 
5 389 45.9016465208065 0.0 0.0 0.0 
5 390 45.9016465208065 0.0 0.0 0.0 
5 391 45.9016465208065 0.0 0.0 0.0 
5 392 45.9016465208065 0.0 0.0 0.0 
5 393 45.9016465208065 0.0 0.0 0.0 
5 394 45.9016465208065 0.0 0.0 0.0 
5 395 45.9016465208065 0.0 0.0 0.0 
5 396 45.9016465208065 0.0 0.0 0.0 
5 397 45.9016465208065 0.0 0.0 0.0 
5 398 45.9016465208065 0.0 0.0 0.0 
5 399 45.9016465208065 0.0 0.0 0.0 
5 400 45.9016465208065 0.0 0.0 0.0 
5 401 45.9016465208065 0.0 0.0 0.0 
5 402 45.9016465208065 0.0 0.0 0.0 
5 403 45.9016465208065 0.0 0.0 0.0 
5 404 45.9016465208065 0.0 0.0 0.0 
5 405 45.9016465208065 0.0 0.0 0.0 
5 406 45.9016465208065 0.0 0.0 0.0 
5 407 45.9016465208065 0.0 0.0 0.0 
5 408 45.9016465208065 0.0 0.0 0.0 
5 409 45.9016465208065 0.0 0.0 0.0 
5 410 45.9016465208065 0.0 0.0 0.0 
5 411 45.9016465208065 0.0 0.0 0.0 
5 412 45.9016465208065 0.0 0.0 0.0 
5 413 45.9016465208065 0.0 0.0 0.0 
5 414 45.9016465208065 0.0 0.0 0.0 
5 415 45.9016465208065 0.0 0.0 0.0 
5 416 45.9016465208065 0.0 0.0 0.0 
5 417 45.9016465208065 0.0 0.0 0.0 
5 418 45.9016465208065 0.0 0.0 0.0 
5 419 45.9016465208065 0.0 0.0 0.0 
5 420 45.9016465208065 0.0 0.0 0.0 
5 421 45.9016465208065 0.0 0.0 0.0 
5 422 45.9016465208065 0.0 0.0 0.0 
5 423 45.9016465208065 0.0 0.0 0.0 
5 424 45.9016465208065 0.0 0.0 0.0 
5 425 45.9016465208065 0.0 0.0 0.0 
5 426 45.9016465208065 0.0 0.0 0.0 
5 427 45.9016465208065 0.0 0.0 0.0 
5 428 45.9016465208065 0.0 0.0 0.0 
5 429 45.9016465208065 0.0 0.0 0.0 
5 430 45.9016465208065 0.0 0.0 0.0 
5 431 45.9016465208065 0.0 0.0 0.0 
5 432 45.9016465208065 0.0 0.0 0.0 
5 433 45.9016465208065 0.0 0.0 0.0 
5 434 45.9016465208065 0.0 0.0 0.0 
5 435 45.9016465208065 0.0 0.0 0.0 
5 436 45.9016465208065 0.0 0.0 0.0 
5 437 45.9016465208065 0.0 0.0 0.0 
5 438 45.9016465208065 0.0 0.0 0.0 
5 439 45.9016465208065 0.0 0.0 0.0 
5 440 45.9016465208065 0.0 0.0 0.0 
5 441 45.9016465208065 0.0 0.0 0.0 
5 442 45.9016465208065 0.0 0.0 0.0 
5 443 45.9016465208065 0.0 0.0 0.0 
5 444 45.9016465208065 0.0 0.0 0.0 
5 445 45.9016465208065 0.0 0.0 0.0 
5 446 45.9016465208065 0.0 0.0 0.0 
5 447 45.9016465208065 0.0 0.0 0.0 
5 448 45.9016465208065 0.0 0.0 0.0 
5 449 45.9016465208065 0.0 0.0 0.0 
5 450 45.9016465208065 0.0 0.0 0.0 
5 451 45.9016465208065 0.0 0.0 0.0 
5 452 45.9016465208065 0.0 0.0 0.0 
5 453 45.9016465208065 0.0 0.0 0.0 
5 454 45.9016465208065 0.0 0.0 0.0 
5 455 45.9016465208065 0.0 0.0 0.0 
5 456 45.9016465208065 0.0 0.0 0.0 
5 457 45.9016465208065 0.0 0.0 0.0 
5 458 45.9016465208065 0.0 0.0 0.0 
5 459 45.9016465208065 0.0 0.0 0.0 
5 460 45.9016465208065 0.0 0.0 0.0 
5 461 45.9016465208065 0.0 0.0 0.0 
5 462 45.9016465208065 0.0 0.0 0.0 
5 463 45.9016465208065 0.0 0.0 0.0 
5 464 45.9016465208065 0.0 0.0 0.0 
5 465 45.9016465208065 0.0 0.0 0.0 
5 466 45.9016465208065 0.0 0.0 0.0 
5 467 45.9016465208065 0.0 0.0 0.0 
5 468 45.9016465208065 0.0 0.0 0.0 
5 469 45.9016465208065 0.0 0.0 0.0 
5 470 45.9016465208065 0.0 0.0 0.0 
5 471 45.9016465208065 0.0 0.0 0.0 
5 472 45.9016465208065 0.0 0.0 0.0 
5 473 45.9016465208065 0.0 0.0 0.0 
5 474 45.9016465208065 0.0 0.0 0.0 
5 475 45.9016465208065 0.0 0.0 0.0 
5 476 45.9016465208065 0.0 0.0 0.0 
5 477 45.9016465208065 0.0 0.0 0.0 
5 478 45.9016465208065 0.0 0.0 0.0 
5 479 45.9016465208065 0.0 0.0 0.0 
5 480 45.9016465208065 0.0 0.0 0.0 
5 481 45.9016465208065 0.0 0.0 0.0 
5 482 45.9016465208065 0.0 0.0 0.0 
5 483 45.9016465208065 0.0 0.0 0.0 
5 484 45.9016465208065 0.0 0.0 0.0 
5 485 45.9016465208065 0.0 0.0 0.0 
5 486 45.9016465208065 0.0 0.0 0.0 
5 487 45.9016465208065 0.0 0.0 0.0 
5 488 45.9016465208065 0.0 0.0 0.0 
5 489 45.9016465208065 0.0 0.0 0.0 
5 490 45.9016465208065 0.0 0.0 0.0 
5 491 45.9016465208065 0.0 0.0 0.0 
5 492 45.9016465208065 0.0 0.0 0.0 
5 493 45.9016465208065 0.0 0.0 0.0 
5 494 45.9016465208065 0.0 0.0 0.0 
5 495 45.9016465208065 0.0 0.0 0.0 
5 496 45.9016465208065 0.0 0.0 0.0 
5 497 45.9016465208065 0.0 0.0 0.0 
5 498 45.9016465208065 0.0 0.0 0.0 
5 499 45.9016465208065 0.0 0.0 0.0 
5 500 45.9016465208065 0.0 0.0 0.0 
5 501 45.9016465208065 0.0 0.0 0.0 
5 502 45.9016465208065 0.0 0.0 0.0 
5 503 45.9016465208065 0.0 0.0 0.0 
5 504 45.9016465208065 0.0 0.0 0.0 
5 505 45.9016465208065 0.0 0.0 0.0 
5 506 45.9016465208065 0.0 0.0 0.0 
5 507 45.9016465208065 0.0 0.0 0.0 
5 508 45.9016465208065 0.0 0.0 0.0 
5 509 45.9016465208065 0.0 0.0 0.0 
5 510 45.9016465208065 0.0 0.0 0.0 
5 511 45.9016465208065 0.0 0.0 0.0 
5 512 45.9016465208065 0.0 0.0 0.0 
5 513 45.9016465208065 0.0 0.0 0.0 
5 514 45.9016465208065 0.0 0.0 0.0 
5 515 45.9016465208065 0.0 0.0 0.0 
5 516 45.9016465208065 0.0 0.0 0.0 
5 517 45.9016465208065 0.0 0.0 0.0 
5 518 45.9016465208065 0.0 0.0 0.0 
5 519 45.9016465208065 0.0 0.0 0.0 
5 520 45.9016465208065 0.0 0.0 0.0 
5 521 45.9016465208065 0.0 0.0 0.0 
5 522 45.9016465208065 0.0 0.0 0.0 
5 523 45.9016465208065 0.0 0.0 0.0 
5 524 45.9016465208065 0.0 0.0 0.0 
5 525 45.9016465208065 0.0 0.0 0.0 
5 526 45.9016465208065 0.0 0.0 0.0 
5 527 45.9016465208065 0.0 0.0 0.0 
5 528 45.9016465208065 0.0 0.0 0.0 
5 529 45.9016465208065 0.0 0.0 0.0 
5 530 45.9016465208065 0.0 0.0 0.0 
5 531 45.9016465208065 0.0 0.0 0.0 
5 532 45.9016465208065 0.0 0.0 0.0 
5 533 45.9016465208065 0.0 0.0 0.0 
5 534 45.9016465208065 0.0 0.0 0.0 
5 535 45.9016465208065 0.0 0.0 0.0 
5 536 45.9016465208065 0.0 0.0 0.0 
5 537 45.9016465208065 0.0 0.0 0.0 
5 538 45.9016465208065 0.0 0.0 0.0 
5 539 45.9016465208065 0.0 0.0 0.0 
5 540 45.9016465208065 0.0 0.0 0.0 
5 541 45.9016465208065 0.0 0.0 0.0 
5 542 45.9016465208065 0.0 0.0 0.0 
5 543 45.9016465208065 0.0 0.0 0.0 
5 544 45.9016465208065 0.0 0.0 0.0 
5 545 45.9016465208065 0.0 0.0 0.0 
5 546 45.9016465208065 0.0 0.0 0.0 
5 547 45.9016465208065 0.0 0.0 0.0 
5 548 45.9016465208065 0.0 0.0 0.0 
5 549 45.9016465208065 0.0 0.0 0.0 
5 550 45.9016465208065 0.0 0.0 0.0 
5 551 45.9016465208065 0.0 0.0 0.0 
5 552 45.9016465208065 0.0 0.0 0.0 
5 553 45.9016465208065 0.0 0.0 0.0 
5 554 45.9016465208065 0.0 0.0 0.0 
5 555 45.9016465208065 0.0 0.0 0.0 
5 556 45.9016465208065 0.0 0.0 0.0 
5 557 45.9016465208065 0.0 0.0 0.0 
5 558 45.9016465208065 0.0 0.0 0.0 
5 559 45.9016465208065 0.0 0.0 0.0 
5 560 45.9016465208065 0.0 0.0 0.0 
5 561 45.9016465208065 0.0 0.0 0.0 
5 562 45.9016465208065 0.0 0.0 0.0 
5 563 45.9016465208065 0.0 0.0 0.0 
5 564 45.9016465208065 0.0 0.0 0.0 
5 565 45.9016465208065 0.0 0.0 0.0 
5 566 45.9016465208065 0.0 0.0 0.0 
5 567 45.9016465208065 0.0 0.0 0.0 
5 568 45.9016465208065 0.0 0.0 0.0 
5 569 45.9016465208065 0.0 0.0 0.0 
5 570 45.9016465208065 0.0 0.0 0.0 
5 571 45.9016465208065 0.0 0.0 0.0 
5 572 45.9016465208065 0.0 0.0 0.0 
5 573 45.9016465208065 0.0 0.0 0.0 
5 574 45.9016465208065 0.0 0.0 0.0 
5 575 45.9016465208065 0.0 0.0 0.0 
5 576 45.9016465208065 0.0 0.0 0.0 
5 577 45.9016465208065 0.0 0.0 0.0 
5 578 45.9016465208065 0.0 0.0 0.0 
5 579 45.9016465208065 0.0 0.0 0.0 
5 580 45.9016465208065 0.0 0.0 0.0 
5 581 45.9016465208065 0.0 0.0 0.0 
5 582 45.9016465208065 0.0 0.0 0.0 
5 583 45.9016465208065 0.0 0.0 0.0 
5 584 45.9016465208065 0.0 0.0 0.0 
5 585 45.9016465208065 0.0 0.0 0.0 
5 586 45.9016465208065 0.0 0.0 0.0 
5 587 45.9016465208065 0.0 0.0 0.0 
5 588 45.9016465208065 0.0 0.0 0.0 
5 589 45.9016465208065 0.0 0.0 0.0 
5 590 45.9016465208065 0.0 0.0 0.0 
5 591 45.9016465208065 0.0 0.0 0.0 
5 592 45.9016465208065 0.0 0.0 0.0 
5 593 45.9016465208065 0.0 0.0 0.0 
5 594 45.9016465208065 0.0 0.0 0.0 
5 595 45.9016465208065 0.0 0.0 0.0 
5 596 45.9016465208065 0.0 0.0 0.0 
5 597 45.9016465208065 0.0 0.0 0.0 
5 598 45.9016465208065 0.0 0.0 0.0 
5 599 45.9016465208065 0.0 0.0 0.0 
5 600 45.9016465208065 0.0 0.0 0.0 
5 601 45.9016465208065 0.0 0.0 0.0 
5 602 45.9016465208065 0.0 0.0 0.0 
5 603 45.9016465208065 0.0 0.0 0.0 
5 604 45.9016465208065 0.0 0.0 0.0 
5 605 45.9016465208065 0.0 0.0 0.0 
5 606 45.9016465208065 0.0 0.0 0.0 
5 607 45.9016465208065 0.0 0.0 0.0 
5 608 45.9016465208065 0.0 0.0 0.0 
5 609 45.9016465208065 0.0 0.0 0.0 
5 610 45.9016465208065 0.0 0.0 0.0 
5 611 45.9016465208065 0.0 0.0 0.0 
5 612 45.9016465208065 0.0 0.0 0.0 
5 613 45.9016465208065 0.0 0.0 0.0 
5 614 45.9016465208065 0.0 0.0 0.0 
5 615 45.9016465208065 0.0 0.0 0.0 
5 616 45.9016465208065 0.0 0.0 0.0 
5 617 45.9016465208065 0.0 0.0 0.0 
5 618 45.9016465208065 0.0 0.0 0.0 
5 619 45.9016465208065 0.0 0.0 0.0 
5 620 45.9016465208065 0.0 0.0 0.0 
5 621 45.9016465208065 0.0 0.0 0.0 
5 622 45.9016465208065 0.0 0.0 0.0 
5 623 45.9016465208065 0.0 0.0 0.0 
5 624 45.9016465208065 0.0 0.0 0.0 
5 625 45.9016465208065 0.0 0.0 0.0 
5 626 45.9016465208065 0.0 0.0 0.0 
5 627 45.9016465208065 0.0 0.0 0.0 
5 628 45.9016465208065 0.0 0.0 0.0 
5 629 45.9016465208065 0.0 0.0 0.0 
5 630 45.9016465208065 0.0 0.0 0.0 
5 631 45.9016465208065 0.0 0.0 0.0 
5 632 45.9016465208065 0.0 0.0 0.0 
5 633 45.9016465208065 0.0 0.0 0.0 
5 634 45.9016465208065 0.0 0.0 0.0 
5 635 45.9016465208065 0.0 0.0 0.0 
5 636 45.9016465208065 0.0 0.0 0.0 
5 637 45.9016465208065 0.0 0.0 0.0 
5 638 45.9016465208065 0.0 0.0 0.0 
5 639 45.9016465208065 0.0 0.0 0.0 
5 640 45.9016465208065 0.0 0.0 0.0 
5 641 45.9016465208065 0.0 0.0 0.0 
5 642 45.9016465208065 0.0 0.0 0.0 
5 643 45.9016465208065 0.0 0.0 0.0 
5 644 45.9016465208065 0.0 0.0 0.0 
5 645 45.9016465208065 0.0 0.0 0.0 
5 646 45.9016465208065 0.0 0.0 0.0 
5 647 45.9016465208065 0.0 0.0 0.0 
5 648 45.9016465208065 0.0 0.0 0.0 
5 649 45.9016465208065 0.0 0.0 0.0 
5 650 45.9016465208065 0.0 0.0 0.0 
5 651 45.9016465208065 0.0 0.0 0.0 
5 652 45.9016465208065 0.0 0.0 0.0 
5 653 45.9016465208065 0.0 0.0 0.0 
5 654 45.9016465208065 0.0 0.0 0.0 
5 655 45.9016465208065 0.0 0.0 0.0 
5 656 45.9016465208065 0.0 0.0 0.0 
5 657 45.9016465208065 0.0 0.0 0.0 
5 658 45.9016465208065 0.0 0.0 0.0 
5 659 45.9016465208065 0.0 0.0 0.0 
5 660 45.9016465208065 0.0 0.0 0.0 
5 661 45.9016465208065 0.0 0.0 0.0 
5 662 45.9016465208065 0.0 0.0 0.0 
5 663 45.9016465208065 0.0 0.0 0.0 
5 664 45.9016465208065 0.0 0.0 0.0 
5 665 45.9016465208065 0.0 0.0 0.0 
5 666 45.9016465208065 0.0 0.0 0.0 
5 667 45.9016465208065 0.0 0.0 0.0 
5 668 45.9016465208065 0.0 0.0 0.0 
5 669 45.9016465208065 0.0 0.0 0.0 
5 670 45.9016465208065 0.0 0.0 0.0 
5 671 45.9016465208065 0.0 0.0 0.0 
5 672 45.9016465208065 0.0 0.0 0.0 
5 673 45.9016465208065 0.0 0.0 0.0 
5 674 45.9016465208065 0.0 0.0 0.0 
5 675 45.9016465208065 0.0 0.0 0.0 
5 676 45.9016465208065 0.0 0.0 0.0 
5 677 45.9016465208065 0.0 0.0 0.0 
5 678 45.9016465208065 0.0 0.0 0.0 
5 679 45.9016465208065 0.0 0.0 0.0 
5 680 45.9016465208065 0.0 0.0 0.0 
5 681 45.9016465208065 0.0 0.0 0.0 
5 682 45.9016465208065 0.0 0.0 0.0 
5 683 45.9016465208065 0.0 0.0 0.0 
5 684 45.9016465208065 0.0 0.0 0.0 
5 685 45.9016465208065 0.0 0.0 0.0 
5 686 45.9016465208065 0.0 0.0 0.0 
5 687 45.9016465208065 0.0 0.0 0.0 
5 688 45.9016465208065 0.0 0.0 0.0 
5 689 45.9016465208065 0.0 0.0 0.0 
5 690 45.9016465208065 0.0 0.0 0.0 
5 691 45.9016465208065 0.0 0.0 0.0 
5 692 45.9016465208065 0.0 0.0 0.0 
5 693 45.9016465208065 0.0 0.0 0.0 
5 694 45.9016465208065 0.0 0.0 0.0 
5 695 45.9016465208065 0.0 0.0 0.0 
5 696 45.9016465208065 0.0 0.0 0.0 
5 697 45.9016465208065 0.0 0.0 0.0 
5 698 45.9016465208065 0.0 0.0 0.0 
5 699 45.9016465208065 0.0 0.0 0.0 
5 700 45.9016465208065 0.0 0.0 0.0 
5 701 45.9016465208065 0.0 0.0 0.0 
5 702 45.9016465208065 0.0 0.0 0.0 
5 703 45.9016465208065 0.0 0.0 0.0 
5 704 45.9016465208065 0.0 0.0 0.0 
5 705 45.9016465208065 0.0 0.0 0.0 
5 706 45.9016465208065 0.0 0.0 0.0 
5 707 45.9016465208065 0.0 0.0 0.0 
5 708 45.9016465208065 0.0 0.0 0.0 
5 709 45.9016465208065 0.0 0.0 0.0 
5 710 45.9016465208065 0.0 0.0 0.0 
5 711 45.9016465208065 0.0 0.0 0.0 
5 712 45.9016465208065 0.0 0.0 0.0 
5 713 45.9016465208065 0.0 0.0 0.0 
5 714 45.9016465208065 0.0 0.0 0.0 
5 715 45.9016465208065 0.0 0.0 0.0 
5 716 45.9016465208065 0.0 0.0 0.0 
5 717 45.9016465208065 0.0 0.0 0.0 
5 718 45.9016465208065 0.0 0.0 0.0 
5 719 45.9016465208065 0.0 0.0 0.0 
5 720 45.9016465208065 0.0 0.0 0.0 
5 721 45.9016465208065 0.0 0.0 0.0 
5 722 45.9016465208065 0.0 0.0 0.0 
5 723 45.9016465208065 0.0 0.0 0.0 
5 724 45.9016465208065 0.0 0.0 0.0 
5 725 45.9016465208065 0.0 0.0 0.0 
5 726 45.9016465208065 0.0 0.0 0.0 
5 727 45.9016465208065 0.0 0.0 0.0 
5 728 45.9016465208065 0.0 0.0 0.0 
5 729 45.9016465208065 0.0 0.0 0.0 
5 730 45.9016465208065 0.0 0.0 0.0 
5 731 45.9016465208065 0.0 0.0 0.0 
5 732 45.9016465208065 0.0 0.0 0.0 
5 733 45.9016465208065 0.0 0.0 0.0 
5 734 45.9016465208065 0.0 0.0 0.0 
5 735 45.9016465208065 0.0 0.0 0.0 
5 736 45.9016465208065 0.0 0.0 0.0 
5 737 45.9016465208065 0.0 0.0 0.0 
5 738 45.9016465208065 0.0 0.0 0.0 
5 739 45.9016465208065 0.0 0.0 0.0 
5 740 45.9016465208065 0.0 0.0 0.0 
5 741 45.9016465208065 0.0 0.0 0.0 
5 742 45.9016465208065 0.0 0.0 0.0 
5 743 45.9016465208065 0.0 0.0 0.0 
5 744 45.9016465208065 0.0 0.0 0.0 
5 745 45.9016465208065 0.0 0.0 0.0 
5 746 45.9016465208065 0.0 0.0 0.0 
5 747 45.9016465208065 0.0 0.0 0.0 
5 748 45.9016465208065 0.0 0.0 0.0 
5 749 45.9016465208065 0.0 0.0 0.0 
5 750 45.9016465208065 0.0 0.0 0.0 
5 751 45.9016465208065 0.0 0.0 0.0 
5 752 45.9016465208065 0.0 0.0 0.0 
5 753 45.9016465208065 0.0 0.0 0.0 
5 754 45.9016465208065 0.0 0.0 0.0 
5 755 45.9016465208065 0.0 0.0 0.0 
5 756 45.9016465208065 0.0 0.0 0.0 
5 757 45.9016465208065 0.0 0.0 0.0 
5 758 45.9016465208065 0.0 0.0 0.0 
5 759 45.9016465208065 0.0 0.0 0.0 
5 760 45.9016465208065 0.0 0.0 0.0 
5 761 45.9016465208065 0.0 0.0 0.0 
5 762 45.9016465208065 0.0 0.0 0.0 
5 763 45.9016465208065 0.0 0.0 0.0 
5 764 45.9016465208065 0.0 0.0 0.0 
5 765 45.9016465208065 0.0 0.0 0.0 
5 766 45.9016465208065 0.0 0.0 0.0 
5 767 45.9016465208065 0.0 0.0 0.0 
5 768 45.9016465208065 0.0 0.0 0.0 
5 769 45.9016465208065 0.0 0.0 0.0 
5 770 45.9016465208065 0.0 0.0 0.0 
5 771 45.9016465208065 0.0 0.0 0.0 
5 772 45.9016465208065 0.0 0.0 0.0 
5 773 45.9016465208065 0.0 0.0 0.0 
5 774 45.9016465208065 0.0 0.0 0.0 
5 775 45.9016465208065 0.0 0.0 0.0 
5 776 45.9016465208065 0.0 0.0 0.0 
5 777 45.9016465208065 0.0 0.0 0.0 
5 778 45.9016465208065 0.0 0.0 0.0 
5 779 45.9016465208065 0.0 0.0 0.0 
5 780 45.9016465208065 0.0 0.0 0.0 
5 781 45.9016465208065 0.0 0.0 0.0 
5 782 45.9016465208065 0.0 0.0 0.0 
5 783 45.9016465208065 0.0 0.0 0.0 
5 784 45.9016465208065 0.0 0.0 0.0 
5 785 45.9016465208065 0.0 0.0 0.0 
5 786 45.9016465208065 0.0 0.0 0.0 
5 787 45.9016465208065 0.0 0.0 0.0 
5 788 45.9016465208065 0.0 0.0 0.0 
5 789 45.9016465208065 0.0 0.0 0.0 
5 790 45.9016465208065 0.0 0.0 0.0 
5 791 45.9016465208065 0.0 0.0 0.0 
5 792 45.9016465208065 0.0 0.0 0.0 
5 793 45.9016465208065 0.0 0.0 0.0 
5 794 45.9016465208065 0.0 0.0 0.0 
5 795 45.9016465208065 0.0 0.0 0.0 
5 796 45.9016465208065 0.0 0.0 0.0 
5 797 45.9016465208065 0.0 0.0 0.0 
5 798 45.9016465208065 0.0 0.0 0.0 
5 799 45.9016465208065 0.0 0.0 0.0 
5 800 45.9016465208065 0.0 0.0 0.0 
5 801 45.9016465208065 0.0 0.0 0.0 
5 802 45.9016465208065 0.0 0.0 0.0 
5 803 45.9016465208065 0.0 0.0 0.0 
5 804 45.9016465208065 0.0 0.0 0.0 
5 805 45.9016465208065 0.0 0.0 0.0 
5 806 45.9016465208065 0.0 0.0 0.0 
5 807 45.9016465208065 0.0 0.0 0.0 
5 808 45.9016465208065 0.0 0.0 0.0 
5 809 45.9016465208065 0.0 0.0 0.0 
5 810 45.9016465208065 0.0 0.0 0.0 
5 811 45.9016465208065 0.0 0.0 0.0 
5 812 45.9016465208065 0.0 0.0 0.0 
5 813 45.9016465208065 0.0 0.0 0.0 
5 814 45.9016465208065 0.0 0.0 0.0 
5 815 45.9016465208065 0.0 0.0 0.0 
5 816 45.9016465208065 0.0 0.0 0.0 
5 817 45.9016465208065 0.0 0.0 0.0 
5 818 45.9016465208065 0.0 0.0 0.0 
5 819 45.9016465208065 0.0 0.0 0.0 
5 820 45.9016465208065 0.0 0.0 0.0 
5 821 45.9016465208065 0.0 0.0 0.0 
5 822 45.9016465208065 0.0 0.0 0.0 
5 823 45.9016465208065 0.0 0.0 0.0 
5 824 45.9016465208065 0.0 0.0 0.0 
5 825 45.9016465208065 0.0 0.0 0.0 
5 826 45.9016465208065 0.0 0.0 0.0 
5 827 45.9016465208065 0.0 0.0 0.0 
5 828 45.9016465208065 0.0 0.0 0.0 
5 829 45.9016465208065 0.0 0.0 0.0 
5 830 45.9016465208065 0.0 0.0 0.0 
5 831 45.9016465208065 0.0 0.0 0.0 
5 832 45.9016465208065 0.0 0.0 0.0 
5 833 45.9016465208065 0.0 0.0 0.0 
5 834 45.9016465208065 0.0 0.0 0.0 
5 835 45.9016465208065 0.0 0.0 0.0 
5 836 45.9016465208065 0.0 0.0 0.0 
5 837 45.9016465208065 0.0 0.0 0.0 
5 838 45.9016465208065 0.0 0.0 0.0 
5 839 45.9016465208065 0.0 0.0 0.0 
5 840 45.9016465208065 0.0 0.0 0.0 
5 841 45.9016465208065 0.0 0.0 0.0 
5 842 45.9016465208065 0.0 0.0 0.0 
5 843 45.9016465208065 0.0 0.0 0.0 
5 844 45.9016465208065 0.0 0.0 0.0 
5 845 45.9016465208065 0.0 0.0 0.0 
5 846 45.9016465208065 0.0 0.0 0.0 
5 847 45.9016465208065 0.0 0.0 0.0 
5 848 45.9016465208065 0.0 0.0 0.0 
5 849 45.9016465208065 0.0 0.0 0.0 
5 850 45.9016465208065 0.0 0.0 0.0 
5 851 45.9016465208065 0.0 0.0 0.0 
5 852 45.9016465208065 0.0 0.0 0.0 
5 853 45.9016465208065 0.0 0.0 0.0 
5 854 45.9016465208065 0.0 0.0 0.0 
5 855 45.9016465208065 0.0 0.0 0.0 
5 856 45.9016465208065 0.0 0.0 0.0 
5 857 45.9016465208065 0.0 0.0 0.0 
5 858 45.9016465208065 0.0 0.0 0.0 
5 859 45.9016465208065 0.0 0.0 0.0 
5 860 45.9016465208065 0.0 0.0 0.0 
5 861 45.9016465208065 0.0 0.0 0.0 
5 862 45.9016465208065 0.0 0.0 0.0 
5 863 45.9016465208065 0.0 0.0 0.0 
5 864 45.9016465208065 0.0 0.0 0.0 
5 865 45.9016465208065 0.0 0.0 0.0 
5 866 45.9016465208065 0.0 0.0 0.0 
5 867 45.9016465208065 0.0 0.0 0.0 
5 868 45.9016465208065 0.0 0.0 0.0 
5 869 45.9016465208065 0.0 0.0 0.0 
5 870 45.9016465208065 0.0 0.0 0.0 
5 871 45.9016465208065 0.0 0.0 0.0 
5 872 45.9016465208065 0.0 0.0 0.0 
5 873 45.9016465208065 0.0 0.0 0.0 
5 874 45.9016465208065 0.0 0.0 0.0 
5 875 45.9016465208065 0.0 0.0 0.0 
5 876 45.9016465208065 0.0 0.0 0.0 
5 877 45.9016465208065 0.0 0.0 0.0 
5 878 45.9016465208065 0.0 0.0 0.0 
5 879 45.9016465208065 0.0 0.0 0.0 
5 880 45.9016465208065 0.0 0.0 0.0 
5 881 45.9016465208065 0.0 0.0 0.0 
5 882 45.9016465208065 0.0 0.0 0.0 
5 883 45.9016465208065 0.0 0.0 0.0 
5 884 45.9016465208065 0.0 0.0 0.0 
5 885 45.9016465208065 0.0 0.0 0.0 
5 886 45.9016465208065 0.0 0.0 0.0 
5 887 45.9016465208065 0.0 0.0 0.0 
5 888 45.9016465208065 0.0 0.0 0.0 
5 889 45.9016465208065 0.0 0.0 0.0 
5 890 45.9016465208065 0.0 0.0 0.0 
5 891 45.9016465208065 0.0 0.0 0.0 
5 892 45.9016465208065 0.0 0.0 0.0 
5 893 45.9016465208065 0.0 0.0 0.0 
5 894 45.9016465208065 0.0 0.0 0.0 
5 895 45.9016465208065 0.0 0.0 0.0 
5 896 45.9016465208065 0.0 0.0 0.0 
5 897 45.9016465208065 0.0 0.0 0.0 
5 898 45.9016465208065 0.0 0.0 0.0 
5 899 45.9016465208065 0.0 0.0 0.0 
5 900 45.9016465208065 0.0 0.0 0.0 
5 901 45.9016465208065 0.0 0.0 0.0 
5 902 45.9016465208065 0.0 0.0 0.0 
5 903 45.9016465208065 0.0 0.0 0.0 
5 904 45.9016465208065 0.0 0.0 0.0 
5 905 45.9016465208065 0.0 0.0 0.0 
5 906 45.9016465208065 0.0 0.0 0.0 
5 907 45.9016465208065 0.0 0.0 0.0 
5 908 45.9016465208065 0.0 0.0 0.0 
5 909 45.9016465208065 0.0 0.0 0.0 
5 910 45.9016465208065 0.0 0.0 0.0 
5 911 45.9016465208065 0.0 0.0 0.0 
5 912 45.9016465208065 0.0 0.0 0.0 
5 913 45.9016465208065 0.0 0.0 0.0 
5 914 45.9016465208065 0.0 0.0 0.0 
5 915 45.9016465208065 0.0 0.0 0.0 
5 916 45.9016465208065 0.0 0.0 0.0 
5 917 45.9016465208065 0.0 0.0 0.0 
5 918 45.9016465208065 0.0 0.0 0.0 
5 919 45.9016465208065 0.0 0.0 0.0 
5 920 45.9016465208065 0.0 0.0 0.0 
5 921 45.9016465208065 0.0 0.0 0.0 
5 922 45.9016465208065 0.0 0.0 0.0 
5 923 45.9016465208065 0.0 0.0 0.0 
5 924 45.9016465208065 0.0 0.0 0.0 
5 925 45.9016465208065 0.0 0.0 0.0 
5 926 45.9016465208065 0.0 0.0 0.0 
5 927 45.9016465208065 0.0 0.0 0.0 
5 928 45.9016465208065 0.0 0.0 0.0 
5 929 45.9016465208065 0.0 0.0 0.0 
5 930 45.9016465208065 0.0 0.0 0.0 
5 931 45.9016465208065 0.0 0.0 0.0 
5 932 45.9016465208065 0.0 0.0 0.0 
5 933 45.9016465208065 0.0 0.0 0.0 
5 934 45.9016465208065 0.0 0.0 0.0 
5 935 45.9016465208065 0.0 0.0 0.0 
5 936 45.9016465208065 0.0 0.0 0.0 
5 937 45.9016465208065 0.0 0.0 0.0 
5 938 45.9016465208065 0.0 0.0 0.0 
5 939 45.9016465208065 0.0 0.0 0.0 
5 940 45.9016465208065 0.0 0.0 0.0 
5 941 45.9016465208065 0.0 0.0 0.0 
5 942 45.9016465208065 0.0 0.0 0.0 
5 943 45.9016465208065 0.0 0.0 0.0 
5 944 45.9016465208065 0.0 0.0 0.0 
5 945 45.9016465208065 0.0 0.0 0.0 
5 946 45.9016465208065 0.0 0.0 0.0 
5 947 45.9016465208065 0.0 0.0 0.0 
5 948 45.9016465208065 0.0 0.0 0.0 
5 949 45.9016465208065 0.0 0.0 0.0 
5 950 45.9016465208065 0.0 0.0 0.0 
5 951 45.9016465208065 0.0 0.0 0.0 
5 952 45.9016465208065 0.0 0.0 0.0 
5 953 45.9016465208065 0.0 0.0 0.0 
5 954 45.9016465208065 0.0 0.0 0.0 
5 955 45.9016465208065 0.0 0.0 0.0 
5 956 45.9016465208065 0.0 0.0 0.0 
5 957 45.9016465208065 0.0 0.0 0.0 
