1 1 14.4503873725806 0.0 0.0 0.0 
1 2 14.4503873725806 0.0 0.0 0.0 
1 3 14.4503873725806 0.0 0.0 0.0 
1 4 14.4503873725806 0.0 0.0 0.0 
1 5 14.4503873725806 0.0 0.0 0.0 
1 6 14.4503873725806 0.0 0.0 0.0 
1 7 14.4503873725806 0.0 0.0 0.0 
1 8 14.4503873725806 0.0 0.0 0.0 
1 9 14.4503873725806 0.0 0.0 0.0 
1 10 14.4503873725806 0.0 0.0 0.0 
1 11 14.4503873725806 0.0 0.0 0.0 
1 12 14.4503873725806 0.0 0.0 0.0 
1 13 14.4503873725806 0.0 0.0 0.0 
1 14 14.4503873725806 0.0 0.0 0.0 
1 15 14.4503873725806 0.0 0.0 0.0 
1 16 14.4503873725806 0.0 0.0 0.0 
1 17 14.4503873725806 0.0 0.0 0.0 
1 18 14.4503873725806 0.0 0.0 0.0 
1 19 14.4503873725806 0.0 0.0 0.0 
1 20 14.4503873725806 0.0 0.0 0.0 
1 21 14.4503873725806 0.0 0.0 0.0 
1 22 14.4503873725806 0.0 0.0 0.0 
1 23 14.4503873725806 0.0 0.0 0.0 
1 24 14.4503873725806 0.0 0.0 0.0 
1 25 14.4503873725806 0.0 0.0 0.0 
1 26 14.4503873725806 0.0 0.0 0.0 
1 27 14.4503873725806 0.0 0.0 0.0 
1 28 14.4503873725806 0.0 0.0 0.0 
1 29 14.4503873725806 0.0 0.0 0.0 
1 30 14.4503873725806 0.0 0.0 0.0 
1 31 14.4503873725806 0.0 0.0 0.0 
1 32 14.4503873725806 0.0 0.0 0.0 
1 33 14.4503873725806 0.0 0.0 0.0 
1 34 14.4503873725806 0.0 0.0 0.0 
1 35 14.4503873725806 0.0 0.0 0.0 
1 36 14.4503873725806 0.0 0.0 0.0 
1 37 14.4503873725806 0.0 0.0 0.0 
1 38 14.4503873725806 0.0 0.0 0.0 
1 39 14.4503873725806 0.0 0.0 0.0 
1 40 14.4503873725806 0.0 0.0 0.0 
1 41 14.4503873725806 0.0 0.0 0.0 
1 42 14.4503873725806 0.0 0.0 0.0 
1 43 14.4503873725806 0.0 0.0 0.0 
1 44 14.4503873725806 0.0 0.0 0.0 
1 45 14.4503873725806 0.0 0.0 0.0 
1 46 14.4503873725806 0.0 0.0 0.0 
1 47 14.4503873725806 0.0 0.0 0.0 
1 48 14.4503873725806 0.0 0.0 0.0 
1 49 14.4503873725806 0.0 0.0 0.0 
1 50 14.4503873725806 0.0 0.0 0.0 
1 51 14.4503873725806 0.0 0.0 0.0 
1 52 14.4503873725806 0.0 0.0 0.0 
1 53 14.4503873725806 0.0 0.0 0.0 
1 54 14.4503873725806 0.0 0.0 0.0 
1 55 14.4503873725806 0.0 0.0 0.0 
1 56 14.4503873725806 0.0 0.0 0.0 
1 57 14.4503873725806 0.0 0.0 0.0 
1 58 14.4503873725806 0.0 0.0 0.0 
1 59 14.4503873725806 0.0 0.0 0.0 
1 60 14.4503873725806 0.0 0.0 0.0 
1 61 14.4503873725806 0.0 0.0 0.0 
1 62 14.4503873725806 0.0 0.0 0.0 
1 63 14.4503873725806 0.0 0.0 0.0 
1 64 14.4503873725806 0.0 0.0 0.0 
1 65 14.4503873725806 0.0 0.0 0.0 
1 66 14.4503873725806 0.0 0.0 0.0 
1 67 14.4503873725806 0.0 0.0 0.0 
1 68 14.4503873725806 0.0 0.0 0.0 
1 69 14.4503873725806 0.0 0.0 0.0 
1 70 14.4503873725806 0.0 0.0 0.0 
1 71 14.4503873725806 0.0 0.0 0.0 
1 72 14.4503873725806 0.0 0.0 0.0 
1 73 14.4503873725806 0.0 0.0 0.0 
1 74 14.4503873725806 0.0 0.0 0.0 
1 75 14.4503873725806 0.0 0.0 0.0 
1 76 14.4503873725806 0.0 0.0 0.0 
1 77 14.4503873725806 0.0 0.0 0.0 
1 78 14.4503873725806 0.0 0.0 0.0 
1 79 14.4503873725806 0.0 0.0 0.0 
1 80 14.4503873725806 0.0 0.0 0.0 
1 81 14.4503873725806 0.0 0.0 0.0 
1 82 14.4503873725806 0.0 0.0 0.0 
1 83 14.4503873725806 0.0 0.0 0.0 
1 84 14.4503873725806 0.0 0.0 0.0 
1 85 14.4503873725806 0.0 0.0 0.0 
1 86 14.4503873725806 0.0 0.0 0.0 
1 87 14.4503873725806 0.0 0.0 0.0 
1 88 14.4503873725806 0.0 0.0 0.0 
1 89 14.4503873725806 0.0 0.0 0.0 
1 90 14.4503873725806 0.0 0.0 0.0 
1 91 14.4503873725806 0.0 0.0 0.0 
1 92 14.4503873725806 0.0 0.0 0.0 
1 93 14.4503873725806 0.0 0.0 0.0 
1 94 14.4503873725806 0.0 0.0 0.0 
1 95 14.4503873725806 0.0 0.0 0.0 
1 96 14.4503873725806 0.0 0.0 0.0 
1 97 14.4503873725806 0.0 0.0 0.0 
1 98 14.4503873725806 0.0 0.0 0.0 
1 99 14.4503873725806 0.0 0.0 0.0 
1 100 14.4503873725806 0.0 0.0 0.0 
1 101 14.4503873725806 0.0 0.0 0.0 
1 102 14.4503873725806 0.0 0.0 0.0 
1 103 14.4503873725806 0.0 0.0 0.0 
1 104 14.4503873725806 0.0 0.0 0.0 
1 105 14.4503873725806 0.0 0.0 0.0 
1 106 14.4503873725806 0.0 0.0 0.0 
1 107 14.4503873725806 0.0 0.0 0.0 
1 108 14.4503873725806 0.0 0.0 0.0 
1 109 14.4503873725806 0.0 0.0 0.0 
1 110 14.4503873725806 0.0 0.0 0.0 
1 111 14.4503873725806 0.0 0.0 0.0 
1 112 14.4503873725806 0.0 0.0 0.0 
1 113 14.4503873725806 0.0 0.0 0.0 
1 114 14.4503873725806 0.0 0.0 0.0 
1 115 14.4503873725806 0.0 0.0 0.0 
1 116 14.4503873725806 0.0 0.0 0.0 
1 117 14.4503873725806 0.0 0.0 0.0 
1 118 14.4503873725806 0.0 0.0 0.0 
1 119 14.4503873725806 0.0 0.0 0.0 
1 120 14.4503873725806 0.0 0.0 0.0 
1 121 14.4503873725806 0.0 0.0 0.0 
1 122 14.4503873725806 0.0 0.0 0.0 
1 123 14.4503873725806 0.0 0.0 0.0 
1 124 14.4503873725806 0.0 0.0 0.0 
1 125 14.4503873725806 0.0 0.0 0.0 
1 126 14.4503873725806 0.0 0.0 0.0 
1 127 14.4503873725806 0.0 0.0 0.0 
1 128 14.4503873725806 0.0 0.0 0.0 
1 129 14.4503873725806 0.0 0.0 0.0 
1 130 14.4503873725806 0.0 0.0 0.0 
1 131 14.4503873725806 0.0 0.0 0.0 
1 132 14.4503873725806 0.0 0.0 0.0 
1 133 14.4503873725806 0.0 0.0 0.0 
1 134 14.4503873725806 0.0 0.0 0.0 
1 135 14.4503873725806 0.0 0.0 0.0 
1 136 14.4503873725806 0.0 0.0 0.0 
1 137 14.4503873725806 0.0 0.0 0.0 
1 138 14.4503873725806 0.0 0.0 0.0 
1 139 14.4503873725806 0.0 0.0 0.0 
1 140 14.4503873725806 0.0 0.0 0.0 
1 141 14.4503873725806 0.0 0.0 0.0 
1 142 14.4503873725806 0.0 0.0 0.0 
1 143 14.4503873725806 0.0 0.0 0.0 
1 144 14.4503873725806 0.0 0.0 0.0 
1 145 14.4503873725806 0.0 0.0 0.0 
1 146 14.4503873725806 0.0 0.0 0.0 
1 147 14.4503873725806 0.0 0.0 0.0 
1 148 14.4503873725806 0.0 0.0 0.0 
1 149 14.4503873725806 0.0 0.0 0.0 
1 150 14.4503873725806 0.0 0.0 0.0 
1 151 14.4503873725806 0.0 0.0 0.0 
1 152 14.4503873725806 0.0 0.0 0.0 
1 153 14.4503873725806 0.0 0.0 0.0 
1 154 14.4503873725806 0.0 0.0 0.0 
1 155 14.4503873725806 0.0 0.0 0.0 
1 156 14.4503873725806 0.0 0.0 0.0 
1 157 14.4503873725806 0.0 0.0 0.0 
1 158 14.4503873725806 0.0 0.0 0.0 
1 159 14.4503873725806 0.0 0.0 0.0 
1 160 14.4503873725806 0.0 0.0 0.0 
1 161 14.4503873725806 0.0 0.0 0.0 
1 162 14.4503873725806 0.0 0.0 0.0 
1 163 14.4503873725806 0.0 0.0 0.0 
1 164 14.4503873725806 0.0 0.0 0.0 
1 165 14.4503873725806 0.0 0.0 0.0 
1 166 14.4503873725806 0.0 0.0 0.0 
1 167 14.4503873725806 0.0 0.0 0.0 
1 168 14.4503873725806 0.0 0.0 0.0 
1 169 14.4503873725806 0.0 0.0 0.0 
1 170 14.4503873725806 0.0 0.0 0.0 
1 171 14.4503873725806 0.0 0.0 0.0 
1 172 14.4503873725806 0.0 0.0 0.0 
1 173 14.4503873725806 0.0 0.0 0.0 
1 174 14.4503873725806 0.0 0.0 0.0 
1 175 14.4503873725806 0.0 0.0 0.0 
1 176 14.4503873725806 0.0 0.0 0.0 
1 177 14.4503873725806 0.0 0.0 0.0 
1 178 14.4503873725806 0.0 0.0 0.0 
1 179 14.4503873725806 0.0 0.0 0.0 
1 180 14.4503873725806 0.0 0.0 0.0 
1 181 14.4503873725806 0.0 0.0 0.0 
1 182 14.4503873725806 0.0 0.0 0.0 
1 183 14.4503873725806 0.0 0.0 0.0 
1 184 14.4503873725806 0.0 0.0 0.0 
1 185 14.4503873725806 0.0 0.0 0.0 
1 186 14.4503873725806 0.0 0.0 0.0 
1 187 14.4503873725806 0.0 0.0 0.0 
1 188 14.4503873725806 0.0 0.0 0.0 
1 189 14.4503873725806 0.0 0.0 0.0 
1 190 14.4503873725806 0.0 0.0 0.0 
1 191 14.4503873725806 0.0 0.0 0.0 
1 192 14.4503873725806 0.0 0.0 0.0 
1 193 14.4503873725806 0.0 0.0 0.0 
1 194 14.4503873725806 0.0 0.0 0.0 
1 195 14.4503873725806 0.0 0.0 0.0 
1 196 14.4503873725806 0.0 0.0 0.0 
1 197 14.4503873725806 0.0 0.0 0.0 
1 198 14.4503873725806 0.0 0.0 0.0 
1 199 14.4503873725806 0.0 0.0 0.0 
1 200 14.4503873725806 0.0 0.0 0.0 
1 201 14.4503873725806 0.0 0.0 0.0 
1 202 14.4503873725806 0.0 0.0 0.0 
1 203 14.4503873725806 0.0 0.0 0.0 
1 204 14.4503873725806 0.0 0.0 0.0 
1 205 14.4503873725806 0.0 0.0 0.0 
1 206 14.4503873725806 0.0 0.0 0.0 
1 207 14.4503873725806 0.0 0.0 0.0 
1 208 14.4503873725806 0.0 0.0 0.0 
1 209 14.4503873725806 0.0 0.0 0.0 
1 210 14.4503873725806 0.0 0.0 0.0 
1 211 14.4503873725806 0.0 0.0 0.0 
1 212 14.4503873725806 0.0 0.0 0.0 
1 213 14.4503873725806 0.0 0.0 0.0 
1 214 14.4503873725806 0.0 0.0 0.0 
1 215 14.4503873725806 0.0 0.0 0.0 
1 216 14.4503873725806 0.0 0.0 0.0 
1 217 14.4503873725806 0.0 0.0 0.0 
1 218 14.4503873725806 0.0 0.0 0.0 
1 219 14.4503873725806 0.0 0.0 0.0 
1 220 14.4503873725806 0.0 0.0 0.0 
1 221 14.4503873725806 0.0 0.0 0.0 
1 222 14.4503873725806 0.0 0.0 0.0 
1 223 14.4503873725806 0.0 0.0 0.0 
1 224 14.4503873725806 0.0 0.0 0.0 
1 225 14.4503873725806 0.0 0.0 0.0 
1 226 14.4503873725806 0.0 0.0 0.0 
1 227 14.4503873725806 0.0 0.0 0.0 
1 228 14.4503873725806 0.0 0.0 0.0 
1 229 14.4503873725806 0.0 0.0 0.0 
1 230 14.4503873725806 0.0 0.0 0.0 
1 231 14.4503873725806 0.0 0.0 0.0 
1 232 14.4503873725806 0.0 0.0 0.0 
1 233 14.4503873725806 0.0 0.0 0.0 
1 234 14.4503873725806 0.0 0.0 0.0 
1 235 14.4503873725806 0.0 0.0 0.0 
1 236 14.4503873725806 0.0 0.0 0.0 
1 237 14.4503873725806 0.0 0.0 0.0 
1 238 14.4503873725806 0.0 0.0 0.0 
1 239 14.4503873725806 0.0 0.0 0.0 
1 240 14.4503873725806 0.0 0.0 0.0 
1 241 14.4503873725806 0.0 0.0 0.0 
1 242 14.4503873725806 0.0 0.0 0.0 
1 243 14.4503873725806 0.0 0.0 0.0 
1 244 14.4503873725806 0.0 0.0 0.0 
1 245 14.4503873725806 0.0 0.0 0.0 
1 246 14.4503873725806 0.0 0.0 0.0 
1 247 14.4503873725806 0.0 0.0 0.0 
1 248 14.4503873725806 0.0 0.0 0.0 
1 249 14.4503873725806 0.0 0.0 0.0 
1 250 14.4503873725806 0.0 0.0 0.0 
1 251 14.4503873725806 0.0 0.0 0.0 
1 252 14.4503873725806 0.0 0.0 0.0 
1 253 14.4503873725806 0.0 0.0 0.0 
1 254 14.4503873725806 0.0 0.0 0.0 
1 255 14.4503873725806 0.0 0.0 0.0 
1 256 14.4503873725806 0.0 0.0 0.0 
1 257 14.4503873725806 0.0 0.0 0.0 
1 258 14.4503873725806 0.0 0.0 0.0 
1 259 14.4503873725806 0.0 0.0 0.0 
1 260 14.4503873725806 0.0 0.0 0.0 
1 261 14.4503873725806 0.0 0.0 0.0 
1 262 14.4503873725806 0.0 0.0 0.0 
1 263 14.4503873725806 0.0 0.0 0.0 
1 264 14.4503873725806 0.0 0.0 0.0 
1 265 14.4503873725806 0.0 0.0 0.0 
1 266 14.4503873725806 0.0 0.0 0.0 
1 267 14.4503873725806 0.0 0.0 0.0 
1 268 14.4503873725806 0.0 0.0 0.0 
1 269 14.4503873725806 0.0 0.0 0.0 
1 270 14.4503873725806 0.0 0.0 0.0 
1 271 14.4503873725806 0.0 0.0 0.0 
1 272 14.4503873725806 0.0 0.0 0.0 
1 273 14.4503873725806 0.0 0.0 0.0 
1 274 14.4503873725806 0.0 0.0 0.0 
1 275 14.4503873725806 0.0 0.0 0.0 
1 276 14.4503873725806 0.0 0.0 0.0 
1 277 14.4503873725806 0.0 0.0 0.0 
1 278 14.4503873725806 0.0 0.0 0.0 
1 279 14.4503873725806 0.0 0.0 0.0 
1 280 14.4503873725806 0.0 0.0 0.0 
1 281 14.4503873725806 0.0 0.0 0.0 
1 282 14.4503873725806 0.0 0.0 0.0 
1 283 14.4503873725806 0.0 0.0 0.0 
1 284 14.4503873725806 0.0 0.0 0.0 
1 285 14.4503873725806 0.0 0.0 0.0 
1 286 14.4503873725806 0.0 0.0 0.0 
1 287 14.4503873725806 0.0 0.0 0.0 
1 288 14.4503873725806 0.0 0.0 0.0 
1 289 14.4503873725806 0.0 0.0 0.0 
1 290 14.4503873725806 0.0 0.0 0.0 
1 291 14.4503873725806 0.0 0.0 0.0 
1 292 14.4503873725806 0.0 0.0 0.0 
1 293 14.4503873725806 0.0 0.0 0.0 
1 294 14.4503873725806 0.0 0.0 0.0 
1 295 14.4503873725806 0.0 0.0 0.0 
1 296 14.4503873725806 0.0 0.0 0.0 
1 297 14.4503873725806 0.0 0.0 0.0 
1 298 14.4503873725806 0.0 0.0 0.0 
1 299 14.4503873725806 0.0 0.0 0.0 
1 300 14.4503873725806 0.0 0.0 0.0 
1 301 14.4503873725806 0.0 0.0 0.0 
1 302 14.4503873725806 0.0 0.0 0.0 
1 303 14.4503873725806 0.0 0.0 0.0 
1 304 14.4503873725806 0.0 0.0 0.0 
1 305 14.4503873725806 0.0 0.0 0.0 
1 306 14.4503873725806 0.0 0.0 0.0 
1 307 14.4503873725806 0.0 0.0 0.0 
1 308 14.4503873725806 0.0 0.0 0.0 
1 309 14.4503873725806 0.0 0.0 0.0 
1 310 14.4503873725806 0.0 0.0 0.0 
1 311 14.4503873725806 0.0 0.0 0.0 
1 312 14.4503873725806 0.0 0.0 0.0 
1 313 14.4503873725806 0.0 0.0 0.0 
1 314 14.4503873725806 0.0 0.0 0.0 
1 315 14.4503873725806 0.0 0.0 0.0 
1 316 14.4503873725806 0.0 0.0 0.0 
1 317 14.4503873725806 0.0 0.0 0.0 
1 318 14.4503873725806 0.0 0.0 0.0 
1 319 14.4503873725806 0.0 0.0 0.0 
1 320 14.4503873725806 0.0 0.0 0.0 
1 321 14.4503873725806 0.0 0.0 0.0 
1 322 14.4503873725806 0.0 0.0 0.0 
1 323 14.4503873725806 0.0 0.0 0.0 
1 324 14.4503873725806 0.0 0.0 0.0 
1 325 14.4503873725806 0.0 0.0 0.0 
1 326 14.4503873725806 0.0 0.0 0.0 
1 327 14.4503873725806 0.0 0.0 0.0 
1 328 14.4503873725806 0.0 0.0 0.0 
1 329 14.4503873725806 0.0 0.0 0.0 
1 330 14.4503873725806 0.0 0.0 0.0 
1 331 14.4503873725806 0.0 0.0 0.0 
1 332 14.4503873725806 0.0 0.0 0.0 
1 333 14.4503873725806 0.0 0.0 0.0 
1 334 14.4503873725806 0.0 0.0 0.0 
1 335 14.4503873725806 0.0 0.0 0.0 
1 336 14.4503873725806 0.0 0.0 0.0 
1 337 14.4503873725806 0.0 0.0 0.0 
1 338 14.4503873725806 0.0 0.0 0.0 
1 339 14.4503873725806 0.0 0.0 0.0 
1 340 14.4503873725806 0.0 0.0 0.0 
1 341 14.4503873725806 0.0 0.0 0.0 
1 342 14.4503873725806 0.0 0.0 0.0 
1 343 14.4503873725806 0.0 0.0 0.0 
1 344 14.4503873725806 0.0 0.0 0.0 
1 345 14.4503873725806 0.0 0.0 0.0 
1 346 14.4503873725806 0.0 0.0 0.0 
1 347 14.4503873725806 0.0 0.0 0.0 
1 348 14.4503873725806 0.0 0.0 0.0 
1 349 14.4503873725806 0.0 0.0 0.0 
1 350 14.4503873725806 0.0 0.0 0.0 
1 351 14.4503873725806 0.0 0.0 0.0 
1 352 14.4503873725806 0.0 0.0 0.0 
1 353 14.4503873725806 0.0 0.0 0.0 
1 354 14.4503873725806 0.0 0.0 0.0 
1 355 14.4503873725806 0.0 0.0 0.0 
1 356 14.4503873725806 0.0 0.0 0.0 
1 357 14.4503873725806 0.0 0.0 0.0 
1 358 14.4503873725806 0.0 0.0 0.0 
1 359 14.4503873725806 0.0 0.0 0.0 
1 360 14.4503873725806 0.0 0.0 0.0 
1 361 14.4503873725806 0.0 0.0 0.0 
1 362 14.4503873725806 0.0 0.0 0.0 
1 363 14.4503873725806 0.0 0.0 0.0 
1 364 14.4503873725806 0.0 0.0 0.0 
1 365 14.4503873725806 0.0 0.0 0.0 
1 366 14.4503873725806 0.0 0.0 0.0 
1 367 14.4503873725806 0.0 0.0 0.0 
1 368 14.4503873725806 0.0 0.0 0.0 
1 369 14.4503873725806 0.0 0.0 0.0 
1 370 14.4503873725806 0.0 0.0 0.0 
1 371 14.4503873725806 0.0 0.0 0.0 
1 372 14.4503873725806 0.0 0.0 0.0 
1 373 14.4503873725806 0.0 0.0 0.0 
1 374 14.4503873725806 0.0 0.0 0.0 
1 375 14.4503873725806 0.0 0.0 0.0 
1 376 14.4503873725806 0.0 0.0 0.0 
1 377 14.4503873725806 0.0 0.0 0.0 
1 378 14.4503873725806 0.0 0.0 0.0 
1 379 14.4503873725806 0.0 0.0 0.0 
1 380 14.4503873725806 0.0 0.0 0.0 
1 381 14.4503873725806 0.0 0.0 0.0 
1 382 14.4503873725806 0.0 0.0 0.0 
1 383 14.4503873725806 0.0 0.0 0.0 
1 384 14.4503873725806 0.0 0.0 0.0 
1 385 14.4503873725806 0.0 0.0 0.0 
1 386 14.4503873725806 0.0 0.0 0.0 
1 387 14.4503873725806 0.0 0.0 0.0 
1 388 14.4503873725806 0.0 0.0 0.0 
1 389 14.4503873725806 0.0 0.0 0.0 
1 390 14.4503873725806 0.0 0.0 0.0 
1 391 14.4503873725806 0.0 0.0 0.0 
1 392 14.4503873725806 0.0 0.0 0.0 
1 393 14.4503873725806 0.0 0.0 0.0 
1 394 14.4503873725806 0.0 0.0 0.0 
1 395 14.4503873725806 0.0 0.0 0.0 
1 396 14.4503873725806 0.0 0.0 0.0 
1 397 14.4503873725806 0.0 0.0 0.0 
1 398 14.4503873725806 0.0 0.0 0.0 
1 399 14.4503873725806 0.0 0.0 0.0 
1 400 14.4503873725806 0.0 0.0 0.0 
1 401 14.4503873725806 0.0 0.0 0.0 
1 402 14.4503873725806 0.0 0.0 0.0 
1 403 14.4503873725806 0.0 0.0 0.0 
1 404 14.4503873725806 0.0 0.0 0.0 
1 405 14.4503873725806 0.0 0.0 0.0 
1 406 14.4503873725806 0.0 0.0 0.0 
1 407 14.4503873725806 0.0 0.0 0.0 
1 408 14.4503873725806 0.0 0.0 0.0 
1 409 14.4503873725806 0.0 0.0 0.0 
1 410 14.4503873725806 0.0 0.0 0.0 
1 411 14.4503873725806 0.0 0.0 0.0 
1 412 14.4503873725806 0.0 0.0 0.0 
1 413 14.4503873725806 0.0 0.0 0.0 
1 414 14.4503873725806 0.0 0.0 0.0 
1 415 14.4503873725806 0.0 0.0 0.0 
1 416 14.4503873725806 0.0 0.0 0.0 
1 417 14.4503873725806 0.0 0.0 0.0 
1 418 14.4503873725806 0.0 0.0 0.0 
1 419 14.4503873725806 0.0 0.0 0.0 
1 420 14.4503873725806 0.0 0.0 0.0 
1 421 14.4503873725806 0.0 0.0 0.0 
1 422 14.4503873725806 0.0 0.0 0.0 
1 423 14.4503873725806 0.0 0.0 0.0 
1 424 14.4503873725806 0.0 0.0 0.0 
1 425 14.4503873725806 0.0 0.0 0.0 
1 426 14.4503873725806 0.0 0.0 0.0 
1 427 14.4503873725806 0.0 0.0 0.0 
1 428 14.4503873725806 0.0 0.0 0.0 
1 429 14.4503873725806 0.0 0.0 0.0 
1 430 14.4503873725806 0.0 0.0 0.0 
1 431 14.4503873725806 0.0 0.0 0.0 
1 432 14.4503873725806 0.0 0.0 0.0 
1 433 14.4503873725806 0.0 0.0 0.0 
1 434 14.4503873725806 0.0 0.0 0.0 
1 435 14.4503873725806 0.0 0.0 0.0 
1 436 14.4503873725806 0.0 0.0 0.0 
1 437 14.4503873725806 0.0 0.0 0.0 
1 438 14.4503873725806 0.0 0.0 0.0 
1 439 14.4503873725806 0.0 0.0 0.0 
1 440 14.4503873725806 0.0 0.0 0.0 
1 441 14.4503873725806 0.0 0.0 0.0 
1 442 14.4503873725806 0.0 0.0 0.0 
1 443 14.4503873725806 0.0 0.0 0.0 
1 444 14.4503873725806 0.0 0.0 0.0 
1 445 14.4503873725806 0.0 0.0 0.0 
1 446 14.4503873725806 0.0 0.0 0.0 
1 447 14.4503873725806 0.0 0.0 0.0 
1 448 14.4503873725806 0.0 0.0 0.0 
1 449 14.4503873725806 0.0 0.0 0.0 
1 450 14.4503873725806 0.0 0.0 0.0 
1 451 14.4503873725806 0.0 0.0 0.0 
1 452 14.4503873725806 0.0 0.0 0.0 
1 453 14.4503873725806 0.0 0.0 0.0 
1 454 14.4503873725806 0.0 0.0 0.0 
1 455 14.4503873725806 0.0 0.0 0.0 
1 456 14.4503873725806 0.0 0.0 0.0 
1 457 14.4503873725806 0.0 0.0 0.0 
1 458 14.4503873725806 0.0 0.0 0.0 
1 459 14.4503873725806 0.0 0.0 0.0 
1 460 14.4503873725806 0.0 0.0 0.0 
1 461 14.4503873725806 0.0 0.0 0.0 
1 462 14.4503873725806 0.0 0.0 0.0 
1 463 14.4503873725806 0.0 0.0 0.0 
1 464 14.4503873725806 0.0 0.0 0.0 
1 465 14.4503873725806 0.0 0.0 0.0 
1 466 14.4503873725806 0.0 0.0 0.0 
1 467 14.4503873725806 0.0 0.0 0.0 
1 468 14.4503873725806 0.0 0.0 0.0 
1 469 14.4503873725806 0.0 0.0 0.0 
1 470 14.4503873725806 0.0 0.0 0.0 
1 471 14.4503873725806 0.0 0.0 0.0 
1 472 14.4503873725806 0.0 0.0 0.0 
1 473 14.4503873725806 0.0 0.0 0.0 
1 474 14.4503873725806 0.0 0.0 0.0 
1 475 14.4503873725806 0.0 0.0 0.0 
1 476 14.4503873725806 0.0 0.0 0.0 
1 477 14.4503873725806 0.0 0.0 0.0 
1 478 14.4503873725806 0.0 0.0 0.0 
1 479 14.4503873725806 0.0 0.0 0.0 
1 480 14.4503873725806 0.0 0.0 0.0 
1 481 14.4503873725806 0.0 0.0 0.0 
1 482 14.4503873725806 0.0 0.0 0.0 
1 483 14.4503873725806 0.0 0.0 0.0 
1 484 14.4503873725806 0.0 0.0 0.0 
1 485 14.4503873725806 0.0 0.0 0.0 
1 486 14.4503873725806 0.0 0.0 0.0 
1 487 14.4503873725806 0.0 0.0 0.0 
1 488 14.4503873725806 0.0 0.0 0.0 
1 489 14.4503873725806 0.0 0.0 0.0 
1 490 14.4503873725806 0.0 0.0 0.0 
1 491 14.4503873725806 0.0 0.0 0.0 
1 492 14.4503873725806 0.0 0.0 0.0 
1 493 14.4503873725806 0.0 0.0 0.0 
1 494 14.4503873725806 0.0 0.0 0.0 
1 495 14.4503873725806 0.0 0.0 0.0 
1 496 14.4503873725806 0.0 0.0 0.0 
1 497 14.4503873725806 0.0 0.0 0.0 
1 498 14.4503873725806 0.0 0.0 0.0 
1 499 14.4503873725806 0.0 0.0 0.0 
1 500 14.4503873725806 0.0 0.0 0.0 
1 501 14.4503873725806 0.0 0.0 0.0 
1 502 14.4503873725806 0.0 0.0 0.0 
1 503 14.4503873725806 0.0 0.0 0.0 
1 504 14.4503873725806 0.0 0.0 0.0 
1 505 14.4503873725806 0.0 0.0 0.0 
1 506 14.4503873725806 0.0 0.0 0.0 
1 507 14.4503873725806 0.0 0.0 0.0 
1 508 14.4503873725806 0.0 0.0 0.0 
1 509 14.4503873725806 0.0 0.0 0.0 
1 510 14.4503873725806 0.0 0.0 0.0 
1 511 14.4503873725806 0.0 0.0 0.0 
1 512 14.4503873725806 0.0 0.0 0.0 
1 513 14.4503873725806 0.0 0.0 0.0 
1 514 14.4503873725806 0.0 0.0 0.0 
1 515 14.4503873725806 0.0 0.0 0.0 
1 516 14.4503873725806 0.0 0.0 0.0 
1 517 14.4503873725806 0.0 0.0 0.0 
1 518 14.4503873725806 0.0 0.0 0.0 
1 519 14.4503873725806 0.0 0.0 0.0 
1 520 14.4503873725806 0.0 0.0 0.0 
1 521 14.4503873725806 0.0 0.0 0.0 
1 522 14.4503873725806 0.0 0.0 0.0 
1 523 14.4503873725806 0.0 0.0 0.0 
1 524 14.4503873725806 0.0 0.0 0.0 
1 525 14.4503873725806 0.0 0.0 0.0 
1 526 14.4503873725806 0.0 0.0 0.0 
1 527 14.4503873725806 0.0 0.0 0.0 
1 528 14.4503873725806 0.0 0.0 0.0 
1 529 14.4503873725806 0.0 0.0 0.0 
1 530 14.4503873725806 0.0 0.0 0.0 
1 531 14.4503873725806 0.0 0.0 0.0 
1 532 14.4503873725806 0.0 0.0 0.0 
1 533 14.4503873725806 0.0 0.0 0.0 
1 534 14.4503873725806 0.0 0.0 0.0 
1 535 14.4503873725806 0.0 0.0 0.0 
1 536 14.4503873725806 0.0 0.0 0.0 
1 537 14.4503873725806 0.0 0.0 0.0 
1 538 14.4503873725806 0.0 0.0 0.0 
1 539 14.4503873725806 0.0 0.0 0.0 
1 540 14.4503873725806 0.0 0.0 0.0 
1 541 14.4503873725806 0.0 0.0 0.0 
1 542 14.4503873725806 0.0 0.0 0.0 
1 543 14.4503873725806 0.0 0.0 0.0 
1 544 14.4503873725806 0.0 0.0 0.0 
1 545 14.4503873725806 0.0 0.0 0.0 
1 546 14.4503873725806 0.0 0.0 0.0 
1 547 14.4503873725806 0.0 0.0 0.0 
1 548 14.4503873725806 0.0 0.0 0.0 
1 549 14.4503873725806 0.0 0.0 0.0 
1 550 14.4503873725806 0.0 0.0 0.0 
1 551 14.4503873725806 0.0 0.0 0.0 
1 552 14.4503873725806 0.0 0.0 0.0 
1 553 14.4503873725806 0.0 0.0 0.0 
1 554 14.4503873725806 0.0 0.0 0.0 
1 555 14.4503873725806 0.0 0.0 0.0 
1 556 14.4503873725806 0.0 0.0 0.0 
1 557 14.4503873725806 0.0 0.0 0.0 
1 558 14.4503873725806 0.0 0.0 0.0 
1 559 14.4503873725806 0.0 0.0 0.0 
1 560 14.4503873725806 0.0 0.0 0.0 
1 561 14.4503873725806 0.0 0.0 0.0 
1 562 14.4503873725806 0.0 0.0 0.0 
1 563 14.4503873725806 0.0 0.0 0.0 
1 564 14.4503873725806 0.0 0.0 0.0 
1 565 14.4503873725806 0.0 0.0 0.0 
1 566 14.4503873725806 0.0 0.0 0.0 
1 567 14.4503873725806 0.0 0.0 0.0 
1 568 14.4503873725806 0.0 0.0 0.0 
1 569 14.4503873725806 0.0 0.0 0.0 
1 570 14.4503873725806 0.0 0.0 0.0 
1 571 14.4503873725806 0.0 0.0 0.0 
1 572 14.4503873725806 0.0 0.0 0.0 
1 573 14.4503873725806 0.0 0.0 0.0 
1 574 14.4503873725806 0.0 0.0 0.0 
1 575 14.4503873725806 0.0 0.0 0.0 
1 576 14.4503873725806 0.0 0.0 0.0 
1 577 14.4503873725806 0.0 0.0 0.0 
1 578 14.4503873725806 0.0 0.0 0.0 
1 579 14.4503873725806 0.0 0.0 0.0 
1 580 14.4503873725806 0.0 0.0 0.0 
1 581 14.4503873725806 0.0 0.0 0.0 
1 582 14.4503873725806 0.0 0.0 0.0 
1 583 14.4503873725806 0.0 0.0 0.0 
1 584 14.4503873725806 0.0 0.0 0.0 
1 585 14.4503873725806 0.0 0.0 0.0 
1 586 14.4503873725806 0.0 0.0 0.0 
1 587 14.4503873725806 0.0 0.0 0.0 
1 588 14.4503873725806 0.0 0.0 0.0 
1 589 14.4503873725806 0.0 0.0 0.0 
1 590 14.4503873725806 0.0 0.0 0.0 
1 591 14.4503873725806 0.0 0.0 0.0 
1 592 14.4503873725806 0.0 0.0 0.0 
1 593 14.4503873725806 0.0 0.0 0.0 
1 594 14.4503873725806 0.0 0.0 0.0 
1 595 14.4503873725806 0.0 0.0 0.0 
1 596 14.4503873725806 0.0 0.0 0.0 
1 597 14.4503873725806 0.0 0.0 0.0 
1 598 14.4503873725806 0.0 0.0 0.0 
1 599 14.4503873725806 0.0 0.0 0.0 
1 600 14.4503873725806 0.0 0.0 0.0 
1 601 14.4503873725806 0.0 0.0 0.0 
1 602 14.4503873725806 0.0 0.0 0.0 
1 603 14.4503873725806 0.0 0.0 0.0 
1 604 14.4503873725806 0.0 0.0 0.0 
1 605 14.4503873725806 0.0 0.0 0.0 
1 606 14.4503873725806 0.0 0.0 0.0 
1 607 14.4503873725806 0.0 0.0 0.0 
1 608 14.4503873725806 0.0 0.0 0.0 
1 609 14.4503873725806 0.0 0.0 0.0 
1 610 14.4503873725806 0.0 0.0 0.0 
1 611 14.4503873725806 0.0 0.0 0.0 
1 612 14.4503873725806 0.0 0.0 0.0 
1 613 14.4503873725806 0.0 0.0 0.0 
1 614 14.4503873725806 0.0 0.0 0.0 
1 615 14.4503873725806 0.0 0.0 0.0 
1 616 14.4503873725806 0.0 0.0 0.0 
1 617 14.4503873725806 0.0 0.0 0.0 
1 618 14.4503873725806 0.0 0.0 0.0 
1 619 14.4503873725806 0.0 0.0 0.0 
1 620 14.4503873725806 0.0 0.0 0.0 
1 621 14.4503873725806 0.0 0.0 0.0 
1 622 14.4503873725806 0.0 0.0 0.0 
1 623 14.4503873725806 0.0 0.0 0.0 
1 624 14.4503873725806 0.0 0.0 0.0 
1 625 14.4503873725806 0.0 0.0 0.0 
1 626 14.4503873725806 0.0 0.0 0.0 
1 627 14.4503873725806 0.0 0.0 0.0 
1 628 14.4503873725806 0.0 0.0 0.0 
1 629 14.4503873725806 0.0 0.0 0.0 
1 630 14.4503873725806 0.0 0.0 0.0 
1 631 14.4503873725806 0.0 0.0 0.0 
1 632 14.4503873725806 0.0 0.0 0.0 
1 633 14.4503873725806 0.0 0.0 0.0 
1 634 14.4503873725806 0.0 0.0 0.0 
1 635 14.4503873725806 0.0 0.0 0.0 
1 636 14.4503873725806 0.0 0.0 0.0 
1 637 14.4503873725806 0.0 0.0 0.0 
1 638 14.4503873725806 0.0 0.0 0.0 
1 639 14.4503873725806 0.0 0.0 0.0 
1 640 14.4503873725806 0.0 0.0 0.0 
1 641 14.4503873725806 0.0 0.0 0.0 
1 642 14.4503873725806 0.0 0.0 0.0 
1 643 14.4503873725806 0.0 0.0 0.0 
1 644 14.4503873725806 0.0 0.0 0.0 
1 645 14.4503873725806 0.0 0.0 0.0 
1 646 14.4503873725806 0.0 0.0 0.0 
1 647 14.4503873725806 0.0 0.0 0.0 
1 648 14.4503873725806 0.0 0.0 0.0 
1 649 14.4503873725806 0.0 0.0 0.0 
1 650 14.4503873725806 0.0 0.0 0.0 
1 651 14.4503873725806 0.0 0.0 0.0 
1 652 14.4503873725806 0.0 0.0 0.0 
1 653 14.4503873725806 0.0 0.0 0.0 
1 654 14.4503873725806 0.0 0.0 0.0 
1 655 14.4503873725806 0.0 0.0 0.0 
1 656 14.4503873725806 0.0 0.0 0.0 
1 657 14.4503873725806 0.0 0.0 0.0 
1 658 14.4503873725806 0.0 0.0 0.0 
1 659 14.4503873725806 0.0 0.0 0.0 
1 660 14.4503873725806 0.0 0.0 0.0 
1 661 14.4503873725806 0.0 0.0 0.0 
1 662 14.4503873725806 0.0 0.0 0.0 
1 663 14.4503873725806 0.0 0.0 0.0 
1 664 14.4503873725806 0.0 0.0 0.0 
1 665 14.4503873725806 0.0 0.0 0.0 
1 666 14.4503873725806 0.0 0.0 0.0 
1 667 14.4503873725806 0.0 0.0 0.0 
1 668 14.4503873725806 0.0 0.0 0.0 
1 669 14.4503873725806 0.0 0.0 0.0 
1 670 14.4503873725806 0.0 0.0 0.0 
1 671 14.4503873725806 0.0 0.0 0.0 
1 672 14.4503873725806 0.0 0.0 0.0 
1 673 14.4503873725806 0.0 0.0 0.0 
1 674 14.4503873725806 0.0 0.0 0.0 
1 675 14.4503873725806 0.0 0.0 0.0 
1 676 14.4503873725806 0.0 0.0 0.0 
1 677 14.4503873725806 0.0 0.0 0.0 
1 678 14.4503873725806 0.0 0.0 0.0 
1 679 14.4503873725806 0.0 0.0 0.0 
1 680 14.4503873725806 0.0 0.0 0.0 
1 681 14.4503873725806 0.0 0.0 0.0 
1 682 14.4503873725806 0.0 0.0 0.0 
1 683 14.4503873725806 0.0 0.0 0.0 
1 684 14.4503873725806 0.0 0.0 0.0 
1 685 14.4503873725806 0.0 0.0 0.0 
1 686 14.4503873725806 0.0 0.0 0.0 
1 687 14.4503873725806 0.0 0.0 0.0 
1 688 14.4503873725806 0.0 0.0 0.0 
1 689 14.4503873725806 0.0 0.0 0.0 
1 690 14.4503873725806 0.0 0.0 0.0 
1 691 14.4503873725806 0.0 0.0 0.0 
1 692 14.4503873725806 0.0 0.0 0.0 
1 693 14.4503873725806 0.0 0.0 0.0 
1 694 14.4503873725806 0.0 0.0 0.0 
1 695 14.4503873725806 0.0 0.0 0.0 
1 696 14.4503873725806 0.0 0.0 0.0 
1 697 14.4503873725806 0.0 0.0 0.0 
1 698 14.4503873725806 0.0 0.0 0.0 
1 699 14.4503873725806 0.0 0.0 0.0 
1 700 14.4503873725806 0.0 0.0 0.0 
1 701 14.4503873725806 0.0 0.0 0.0 
1 702 14.4503873725806 0.0 0.0 0.0 
1 703 14.4503873725806 0.0 0.0 0.0 
1 704 14.4503873725806 0.0 0.0 0.0 
1 705 14.4503873725806 0.0 0.0 0.0 
1 706 14.4503873725806 0.0 0.0 0.0 
1 707 14.4503873725806 0.0 0.0 0.0 
1 708 14.4503873725806 0.0 0.0 0.0 
1 709 14.4503873725806 0.0 0.0 0.0 
1 710 14.4503873725806 0.0 0.0 0.0 
1 711 14.4503873725806 0.0 0.0 0.0 
1 712 14.4503873725806 0.0 0.0 0.0 
1 713 14.4503873725806 0.0 0.0 0.0 
1 714 14.4503873725806 0.0 0.0 0.0 
1 715 14.4503873725806 0.0 0.0 0.0 
1 716 14.4503873725806 0.0 0.0 0.0 
1 717 14.4503873725806 0.0 0.0 0.0 
1 718 14.4503873725806 0.0 0.0 0.0 
1 719 14.4503873725806 0.0 0.0 0.0 
1 720 14.4503873725806 0.0 0.0 0.0 
1 721 14.4503873725806 0.0 0.0 0.0 
1 722 14.4503873725806 0.0 0.0 0.0 
1 723 14.4503873725806 0.0 0.0 0.0 
1 724 14.4503873725806 0.0 0.0 0.0 
1 725 14.4503873725806 0.0 0.0 0.0 
1 726 14.4503873725806 0.0 0.0 0.0 
1 727 14.4503873725806 0.0 0.0 0.0 
1 728 14.4503873725806 0.0 0.0 0.0 
1 729 14.4503873725806 0.0 0.0 0.0 
1 730 14.4503873725806 0.0 0.0 0.0 
1 731 14.4503873725806 0.0 0.0 0.0 
1 732 14.4503873725806 0.0 0.0 0.0 
1 733 14.4503873725806 0.0 0.0 0.0 
1 734 14.4503873725806 0.0 0.0 0.0 
1 735 14.4503873725806 0.0 0.0 0.0 
1 736 14.4503873725806 0.0 0.0 0.0 
1 737 14.4503873725806 0.0 0.0 0.0 
1 738 14.4503873725806 0.0 0.0 0.0 
1 739 14.4503873725806 0.0 0.0 0.0 
1 740 14.4503873725806 0.0 0.0 0.0 
1 741 14.4503873725806 0.0 0.0 0.0 
1 742 14.4503873725806 0.0 0.0 0.0 
1 743 14.4503873725806 0.0 0.0 0.0 
1 744 14.4503873725806 0.0 0.0 0.0 
1 745 14.4503873725806 0.0 0.0 0.0 
1 746 14.4503873725806 0.0 0.0 0.0 
1 747 14.4503873725806 0.0 0.0 0.0 
1 748 14.4503873725806 0.0 0.0 0.0 
1 749 14.4503873725806 0.0 0.0 0.0 
1 750 14.4503873725806 0.0 0.0 0.0 
1 751 14.4503873725806 0.0 0.0 0.0 
1 752 14.4503873725806 0.0 0.0 0.0 
1 753 14.4503873725806 0.0 0.0 0.0 
1 754 14.4503873725806 0.0 0.0 0.0 
1 755 14.4503873725806 0.0 0.0 0.0 
1 756 14.4503873725806 0.0 0.0 0.0 
1 757 14.4503873725806 0.0 0.0 0.0 
1 758 14.4503873725806 0.0 0.0 0.0 
1 759 14.4503873725806 0.0 0.0 0.0 
1 760 14.4503873725806 0.0 0.0 0.0 
1 761 14.4503873725806 0.0 0.0 0.0 
1 762 14.4503873725806 0.0 0.0 0.0 
1 763 14.4503873725806 0.0 0.0 0.0 
1 764 14.4503873725806 0.0 0.0 0.0 
1 765 14.4503873725806 0.0 0.0 0.0 
1 766 14.4503873725806 0.0 0.0 0.0 
1 767 14.4503873725806 0.0 0.0 0.0 
1 768 14.4503873725806 0.0 0.0 0.0 
1 769 14.4503873725806 0.0 0.0 0.0 
1 770 14.4503873725806 0.0 0.0 0.0 
1 771 14.4503873725806 0.0 0.0 0.0 
1 772 14.4503873725806 0.0 0.0 0.0 
1 773 14.4503873725806 0.0 0.0 0.0 
1 774 14.4503873725806 0.0 0.0 0.0 
1 775 14.4503873725806 0.0 0.0 0.0 
1 776 14.4503873725806 0.0 0.0 0.0 
1 777 14.4503873725806 0.0 0.0 0.0 
1 778 14.4503873725806 0.0 0.0 0.0 
1 779 14.4503873725806 0.0 0.0 0.0 
1 780 14.4503873725806 0.0 0.0 0.0 
1 781 14.4503873725806 0.0 0.0 0.0 
1 782 14.4503873725806 0.0 0.0 0.0 
1 783 14.4503873725806 0.0 0.0 0.0 
1 784 14.4503873725806 0.0 0.0 0.0 
1 785 14.4503873725806 0.0 0.0 0.0 
1 786 14.4503873725806 0.0 0.0 0.0 
1 787 14.4503873725806 0.0 0.0 0.0 
1 788 14.4503873725806 0.0 0.0 0.0 
1 789 14.4503873725806 0.0 0.0 0.0 
1 790 14.4503873725806 0.0 0.0 0.0 
1 791 14.4503873725806 0.0 0.0 0.0 
1 792 14.4503873725806 0.0 0.0 0.0 
1 793 14.4503873725806 0.0 0.0 0.0 
1 794 14.4503873725806 0.0 0.0 0.0 
1 795 14.4503873725806 0.0 0.0 0.0 
1 796 14.4503873725806 0.0 0.0 0.0 
1 797 14.4503873725806 0.0 0.0 0.0 
1 798 14.4503873725806 0.0 0.0 0.0 
1 799 14.4503873725806 0.0 0.0 0.0 
1 800 14.4503873725806 0.0 0.0 0.0 
1 801 14.4503873725806 0.0 0.0 0.0 
1 802 14.4503873725806 0.0 0.0 0.0 
1 803 14.4503873725806 0.0 0.0 0.0 
1 804 14.4503873725806 0.0 0.0 0.0 
1 805 14.4503873725806 0.0 0.0 0.0 
1 806 14.4503873725806 0.0 0.0 0.0 
1 807 14.4503873725806 0.0 0.0 0.0 
1 808 14.4503873725806 0.0 0.0 0.0 
1 809 14.4503873725806 0.0 0.0 0.0 
1 810 14.4503873725806 0.0 0.0 0.0 
1 811 14.4503873725806 0.0 0.0 0.0 
1 812 14.4503873725806 0.0 0.0 0.0 
1 813 14.4503873725806 0.0 0.0 0.0 
1 814 14.4503873725806 0.0 0.0 0.0 
1 815 14.4503873725806 0.0 0.0 0.0 
1 816 14.4503873725806 0.0 0.0 0.0 
1 817 14.4503873725806 0.0 0.0 0.0 
1 818 14.4503873725806 0.0 0.0 0.0 
1 819 14.4503873725806 0.0 0.0 0.0 
1 820 14.4503873725806 0.0 0.0 0.0 
1 821 14.4503873725806 0.0 0.0 0.0 
1 822 14.4503873725806 0.0 0.0 0.0 
1 823 14.4503873725806 0.0 0.0 0.0 
1 824 14.4503873725806 0.0 0.0 0.0 
1 825 14.4503873725806 0.0 0.0 0.0 
1 826 14.4503873725806 0.0 0.0 0.0 
1 827 14.4503873725806 0.0 0.0 0.0 
1 828 14.4503873725806 0.0 0.0 0.0 
1 829 14.4503873725806 0.0 0.0 0.0 
1 830 14.4503873725806 0.0 0.0 0.0 
1 831 14.4503873725806 0.0 0.0 0.0 
1 832 14.4503873725806 0.0 0.0 0.0 
1 833 14.4503873725806 0.0 0.0 0.0 
1 834 14.4503873725806 0.0 0.0 0.0 
1 835 14.4503873725806 0.0 0.0 0.0 
1 836 14.4503873725806 0.0 0.0 0.0 
1 837 14.4503873725806 0.0 0.0 0.0 
1 838 14.4503873725806 0.0 0.0 0.0 
1 839 14.4503873725806 0.0 0.0 0.0 
1 840 14.4503873725806 0.0 0.0 0.0 
1 841 14.4503873725806 0.0 0.0 0.0 
1 842 14.4503873725806 0.0 0.0 0.0 
1 843 14.4503873725806 0.0 0.0 0.0 
1 844 14.4503873725806 0.0 0.0 0.0 
1 845 14.4503873725806 0.0 0.0 0.0 
1 846 14.4503873725806 0.0 0.0 0.0 
1 847 14.4503873725806 0.0 0.0 0.0 
1 848 14.4503873725806 0.0 0.0 0.0 
1 849 14.4503873725806 0.0 0.0 0.0 
1 850 14.4503873725806 0.0 0.0 0.0 
1 851 14.4503873725806 0.0 0.0 0.0 
1 852 14.4503873725806 0.0 0.0 0.0 
1 853 14.4503873725806 0.0 0.0 0.0 
1 854 14.4503873725806 0.0 0.0 0.0 
1 855 14.4503873725806 0.0 0.0 0.0 
1 856 14.4503873725806 0.0 0.0 0.0 
1 857 14.4503873725806 0.0 0.0 0.0 
1 858 14.4503873725806 0.0 0.0 0.0 
1 859 14.4503873725806 0.0 0.0 0.0 
1 860 14.4503873725806 0.0 0.0 0.0 
1 861 14.4503873725806 0.0 0.0 0.0 
1 862 14.4503873725806 0.0 0.0 0.0 
1 863 14.4503873725806 0.0 0.0 0.0 
1 864 14.4503873725806 0.0 0.0 0.0 
1 865 14.4503873725806 0.0 0.0 0.0 
1 866 14.4503873725806 0.0 0.0 0.0 
1 867 14.4503873725806 0.0 0.0 0.0 
1 868 14.4503873725806 0.0 0.0 0.0 
1 869 14.4503873725806 0.0 0.0 0.0 
1 870 14.4503873725806 0.0 0.0 0.0 
1 871 14.4503873725806 0.0 0.0 0.0 
1 872 14.4503873725806 0.0 0.0 0.0 
1 873 14.4503873725806 0.0 0.0 0.0 
1 874 14.4503873725806 0.0 0.0 0.0 
1 875 14.4503873725806 0.0 0.0 0.0 
1 876 14.4503873725806 0.0 0.0 0.0 
1 877 14.4503873725806 0.0 0.0 0.0 
1 878 14.4503873725806 0.0 0.0 0.0 
1 879 14.4503873725806 0.0 0.0 0.0 
1 880 14.4503873725806 0.0 0.0 0.0 
1 881 14.4503873725806 0.0 0.0 0.0 
1 882 14.4503873725806 0.0 0.0 0.0 
1 883 14.4503873725806 0.0 0.0 0.0 
1 884 14.4503873725806 0.0 0.0 0.0 
1 885 14.4503873725806 0.0 0.0 0.0 
1 886 14.4503873725806 0.0 0.0 0.0 
1 887 14.4503873725806 0.0 0.0 0.0 
1 888 14.4503873725806 0.0 0.0 0.0 
1 889 14.4503873725806 0.0 0.0 0.0 
1 890 14.4503873725806 0.0 0.0 0.0 
1 891 14.4503873725806 0.0 0.0 0.0 
1 892 14.4503873725806 0.0 0.0 0.0 
1 893 14.4503873725806 0.0 0.0 0.0 
1 894 14.4503873725806 0.0 0.0 0.0 
1 895 14.4503873725806 0.0 0.0 0.0 
1 896 14.4503873725806 0.0 0.0 0.0 
1 897 14.4503873725806 0.0 0.0 0.0 
1 898 14.4503873725806 0.0 0.0 0.0 
1 899 14.4503873725806 0.0 0.0 0.0 
1 900 14.4503873725806 0.0 0.0 0.0 
1 901 14.4503873725806 0.0 0.0 0.0 
1 902 14.4503873725806 0.0 0.0 0.0 
1 903 14.4503873725806 0.0 0.0 0.0 
1 904 14.4503873725806 0.0 0.0 0.0 
1 905 14.4503873725806 0.0 0.0 0.0 
1 906 14.4503873725806 0.0 0.0 0.0 
1 907 14.4503873725806 0.0 0.0 0.0 
1 908 14.4503873725806 0.0 0.0 0.0 
1 909 14.4503873725806 0.0 0.0 0.0 
1 910 14.4503873725806 0.0 0.0 0.0 
1 911 14.4503873725806 0.0 0.0 0.0 
1 912 14.4503873725806 0.0 0.0 0.0 
1 913 14.4503873725806 0.0 0.0 0.0 
1 914 14.4503873725806 0.0 0.0 0.0 
1 915 14.4503873725806 0.0 0.0 0.0 
1 916 14.4503873725806 0.0 0.0 0.0 
1 917 14.4503873725806 0.0 0.0 0.0 
1 918 14.4503873725806 0.0 0.0 0.0 
1 919 14.4503873725806 0.0 0.0 0.0 
1 920 14.4503873725806 0.0 0.0 0.0 
1 921 14.4503873725806 0.0 0.0 0.0 
1 922 14.4503873725806 0.0 0.0 0.0 
1 923 14.4503873725806 0.0 0.0 0.0 
1 924 14.4503873725806 0.0 0.0 0.0 
1 925 14.4503873725806 0.0 0.0 0.0 
1 926 14.4503873725806 0.0 0.0 0.0 
1 927 14.4503873725806 0.0 0.0 0.0 
1 928 14.4503873725806 0.0 0.0 0.0 
1 929 14.4503873725806 0.0 0.0 0.0 
1 930 14.4503873725806 0.0 0.0 0.0 
1 931 14.4503873725806 0.0 0.0 0.0 
1 932 14.4503873725806 0.0 0.0 0.0 
1 933 14.4503873725806 0.0 0.0 0.0 
1 934 14.4503873725806 0.0 0.0 0.0 
1 935 14.4503873725806 0.0 0.0 0.0 
1 936 14.4503873725806 0.0 0.0 0.0 
1 937 14.4503873725806 0.0 0.0 0.0 
1 938 14.4503873725806 0.0 0.0 0.0 
1 939 14.4503873725806 0.0 0.0 0.0 
1 940 14.4503873725806 0.0 0.0 0.0 
1 941 14.4503873725806 0.0 0.0 0.0 
1 942 14.4503873725806 0.0 0.0 0.0 
1 943 14.4503873725806 0.0 0.0 0.0 
1 944 14.4503873725806 0.0 0.0 0.0 
1 945 14.4503873725806 0.0 0.0 0.0 
1 946 14.4503873725806 0.0 0.0 0.0 
1 947 14.4503873725806 0.0 0.0 0.0 
1 948 14.4503873725806 0.0 0.0 0.0 
1 949 14.4503873725806 0.0 0.0 0.0 
1 950 14.4503873725806 0.0 0.0 0.0 
1 951 14.4503873725806 0.0 0.0 0.0 
1 952 14.4503873725806 0.0 0.0 0.0 
1 953 14.4503873725806 0.0 0.0 0.0 
1 954 14.4503873725806 0.0 0.0 0.0 
1 955 14.4503873725806 0.0 0.0 0.0 
1 956 14.4503873725806 0.0 0.0 0.0 
1 957 14.4503873725806 0.0 0.0 0.0 
5 1 44.8973970714516 0.0 0.0 0.0 
5 2 44.8973970714516 0.0 0.0 0.0 
5 3 44.8973970714516 0.0 0.0 0.0 
5 4 44.8973970714516 0.0 0.0 0.0 
5 5 44.8973970714516 0.0 0.0 0.0 
5 6 44.8973970714516 0.0 0.0 0.0 
5 7 44.8973970714516 0.0 0.0 0.0 
5 8 44.8973970714516 0.0 0.0 0.0 
5 9 44.8973970714516 0.0 0.0 0.0 
5 10 44.8973970714516 0.0 0.0 0.0 
5 11 44.8973970714516 0.0 0.0 0.0 
5 12 44.8973970714516 0.0 0.0 0.0 
5 13 44.8973970714516 0.0 0.0 0.0 
5 14 44.8973970714516 0.0 0.0 0.0 
5 15 44.8973970714516 0.0 0.0 0.0 
5 16 44.8973970714516 0.0 0.0 0.0 
5 17 44.8973970714516 0.0 0.0 0.0 
5 18 44.8973970714516 0.0 0.0 0.0 
5 19 44.8973970714516 0.0 0.0 0.0 
5 20 44.8973970714516 0.0 0.0 0.0 
5 21 44.8973970714516 0.0 0.0 0.0 
5 22 44.8973970714516 0.0 0.0 0.0 
5 23 44.8973970714516 0.0 0.0 0.0 
5 24 44.8973970714516 0.0 0.0 0.0 
5 25 44.8973970714516 0.0 0.0 0.0 
5 26 44.8973970714516 0.0 0.0 0.0 
5 27 44.8973970714516 0.0 0.0 0.0 
5 28 44.8973970714516 0.0 0.0 0.0 
5 29 44.8973970714516 0.0 0.0 0.0 
5 30 44.8973970714516 0.0 0.0 0.0 
5 31 44.8973970714516 0.0 0.0 0.0 
5 32 44.8973970714516 0.0 0.0 0.0 
5 33 44.8973970714516 0.0 0.0 0.0 
5 34 44.8973970714516 0.0 0.0 0.0 
5 35 44.8973970714516 0.0 0.0 0.0 
5 36 44.8973970714516 0.0 0.0 0.0 
5 37 44.8973970714516 0.0 0.0 0.0 
5 38 44.8973970714516 0.0 0.0 0.0 
5 39 44.8973970714516 0.0 0.0 0.0 
5 40 44.8973970714516 0.0 0.0 0.0 
5 41 44.8973970714516 0.0 0.0 0.0 
5 42 44.8973970714516 0.0 0.0 0.0 
5 43 44.8973970714516 0.0 0.0 0.0 
5 44 44.8973970714516 0.0 0.0 0.0 
5 45 44.8973970714516 0.0 0.0 0.0 
5 46 44.8973970714516 0.0 0.0 0.0 
5 47 44.8973970714516 0.0 0.0 0.0 
5 48 44.8973970714516 0.0 0.0 0.0 
5 49 44.8973970714516 0.0 0.0 0.0 
5 50 44.8973970714516 0.0 0.0 0.0 
5 51 44.8973970714516 0.0 0.0 0.0 
5 52 44.8973970714516 0.0 0.0 0.0 
5 53 44.8973970714516 0.0 0.0 0.0 
5 54 44.8973970714516 0.0 0.0 0.0 
5 55 44.8973970714516 0.0 0.0 0.0 
5 56 44.8973970714516 0.0 0.0 0.0 
5 57 44.8973970714516 0.0 0.0 0.0 
5 58 44.8973970714516 0.0 0.0 0.0 
5 59 44.8973970714516 0.0 0.0 0.0 
5 60 44.8973970714516 0.0 0.0 0.0 
5 61 44.8973970714516 0.0 0.0 0.0 
5 62 44.8973970714516 0.0 0.0 0.0 
5 63 44.8973970714516 0.0 0.0 0.0 
5 64 44.8973970714516 0.0 0.0 0.0 
5 65 44.8973970714516 0.0 0.0 0.0 
5 66 44.8973970714516 0.0 0.0 0.0 
5 67 44.8973970714516 0.0 0.0 0.0 
5 68 44.8973970714516 0.0 0.0 0.0 
5 69 44.8973970714516 0.0 0.0 0.0 
5 70 44.8973970714516 0.0 0.0 0.0 
5 71 44.8973970714516 0.0 0.0 0.0 
5 72 44.8973970714516 0.0 0.0 0.0 
5 73 44.8973970714516 0.0 0.0 0.0 
5 74 44.8973970714516 0.0 0.0 0.0 
5 75 44.8973970714516 0.0 0.0 0.0 
5 76 44.8973970714516 0.0 0.0 0.0 
5 77 44.8973970714516 0.0 0.0 0.0 
5 78 44.8973970714516 0.0 0.0 0.0 
5 79 44.8973970714516 0.0 0.0 0.0 
5 80 44.8973970714516 0.0 0.0 0.0 
5 81 44.8973970714516 0.0 0.0 0.0 
5 82 44.8973970714516 0.0 0.0 0.0 
5 83 44.8973970714516 0.0 0.0 0.0 
5 84 44.8973970714516 0.0 0.0 0.0 
5 85 44.8973970714516 0.0 0.0 0.0 
5 86 44.8973970714516 0.0 0.0 0.0 
5 87 44.8973970714516 0.0 0.0 0.0 
5 88 44.8973970714516 0.0 0.0 0.0 
5 89 44.8973970714516 0.0 0.0 0.0 
5 90 44.8973970714516 0.0 0.0 0.0 
5 91 44.8973970714516 0.0 0.0 0.0 
5 92 44.8973970714516 0.0 0.0 0.0 
5 93 44.8973970714516 0.0 0.0 0.0 
5 94 44.8973970714516 0.0 0.0 0.0 
5 95 44.8973970714516 0.0 0.0 0.0 
5 96 44.8973970714516 0.0 0.0 0.0 
5 97 44.8973970714516 0.0 0.0 0.0 
5 98 44.8973970714516 0.0 0.0 0.0 
5 99 44.8973970714516 0.0 0.0 0.0 
5 100 44.8973970714516 0.0 0.0 0.0 
5 101 44.8973970714516 0.0 0.0 0.0 
5 102 44.8973970714516 0.0 0.0 0.0 
5 103 44.8973970714516 0.0 0.0 0.0 
5 104 44.8973970714516 0.0 0.0 0.0 
5 105 44.8973970714516 0.0 0.0 0.0 
5 106 44.8973970714516 0.0 0.0 0.0 
5 107 44.8973970714516 0.0 0.0 0.0 
5 108 44.8973970714516 0.0 0.0 0.0 
5 109 44.8973970714516 0.0 0.0 0.0 
5 110 44.8973970714516 0.0 0.0 0.0 
5 111 44.8973970714516 0.0 0.0 0.0 
5 112 44.8973970714516 0.0 0.0 0.0 
5 113 44.8973970714516 0.0 0.0 0.0 
5 114 44.8973970714516 0.0 0.0 0.0 
5 115 44.8973970714516 0.0 0.0 0.0 
5 116 44.8973970714516 0.0 0.0 0.0 
5 117 44.8973970714516 0.0 0.0 0.0 
5 118 44.8973970714516 0.0 0.0 0.0 
5 119 44.8973970714516 0.0 0.0 0.0 
5 120 44.8973970714516 0.0 0.0 0.0 
5 121 44.8973970714516 0.0 0.0 0.0 
5 122 44.8973970714516 0.0 0.0 0.0 
5 123 44.8973970714516 0.0 0.0 0.0 
5 124 44.8973970714516 0.0 0.0 0.0 
5 125 44.8973970714516 0.0 0.0 0.0 
5 126 44.8973970714516 0.0 0.0 0.0 
5 127 44.8973970714516 0.0 0.0 0.0 
5 128 44.8973970714516 0.0 0.0 0.0 
5 129 44.8973970714516 0.0 0.0 0.0 
5 130 44.8973970714516 0.0 0.0 0.0 
5 131 44.8973970714516 0.0 0.0 0.0 
5 132 44.8973970714516 0.0 0.0 0.0 
5 133 44.8973970714516 0.0 0.0 0.0 
5 134 44.8973970714516 0.0 0.0 0.0 
5 135 44.8973970714516 0.0 0.0 0.0 
5 136 44.8973970714516 0.0 0.0 0.0 
5 137 44.8973970714516 0.0 0.0 0.0 
5 138 44.8973970714516 0.0 0.0 0.0 
5 139 44.8973970714516 0.0 0.0 0.0 
5 140 44.8973970714516 0.0 0.0 0.0 
5 141 44.8973970714516 0.0 0.0 0.0 
5 142 44.8973970714516 0.0 0.0 0.0 
5 143 44.8973970714516 0.0 0.0 0.0 
5 144 44.8973970714516 0.0 0.0 0.0 
5 145 44.8973970714516 0.0 0.0 0.0 
5 146 44.8973970714516 0.0 0.0 0.0 
5 147 44.8973970714516 0.0 0.0 0.0 
5 148 44.8973970714516 0.0 0.0 0.0 
5 149 44.8973970714516 0.0 0.0 0.0 
5 150 44.8973970714516 0.0 0.0 0.0 
5 151 44.8973970714516 0.0 0.0 0.0 
5 152 44.8973970714516 0.0 0.0 0.0 
5 153 44.8973970714516 0.0 0.0 0.0 
5 154 44.8973970714516 0.0 0.0 0.0 
5 155 44.8973970714516 0.0 0.0 0.0 
5 156 44.8973970714516 0.0 0.0 0.0 
5 157 44.8973970714516 0.0 0.0 0.0 
5 158 44.8973970714516 0.0 0.0 0.0 
5 159 44.8973970714516 0.0 0.0 0.0 
5 160 44.8973970714516 0.0 0.0 0.0 
5 161 44.8973970714516 0.0 0.0 0.0 
5 162 44.8973970714516 0.0 0.0 0.0 
5 163 44.8973970714516 0.0 0.0 0.0 
5 164 44.8973970714516 0.0 0.0 0.0 
5 165 44.8973970714516 0.0 0.0 0.0 
5 166 44.8973970714516 0.0 0.0 0.0 
5 167 44.8973970714516 0.0 0.0 0.0 
5 168 44.8973970714516 0.0 0.0 0.0 
5 169 44.8973970714516 0.0 0.0 0.0 
5 170 44.8973970714516 0.0 0.0 0.0 
5 171 44.8973970714516 0.0 0.0 0.0 
5 172 44.8973970714516 0.0 0.0 0.0 
5 173 44.8973970714516 0.0 0.0 0.0 
5 174 44.8973970714516 0.0 0.0 0.0 
5 175 44.8973970714516 0.0 0.0 0.0 
5 176 44.8973970714516 0.0 0.0 0.0 
5 177 44.8973970714516 0.0 0.0 0.0 
5 178 44.8973970714516 0.0 0.0 0.0 
5 179 44.8973970714516 0.0 0.0 0.0 
5 180 44.8973970714516 0.0 0.0 0.0 
5 181 44.8973970714516 0.0 0.0 0.0 
5 182 44.8973970714516 0.0 0.0 0.0 
5 183 44.8973970714516 0.0 0.0 0.0 
5 184 44.8973970714516 0.0 0.0 0.0 
5 185 44.8973970714516 0.0 0.0 0.0 
5 186 44.8973970714516 0.0 0.0 0.0 
5 187 44.8973970714516 0.0 0.0 0.0 
5 188 44.8973970714516 0.0 0.0 0.0 
5 189 44.8973970714516 0.0 0.0 0.0 
5 190 44.8973970714516 0.0 0.0 0.0 
5 191 44.8973970714516 0.0 0.0 0.0 
5 192 44.8973970714516 0.0 0.0 0.0 
5 193 44.8973970714516 0.0 0.0 0.0 
5 194 44.8973970714516 0.0 0.0 0.0 
5 195 44.8973970714516 0.0 0.0 0.0 
5 196 44.8973970714516 0.0 0.0 0.0 
5 197 44.8973970714516 0.0 0.0 0.0 
5 198 44.8973970714516 0.0 0.0 0.0 
5 199 44.8973970714516 0.0 0.0 0.0 
5 200 44.8973970714516 0.0 0.0 0.0 
5 201 44.8973970714516 0.0 0.0 0.0 
5 202 44.8973970714516 0.0 0.0 0.0 
5 203 44.8973970714516 0.0 0.0 0.0 
5 204 44.8973970714516 0.0 0.0 0.0 
5 205 44.8973970714516 0.0 0.0 0.0 
5 206 44.8973970714516 0.0 0.0 0.0 
5 207 44.8973970714516 0.0 0.0 0.0 
5 208 44.8973970714516 0.0 0.0 0.0 
5 209 44.8973970714516 0.0 0.0 0.0 
5 210 44.8973970714516 0.0 0.0 0.0 
5 211 44.8973970714516 0.0 0.0 0.0 
5 212 44.8973970714516 0.0 0.0 0.0 
5 213 44.8973970714516 0.0 0.0 0.0 
5 214 44.8973970714516 0.0 0.0 0.0 
5 215 44.8973970714516 0.0 0.0 0.0 
5 216 44.8973970714516 0.0 0.0 0.0 
5 217 44.8973970714516 0.0 0.0 0.0 
5 218 44.8973970714516 0.0 0.0 0.0 
5 219 44.8973970714516 0.0 0.0 0.0 
5 220 44.8973970714516 0.0 0.0 0.0 
5 221 44.8973970714516 0.0 0.0 0.0 
5 222 44.8973970714516 0.0 0.0 0.0 
5 223 44.8973970714516 0.0 0.0 0.0 
5 224 44.8973970714516 0.0 0.0 0.0 
5 225 44.8973970714516 0.0 0.0 0.0 
5 226 44.8973970714516 0.0 0.0 0.0 
5 227 44.8973970714516 0.0 0.0 0.0 
5 228 44.8973970714516 0.0 0.0 0.0 
5 229 44.8973970714516 0.0 0.0 0.0 
5 230 44.8973970714516 0.0 0.0 0.0 
5 231 44.8973970714516 0.0 0.0 0.0 
5 232 44.8973970714516 0.0 0.0 0.0 
5 233 44.8973970714516 0.0 0.0 0.0 
5 234 44.8973970714516 0.0 0.0 0.0 
5 235 44.8973970714516 0.0 0.0 0.0 
5 236 44.8973970714516 0.0 0.0 0.0 
5 237 44.8973970714516 0.0 0.0 0.0 
5 238 44.8973970714516 0.0 0.0 0.0 
5 239 44.8973970714516 0.0 0.0 0.0 
5 240 44.8973970714516 0.0 0.0 0.0 
5 241 44.8973970714516 0.0 0.0 0.0 
5 242 44.8973970714516 0.0 0.0 0.0 
5 243 44.8973970714516 0.0 0.0 0.0 
5 244 44.8973970714516 0.0 0.0 0.0 
5 245 44.8973970714516 0.0 0.0 0.0 
5 246 44.8973970714516 0.0 0.0 0.0 
5 247 44.8973970714516 0.0 0.0 0.0 
5 248 44.8973970714516 0.0 0.0 0.0 
5 249 44.8973970714516 0.0 0.0 0.0 
5 250 44.8973970714516 0.0 0.0 0.0 
5 251 44.8973970714516 0.0 0.0 0.0 
5 252 44.8973970714516 0.0 0.0 0.0 
5 253 44.8973970714516 0.0 0.0 0.0 
5 254 44.8973970714516 0.0 0.0 0.0 
5 255 44.8973970714516 0.0 0.0 0.0 
5 256 44.8973970714516 0.0 0.0 0.0 
5 257 44.8973970714516 0.0 0.0 0.0 
5 258 44.8973970714516 0.0 0.0 0.0 
5 259 44.8973970714516 0.0 0.0 0.0 
5 260 44.8973970714516 0.0 0.0 0.0 
5 261 44.8973970714516 0.0 0.0 0.0 
5 262 44.8973970714516 0.0 0.0 0.0 
5 263 44.8973970714516 0.0 0.0 0.0 
5 264 44.8973970714516 0.0 0.0 0.0 
5 265 44.8973970714516 0.0 0.0 0.0 
5 266 44.8973970714516 0.0 0.0 0.0 
5 267 44.8973970714516 0.0 0.0 0.0 
5 268 44.8973970714516 0.0 0.0 0.0 
5 269 44.8973970714516 0.0 0.0 0.0 
5 270 44.8973970714516 0.0 0.0 0.0 
5 271 44.8973970714516 0.0 0.0 0.0 
5 272 44.8973970714516 0.0 0.0 0.0 
5 273 44.8973970714516 0.0 0.0 0.0 
5 274 44.8973970714516 0.0 0.0 0.0 
5 275 44.8973970714516 0.0 0.0 0.0 
5 276 44.8973970714516 0.0 0.0 0.0 
5 277 44.8973970714516 0.0 0.0 0.0 
5 278 44.8973970714516 0.0 0.0 0.0 
5 279 44.8973970714516 0.0 0.0 0.0 
5 280 44.8973970714516 0.0 0.0 0.0 
5 281 44.8973970714516 0.0 0.0 0.0 
5 282 44.8973970714516 0.0 0.0 0.0 
5 283 44.8973970714516 0.0 0.0 0.0 
5 284 44.8973970714516 0.0 0.0 0.0 
5 285 44.8973970714516 0.0 0.0 0.0 
5 286 44.8973970714516 0.0 0.0 0.0 
5 287 44.8973970714516 0.0 0.0 0.0 
5 288 44.8973970714516 0.0 0.0 0.0 
5 289 44.8973970714516 0.0 0.0 0.0 
5 290 44.8973970714516 0.0 0.0 0.0 
5 291 44.8973970714516 0.0 0.0 0.0 
5 292 44.8973970714516 0.0 0.0 0.0 
5 293 44.8973970714516 0.0 0.0 0.0 
5 294 44.8973970714516 0.0 0.0 0.0 
5 295 44.8973970714516 0.0 0.0 0.0 
5 296 44.8973970714516 0.0 0.0 0.0 
5 297 44.8973970714516 0.0 0.0 0.0 
5 298 44.8973970714516 0.0 0.0 0.0 
5 299 44.8973970714516 0.0 0.0 0.0 
5 300 44.8973970714516 0.0 0.0 0.0 
5 301 44.8973970714516 0.0 0.0 0.0 
5 302 44.8973970714516 0.0 0.0 0.0 
5 303 44.8973970714516 0.0 0.0 0.0 
5 304 44.8973970714516 0.0 0.0 0.0 
5 305 44.8973970714516 0.0 0.0 0.0 
5 306 44.8973970714516 0.0 0.0 0.0 
5 307 44.8973970714516 0.0 0.0 0.0 
5 308 44.8973970714516 0.0 0.0 0.0 
5 309 44.8973970714516 0.0 0.0 0.0 
5 310 44.8973970714516 0.0 0.0 0.0 
5 311 44.8973970714516 0.0 0.0 0.0 
5 312 44.8973970714516 0.0 0.0 0.0 
5 313 44.8973970714516 0.0 0.0 0.0 
5 314 44.8973970714516 0.0 0.0 0.0 
5 315 44.8973970714516 0.0 0.0 0.0 
5 316 44.8973970714516 0.0 0.0 0.0 
5 317 44.8973970714516 0.0 0.0 0.0 
5 318 44.8973970714516 0.0 0.0 0.0 
5 319 44.8973970714516 0.0 0.0 0.0 
5 320 44.8973970714516 0.0 0.0 0.0 
5 321 44.8973970714516 0.0 0.0 0.0 
5 322 44.8973970714516 0.0 0.0 0.0 
5 323 44.8973970714516 0.0 0.0 0.0 
5 324 44.8973970714516 0.0 0.0 0.0 
5 325 44.8973970714516 0.0 0.0 0.0 
5 326 44.8973970714516 0.0 0.0 0.0 
5 327 44.8973970714516 0.0 0.0 0.0 
5 328 44.8973970714516 0.0 0.0 0.0 
5 329 44.8973970714516 0.0 0.0 0.0 
5 330 44.8973970714516 0.0 0.0 0.0 
5 331 44.8973970714516 0.0 0.0 0.0 
5 332 44.8973970714516 0.0 0.0 0.0 
5 333 44.8973970714516 0.0 0.0 0.0 
5 334 44.8973970714516 0.0 0.0 0.0 
5 335 44.8973970714516 0.0 0.0 0.0 
5 336 44.8973970714516 0.0 0.0 0.0 
5 337 44.8973970714516 0.0 0.0 0.0 
5 338 44.8973970714516 0.0 0.0 0.0 
5 339 44.8973970714516 0.0 0.0 0.0 
5 340 44.8973970714516 0.0 0.0 0.0 
5 341 44.8973970714516 0.0 0.0 0.0 
5 342 44.8973970714516 0.0 0.0 0.0 
5 343 44.8973970714516 0.0 0.0 0.0 
5 344 44.8973970714516 0.0 0.0 0.0 
5 345 44.8973970714516 0.0 0.0 0.0 
5 346 44.8973970714516 0.0 0.0 0.0 
5 347 44.8973970714516 0.0 0.0 0.0 
5 348 44.8973970714516 0.0 0.0 0.0 
5 349 44.8973970714516 0.0 0.0 0.0 
5 350 44.8973970714516 0.0 0.0 0.0 
5 351 44.8973970714516 0.0 0.0 0.0 
5 352 44.8973970714516 0.0 0.0 0.0 
5 353 44.8973970714516 0.0 0.0 0.0 
5 354 44.8973970714516 0.0 0.0 0.0 
5 355 44.8973970714516 0.0 0.0 0.0 
5 356 44.8973970714516 0.0 0.0 0.0 
5 357 44.8973970714516 0.0 0.0 0.0 
5 358 44.8973970714516 0.0 0.0 0.0 
5 359 44.8973970714516 0.0 0.0 0.0 
5 360 44.8973970714516 0.0 0.0 0.0 
5 361 44.8973970714516 0.0 0.0 0.0 
5 362 44.8973970714516 0.0 0.0 0.0 
5 363 44.8973970714516 0.0 0.0 0.0 
5 364 44.8973970714516 0.0 0.0 0.0 
5 365 44.8973970714516 0.0 0.0 0.0 
5 366 44.8973970714516 0.0 0.0 0.0 
5 367 44.8973970714516 0.0 0.0 0.0 
5 368 44.8973970714516 0.0 0.0 0.0 
5 369 44.8973970714516 0.0 0.0 0.0 
5 370 44.8973970714516 0.0 0.0 0.0 
5 371 44.8973970714516 0.0 0.0 0.0 
5 372 44.8973970714516 0.0 0.0 0.0 
5 373 44.8973970714516 0.0 0.0 0.0 
5 374 44.8973970714516 0.0 0.0 0.0 
5 375 44.8973970714516 0.0 0.0 0.0 
5 376 44.8973970714516 0.0 0.0 0.0 
5 377 44.8973970714516 0.0 0.0 0.0 
5 378 44.8973970714516 0.0 0.0 0.0 
5 379 44.8973970714516 0.0 0.0 0.0 
5 380 44.8973970714516 0.0 0.0 0.0 
5 381 44.8973970714516 0.0 0.0 0.0 
5 382 44.8973970714516 0.0 0.0 0.0 
5 383 44.8973970714516 0.0 0.0 0.0 
5 384 44.8973970714516 0.0 0.0 0.0 
5 385 44.8973970714516 0.0 0.0 0.0 
5 386 44.8973970714516 0.0 0.0 0.0 
5 387 44.8973970714516 0.0 0.0 0.0 
5 388 44.8973970714516 0.0 0.0 0.0 
5 389 44.8973970714516 0.0 0.0 0.0 
5 390 44.8973970714516 0.0 0.0 0.0 
5 391 44.8973970714516 0.0 0.0 0.0 
5 392 44.8973970714516 0.0 0.0 0.0 
5 393 44.8973970714516 0.0 0.0 0.0 
5 394 44.8973970714516 0.0 0.0 0.0 
5 395 44.8973970714516 0.0 0.0 0.0 
5 396 44.8973970714516 0.0 0.0 0.0 
5 397 44.8973970714516 0.0 0.0 0.0 
5 398 44.8973970714516 0.0 0.0 0.0 
5 399 44.8973970714516 0.0 0.0 0.0 
5 400 44.8973970714516 0.0 0.0 0.0 
5 401 44.8973970714516 0.0 0.0 0.0 
5 402 44.8973970714516 0.0 0.0 0.0 
5 403 44.8973970714516 0.0 0.0 0.0 
5 404 44.8973970714516 0.0 0.0 0.0 
5 405 44.8973970714516 0.0 0.0 0.0 
5 406 44.8973970714516 0.0 0.0 0.0 
5 407 44.8973970714516 0.0 0.0 0.0 
5 408 44.8973970714516 0.0 0.0 0.0 
5 409 44.8973970714516 0.0 0.0 0.0 
5 410 44.8973970714516 0.0 0.0 0.0 
5 411 44.8973970714516 0.0 0.0 0.0 
5 412 44.8973970714516 0.0 0.0 0.0 
5 413 44.8973970714516 0.0 0.0 0.0 
5 414 44.8973970714516 0.0 0.0 0.0 
5 415 44.8973970714516 0.0 0.0 0.0 
5 416 44.8973970714516 0.0 0.0 0.0 
5 417 44.8973970714516 0.0 0.0 0.0 
5 418 44.8973970714516 0.0 0.0 0.0 
5 419 44.8973970714516 0.0 0.0 0.0 
5 420 44.8973970714516 0.0 0.0 0.0 
5 421 44.8973970714516 0.0 0.0 0.0 
5 422 44.8973970714516 0.0 0.0 0.0 
5 423 44.8973970714516 0.0 0.0 0.0 
5 424 44.8973970714516 0.0 0.0 0.0 
5 425 44.8973970714516 0.0 0.0 0.0 
5 426 44.8973970714516 0.0 0.0 0.0 
5 427 44.8973970714516 0.0 0.0 0.0 
5 428 44.8973970714516 0.0 0.0 0.0 
5 429 44.8973970714516 0.0 0.0 0.0 
5 430 44.8973970714516 0.0 0.0 0.0 
5 431 44.8973970714516 0.0 0.0 0.0 
5 432 44.8973970714516 0.0 0.0 0.0 
5 433 44.8973970714516 0.0 0.0 0.0 
5 434 44.8973970714516 0.0 0.0 0.0 
5 435 44.8973970714516 0.0 0.0 0.0 
5 436 44.8973970714516 0.0 0.0 0.0 
5 437 44.8973970714516 0.0 0.0 0.0 
5 438 44.8973970714516 0.0 0.0 0.0 
5 439 44.8973970714516 0.0 0.0 0.0 
5 440 44.8973970714516 0.0 0.0 0.0 
5 441 44.8973970714516 0.0 0.0 0.0 
5 442 44.8973970714516 0.0 0.0 0.0 
5 443 44.8973970714516 0.0 0.0 0.0 
5 444 44.8973970714516 0.0 0.0 0.0 
5 445 44.8973970714516 0.0 0.0 0.0 
5 446 44.8973970714516 0.0 0.0 0.0 
5 447 44.8973970714516 0.0 0.0 0.0 
5 448 44.8973970714516 0.0 0.0 0.0 
5 449 44.8973970714516 0.0 0.0 0.0 
5 450 44.8973970714516 0.0 0.0 0.0 
5 451 44.8973970714516 0.0 0.0 0.0 
5 452 44.8973970714516 0.0 0.0 0.0 
5 453 44.8973970714516 0.0 0.0 0.0 
5 454 44.8973970714516 0.0 0.0 0.0 
5 455 44.8973970714516 0.0 0.0 0.0 
5 456 44.8973970714516 0.0 0.0 0.0 
5 457 44.8973970714516 0.0 0.0 0.0 
5 458 44.8973970714516 0.0 0.0 0.0 
5 459 44.8973970714516 0.0 0.0 0.0 
5 460 44.8973970714516 0.0 0.0 0.0 
5 461 44.8973970714516 0.0 0.0 0.0 
5 462 44.8973970714516 0.0 0.0 0.0 
5 463 44.8973970714516 0.0 0.0 0.0 
5 464 44.8973970714516 0.0 0.0 0.0 
5 465 44.8973970714516 0.0 0.0 0.0 
5 466 44.8973970714516 0.0 0.0 0.0 
5 467 44.8973970714516 0.0 0.0 0.0 
5 468 44.8973970714516 0.0 0.0 0.0 
5 469 44.8973970714516 0.0 0.0 0.0 
5 470 44.8973970714516 0.0 0.0 0.0 
5 471 44.8973970714516 0.0 0.0 0.0 
5 472 44.8973970714516 0.0 0.0 0.0 
5 473 44.8973970714516 0.0 0.0 0.0 
5 474 44.8973970714516 0.0 0.0 0.0 
5 475 44.8973970714516 0.0 0.0 0.0 
5 476 44.8973970714516 0.0 0.0 0.0 
5 477 44.8973970714516 0.0 0.0 0.0 
5 478 44.8973970714516 0.0 0.0 0.0 
5 479 44.8973970714516 0.0 0.0 0.0 
5 480 44.8973970714516 0.0 0.0 0.0 
5 481 44.8973970714516 0.0 0.0 0.0 
5 482 44.8973970714516 0.0 0.0 0.0 
5 483 44.8973970714516 0.0 0.0 0.0 
5 484 44.8973970714516 0.0 0.0 0.0 
5 485 44.8973970714516 0.0 0.0 0.0 
5 486 44.8973970714516 0.0 0.0 0.0 
5 487 44.8973970714516 0.0 0.0 0.0 
5 488 44.8973970714516 0.0 0.0 0.0 
5 489 44.8973970714516 0.0 0.0 0.0 
5 490 44.8973970714516 0.0 0.0 0.0 
5 491 44.8973970714516 0.0 0.0 0.0 
5 492 44.8973970714516 0.0 0.0 0.0 
5 493 44.8973970714516 0.0 0.0 0.0 
5 494 44.8973970714516 0.0 0.0 0.0 
5 495 44.8973970714516 0.0 0.0 0.0 
5 496 44.8973970714516 0.0 0.0 0.0 
5 497 44.8973970714516 0.0 0.0 0.0 
5 498 44.8973970714516 0.0 0.0 0.0 
5 499 44.8973970714516 0.0 0.0 0.0 
5 500 44.8973970714516 0.0 0.0 0.0 
5 501 44.8973970714516 0.0 0.0 0.0 
5 502 44.8973970714516 0.0 0.0 0.0 
5 503 44.8973970714516 0.0 0.0 0.0 
5 504 44.8973970714516 0.0 0.0 0.0 
5 505 44.8973970714516 0.0 0.0 0.0 
5 506 44.8973970714516 0.0 0.0 0.0 
5 507 44.8973970714516 0.0 0.0 0.0 
5 508 44.8973970714516 0.0 0.0 0.0 
5 509 44.8973970714516 0.0 0.0 0.0 
5 510 44.8973970714516 0.0 0.0 0.0 
5 511 44.8973970714516 0.0 0.0 0.0 
5 512 44.8973970714516 0.0 0.0 0.0 
5 513 44.8973970714516 0.0 0.0 0.0 
5 514 44.8973970714516 0.0 0.0 0.0 
5 515 44.8973970714516 0.0 0.0 0.0 
5 516 44.8973970714516 0.0 0.0 0.0 
5 517 44.8973970714516 0.0 0.0 0.0 
5 518 44.8973970714516 0.0 0.0 0.0 
5 519 44.8973970714516 0.0 0.0 0.0 
5 520 44.8973970714516 0.0 0.0 0.0 
5 521 44.8973970714516 0.0 0.0 0.0 
5 522 44.8973970714516 0.0 0.0 0.0 
5 523 44.8973970714516 0.0 0.0 0.0 
5 524 44.8973970714516 0.0 0.0 0.0 
5 525 44.8973970714516 0.0 0.0 0.0 
5 526 44.8973970714516 0.0 0.0 0.0 
5 527 44.8973970714516 0.0 0.0 0.0 
5 528 44.8973970714516 0.0 0.0 0.0 
5 529 44.8973970714516 0.0 0.0 0.0 
5 530 44.8973970714516 0.0 0.0 0.0 
5 531 44.8973970714516 0.0 0.0 0.0 
5 532 44.8973970714516 0.0 0.0 0.0 
5 533 44.8973970714516 0.0 0.0 0.0 
5 534 44.8973970714516 0.0 0.0 0.0 
5 535 44.8973970714516 0.0 0.0 0.0 
5 536 44.8973970714516 0.0 0.0 0.0 
5 537 44.8973970714516 0.0 0.0 0.0 
5 538 44.8973970714516 0.0 0.0 0.0 
5 539 44.8973970714516 0.0 0.0 0.0 
5 540 44.8973970714516 0.0 0.0 0.0 
5 541 44.8973970714516 0.0 0.0 0.0 
5 542 44.8973970714516 0.0 0.0 0.0 
5 543 44.8973970714516 0.0 0.0 0.0 
5 544 44.8973970714516 0.0 0.0 0.0 
5 545 44.8973970714516 0.0 0.0 0.0 
5 546 44.8973970714516 0.0 0.0 0.0 
5 547 44.8973970714516 0.0 0.0 0.0 
5 548 44.8973970714516 0.0 0.0 0.0 
5 549 44.8973970714516 0.0 0.0 0.0 
5 550 44.8973970714516 0.0 0.0 0.0 
5 551 44.8973970714516 0.0 0.0 0.0 
5 552 44.8973970714516 0.0 0.0 0.0 
5 553 44.8973970714516 0.0 0.0 0.0 
5 554 44.8973970714516 0.0 0.0 0.0 
5 555 44.8973970714516 0.0 0.0 0.0 
5 556 44.8973970714516 0.0 0.0 0.0 
5 557 44.8973970714516 0.0 0.0 0.0 
5 558 44.8973970714516 0.0 0.0 0.0 
5 559 44.8973970714516 0.0 0.0 0.0 
5 560 44.8973970714516 0.0 0.0 0.0 
5 561 44.8973970714516 0.0 0.0 0.0 
5 562 44.8973970714516 0.0 0.0 0.0 
5 563 44.8973970714516 0.0 0.0 0.0 
5 564 44.8973970714516 0.0 0.0 0.0 
5 565 44.8973970714516 0.0 0.0 0.0 
5 566 44.8973970714516 0.0 0.0 0.0 
5 567 44.8973970714516 0.0 0.0 0.0 
5 568 44.8973970714516 0.0 0.0 0.0 
5 569 44.8973970714516 0.0 0.0 0.0 
5 570 44.8973970714516 0.0 0.0 0.0 
5 571 44.8973970714516 0.0 0.0 0.0 
5 572 44.8973970714516 0.0 0.0 0.0 
5 573 44.8973970714516 0.0 0.0 0.0 
5 574 44.8973970714516 0.0 0.0 0.0 
5 575 44.8973970714516 0.0 0.0 0.0 
5 576 44.8973970714516 0.0 0.0 0.0 
5 577 44.8973970714516 0.0 0.0 0.0 
5 578 44.8973970714516 0.0 0.0 0.0 
5 579 44.8973970714516 0.0 0.0 0.0 
5 580 44.8973970714516 0.0 0.0 0.0 
5 581 44.8973970714516 0.0 0.0 0.0 
5 582 44.8973970714516 0.0 0.0 0.0 
5 583 44.8973970714516 0.0 0.0 0.0 
5 584 44.8973970714516 0.0 0.0 0.0 
5 585 44.8973970714516 0.0 0.0 0.0 
5 586 44.8973970714516 0.0 0.0 0.0 
5 587 44.8973970714516 0.0 0.0 0.0 
5 588 44.8973970714516 0.0 0.0 0.0 
5 589 44.8973970714516 0.0 0.0 0.0 
5 590 44.8973970714516 0.0 0.0 0.0 
5 591 44.8973970714516 0.0 0.0 0.0 
5 592 44.8973970714516 0.0 0.0 0.0 
5 593 44.8973970714516 0.0 0.0 0.0 
5 594 44.8973970714516 0.0 0.0 0.0 
5 595 44.8973970714516 0.0 0.0 0.0 
5 596 44.8973970714516 0.0 0.0 0.0 
5 597 44.8973970714516 0.0 0.0 0.0 
5 598 44.8973970714516 0.0 0.0 0.0 
5 599 44.8973970714516 0.0 0.0 0.0 
5 600 44.8973970714516 0.0 0.0 0.0 
5 601 44.8973970714516 0.0 0.0 0.0 
5 602 44.8973970714516 0.0 0.0 0.0 
5 603 44.8973970714516 0.0 0.0 0.0 
5 604 44.8973970714516 0.0 0.0 0.0 
5 605 44.8973970714516 0.0 0.0 0.0 
5 606 44.8973970714516 0.0 0.0 0.0 
5 607 44.8973970714516 0.0 0.0 0.0 
5 608 44.8973970714516 0.0 0.0 0.0 
5 609 44.8973970714516 0.0 0.0 0.0 
5 610 44.8973970714516 0.0 0.0 0.0 
5 611 44.8973970714516 0.0 0.0 0.0 
5 612 44.8973970714516 0.0 0.0 0.0 
5 613 44.8973970714516 0.0 0.0 0.0 
5 614 44.8973970714516 0.0 0.0 0.0 
5 615 44.8973970714516 0.0 0.0 0.0 
5 616 44.8973970714516 0.0 0.0 0.0 
5 617 44.8973970714516 0.0 0.0 0.0 
5 618 44.8973970714516 0.0 0.0 0.0 
5 619 44.8973970714516 0.0 0.0 0.0 
5 620 44.8973970714516 0.0 0.0 0.0 
5 621 44.8973970714516 0.0 0.0 0.0 
5 622 44.8973970714516 0.0 0.0 0.0 
5 623 44.8973970714516 0.0 0.0 0.0 
5 624 44.8973970714516 0.0 0.0 0.0 
5 625 44.8973970714516 0.0 0.0 0.0 
5 626 44.8973970714516 0.0 0.0 0.0 
5 627 44.8973970714516 0.0 0.0 0.0 
5 628 44.8973970714516 0.0 0.0 0.0 
5 629 44.8973970714516 0.0 0.0 0.0 
5 630 44.8973970714516 0.0 0.0 0.0 
5 631 44.8973970714516 0.0 0.0 0.0 
5 632 44.8973970714516 0.0 0.0 0.0 
5 633 44.8973970714516 0.0 0.0 0.0 
5 634 44.8973970714516 0.0 0.0 0.0 
5 635 44.8973970714516 0.0 0.0 0.0 
5 636 44.8973970714516 0.0 0.0 0.0 
5 637 44.8973970714516 0.0 0.0 0.0 
5 638 44.8973970714516 0.0 0.0 0.0 
5 639 44.8973970714516 0.0 0.0 0.0 
5 640 44.8973970714516 0.0 0.0 0.0 
5 641 44.8973970714516 0.0 0.0 0.0 
5 642 44.8973970714516 0.0 0.0 0.0 
5 643 44.8973970714516 0.0 0.0 0.0 
5 644 44.8973970714516 0.0 0.0 0.0 
5 645 44.8973970714516 0.0 0.0 0.0 
5 646 44.8973970714516 0.0 0.0 0.0 
5 647 44.8973970714516 0.0 0.0 0.0 
5 648 44.8973970714516 0.0 0.0 0.0 
5 649 44.8973970714516 0.0 0.0 0.0 
5 650 44.8973970714516 0.0 0.0 0.0 
5 651 44.8973970714516 0.0 0.0 0.0 
5 652 44.8973970714516 0.0 0.0 0.0 
5 653 44.8973970714516 0.0 0.0 0.0 
5 654 44.8973970714516 0.0 0.0 0.0 
5 655 44.8973970714516 0.0 0.0 0.0 
5 656 44.8973970714516 0.0 0.0 0.0 
5 657 44.8973970714516 0.0 0.0 0.0 
5 658 44.8973970714516 0.0 0.0 0.0 
5 659 44.8973970714516 0.0 0.0 0.0 
5 660 44.8973970714516 0.0 0.0 0.0 
5 661 44.8973970714516 0.0 0.0 0.0 
5 662 44.8973970714516 0.0 0.0 0.0 
5 663 44.8973970714516 0.0 0.0 0.0 
5 664 44.8973970714516 0.0 0.0 0.0 
5 665 44.8973970714516 0.0 0.0 0.0 
5 666 44.8973970714516 0.0 0.0 0.0 
5 667 44.8973970714516 0.0 0.0 0.0 
5 668 44.8973970714516 0.0 0.0 0.0 
5 669 44.8973970714516 0.0 0.0 0.0 
5 670 44.8973970714516 0.0 0.0 0.0 
5 671 44.8973970714516 0.0 0.0 0.0 
5 672 44.8973970714516 0.0 0.0 0.0 
5 673 44.8973970714516 0.0 0.0 0.0 
5 674 44.8973970714516 0.0 0.0 0.0 
5 675 44.8973970714516 0.0 0.0 0.0 
5 676 44.8973970714516 0.0 0.0 0.0 
5 677 44.8973970714516 0.0 0.0 0.0 
5 678 44.8973970714516 0.0 0.0 0.0 
5 679 44.8973970714516 0.0 0.0 0.0 
5 680 44.8973970714516 0.0 0.0 0.0 
5 681 44.8973970714516 0.0 0.0 0.0 
5 682 44.8973970714516 0.0 0.0 0.0 
5 683 44.8973970714516 0.0 0.0 0.0 
5 684 44.8973970714516 0.0 0.0 0.0 
5 685 44.8973970714516 0.0 0.0 0.0 
5 686 44.8973970714516 0.0 0.0 0.0 
5 687 44.8973970714516 0.0 0.0 0.0 
5 688 44.8973970714516 0.0 0.0 0.0 
5 689 44.8973970714516 0.0 0.0 0.0 
5 690 44.8973970714516 0.0 0.0 0.0 
5 691 44.8973970714516 0.0 0.0 0.0 
5 692 44.8973970714516 0.0 0.0 0.0 
5 693 44.8973970714516 0.0 0.0 0.0 
5 694 44.8973970714516 0.0 0.0 0.0 
5 695 44.8973970714516 0.0 0.0 0.0 
5 696 44.8973970714516 0.0 0.0 0.0 
5 697 44.8973970714516 0.0 0.0 0.0 
5 698 44.8973970714516 0.0 0.0 0.0 
5 699 44.8973970714516 0.0 0.0 0.0 
5 700 44.8973970714516 0.0 0.0 0.0 
5 701 44.8973970714516 0.0 0.0 0.0 
5 702 44.8973970714516 0.0 0.0 0.0 
5 703 44.8973970714516 0.0 0.0 0.0 
5 704 44.8973970714516 0.0 0.0 0.0 
5 705 44.8973970714516 0.0 0.0 0.0 
5 706 44.8973970714516 0.0 0.0 0.0 
5 707 44.8973970714516 0.0 0.0 0.0 
5 708 44.8973970714516 0.0 0.0 0.0 
5 709 44.8973970714516 0.0 0.0 0.0 
5 710 44.8973970714516 0.0 0.0 0.0 
5 711 44.8973970714516 0.0 0.0 0.0 
5 712 44.8973970714516 0.0 0.0 0.0 
5 713 44.8973970714516 0.0 0.0 0.0 
5 714 44.8973970714516 0.0 0.0 0.0 
5 715 44.8973970714516 0.0 0.0 0.0 
5 716 44.8973970714516 0.0 0.0 0.0 
5 717 44.8973970714516 0.0 0.0 0.0 
5 718 44.8973970714516 0.0 0.0 0.0 
5 719 44.8973970714516 0.0 0.0 0.0 
5 720 44.8973970714516 0.0 0.0 0.0 
5 721 44.8973970714516 0.0 0.0 0.0 
5 722 44.8973970714516 0.0 0.0 0.0 
5 723 44.8973970714516 0.0 0.0 0.0 
5 724 44.8973970714516 0.0 0.0 0.0 
5 725 44.8973970714516 0.0 0.0 0.0 
5 726 44.8973970714516 0.0 0.0 0.0 
5 727 44.8973970714516 0.0 0.0 0.0 
5 728 44.8973970714516 0.0 0.0 0.0 
5 729 44.8973970714516 0.0 0.0 0.0 
5 730 44.8973970714516 0.0 0.0 0.0 
5 731 44.8973970714516 0.0 0.0 0.0 
5 732 44.8973970714516 0.0 0.0 0.0 
5 733 44.8973970714516 0.0 0.0 0.0 
5 734 44.8973970714516 0.0 0.0 0.0 
5 735 44.8973970714516 0.0 0.0 0.0 
5 736 44.8973970714516 0.0 0.0 0.0 
5 737 44.8973970714516 0.0 0.0 0.0 
5 738 44.8973970714516 0.0 0.0 0.0 
5 739 44.8973970714516 0.0 0.0 0.0 
5 740 44.8973970714516 0.0 0.0 0.0 
5 741 44.8973970714516 0.0 0.0 0.0 
5 742 44.8973970714516 0.0 0.0 0.0 
5 743 44.8973970714516 0.0 0.0 0.0 
5 744 44.8973970714516 0.0 0.0 0.0 
5 745 44.8973970714516 0.0 0.0 0.0 
5 746 44.8973970714516 0.0 0.0 0.0 
5 747 44.8973970714516 0.0 0.0 0.0 
5 748 44.8973970714516 0.0 0.0 0.0 
5 749 44.8973970714516 0.0 0.0 0.0 
5 750 44.8973970714516 0.0 0.0 0.0 
5 751 44.8973970714516 0.0 0.0 0.0 
5 752 44.8973970714516 0.0 0.0 0.0 
5 753 44.8973970714516 0.0 0.0 0.0 
5 754 44.8973970714516 0.0 0.0 0.0 
5 755 44.8973970714516 0.0 0.0 0.0 
5 756 44.8973970714516 0.0 0.0 0.0 
5 757 44.8973970714516 0.0 0.0 0.0 
5 758 44.8973970714516 0.0 0.0 0.0 
5 759 44.8973970714516 0.0 0.0 0.0 
5 760 44.8973970714516 0.0 0.0 0.0 
5 761 44.8973970714516 0.0 0.0 0.0 
5 762 44.8973970714516 0.0 0.0 0.0 
5 763 44.8973970714516 0.0 0.0 0.0 
5 764 44.8973970714516 0.0 0.0 0.0 
5 765 44.8973970714516 0.0 0.0 0.0 
5 766 44.8973970714516 0.0 0.0 0.0 
5 767 44.8973970714516 0.0 0.0 0.0 
5 768 44.8973970714516 0.0 0.0 0.0 
5 769 44.8973970714516 0.0 0.0 0.0 
5 770 44.8973970714516 0.0 0.0 0.0 
5 771 44.8973970714516 0.0 0.0 0.0 
5 772 44.8973970714516 0.0 0.0 0.0 
5 773 44.8973970714516 0.0 0.0 0.0 
5 774 44.8973970714516 0.0 0.0 0.0 
5 775 44.8973970714516 0.0 0.0 0.0 
5 776 44.8973970714516 0.0 0.0 0.0 
5 777 44.8973970714516 0.0 0.0 0.0 
5 778 44.8973970714516 0.0 0.0 0.0 
5 779 44.8973970714516 0.0 0.0 0.0 
5 780 44.8973970714516 0.0 0.0 0.0 
5 781 44.8973970714516 0.0 0.0 0.0 
5 782 44.8973970714516 0.0 0.0 0.0 
5 783 44.8973970714516 0.0 0.0 0.0 
5 784 44.8973970714516 0.0 0.0 0.0 
5 785 44.8973970714516 0.0 0.0 0.0 
5 786 44.8973970714516 0.0 0.0 0.0 
5 787 44.8973970714516 0.0 0.0 0.0 
5 788 44.8973970714516 0.0 0.0 0.0 
5 789 44.8973970714516 0.0 0.0 0.0 
5 790 44.8973970714516 0.0 0.0 0.0 
5 791 44.8973970714516 0.0 0.0 0.0 
5 792 44.8973970714516 0.0 0.0 0.0 
5 793 44.8973970714516 0.0 0.0 0.0 
5 794 44.8973970714516 0.0 0.0 0.0 
5 795 44.8973970714516 0.0 0.0 0.0 
5 796 44.8973970714516 0.0 0.0 0.0 
5 797 44.8973970714516 0.0 0.0 0.0 
5 798 44.8973970714516 0.0 0.0 0.0 
5 799 44.8973970714516 0.0 0.0 0.0 
5 800 44.8973970714516 0.0 0.0 0.0 
5 801 44.8973970714516 0.0 0.0 0.0 
5 802 44.8973970714516 0.0 0.0 0.0 
5 803 44.8973970714516 0.0 0.0 0.0 
5 804 44.8973970714516 0.0 0.0 0.0 
5 805 44.8973970714516 0.0 0.0 0.0 
5 806 44.8973970714516 0.0 0.0 0.0 
5 807 44.8973970714516 0.0 0.0 0.0 
5 808 44.8973970714516 0.0 0.0 0.0 
5 809 44.8973970714516 0.0 0.0 0.0 
5 810 44.8973970714516 0.0 0.0 0.0 
5 811 44.8973970714516 0.0 0.0 0.0 
5 812 44.8973970714516 0.0 0.0 0.0 
5 813 44.8973970714516 0.0 0.0 0.0 
5 814 44.8973970714516 0.0 0.0 0.0 
5 815 44.8973970714516 0.0 0.0 0.0 
5 816 44.8973970714516 0.0 0.0 0.0 
5 817 44.8973970714516 0.0 0.0 0.0 
5 818 44.8973970714516 0.0 0.0 0.0 
5 819 44.8973970714516 0.0 0.0 0.0 
5 820 44.8973970714516 0.0 0.0 0.0 
5 821 44.8973970714516 0.0 0.0 0.0 
5 822 44.8973970714516 0.0 0.0 0.0 
5 823 44.8973970714516 0.0 0.0 0.0 
5 824 44.8973970714516 0.0 0.0 0.0 
5 825 44.8973970714516 0.0 0.0 0.0 
5 826 44.8973970714516 0.0 0.0 0.0 
5 827 44.8973970714516 0.0 0.0 0.0 
5 828 44.8973970714516 0.0 0.0 0.0 
5 829 44.8973970714516 0.0 0.0 0.0 
5 830 44.8973970714516 0.0 0.0 0.0 
5 831 44.8973970714516 0.0 0.0 0.0 
5 832 44.8973970714516 0.0 0.0 0.0 
5 833 44.8973970714516 0.0 0.0 0.0 
5 834 44.8973970714516 0.0 0.0 0.0 
5 835 44.8973970714516 0.0 0.0 0.0 
5 836 44.8973970714516 0.0 0.0 0.0 
5 837 44.8973970714516 0.0 0.0 0.0 
5 838 44.8973970714516 0.0 0.0 0.0 
5 839 44.8973970714516 0.0 0.0 0.0 
5 840 44.8973970714516 0.0 0.0 0.0 
5 841 44.8973970714516 0.0 0.0 0.0 
5 842 44.8973970714516 0.0 0.0 0.0 
5 843 44.8973970714516 0.0 0.0 0.0 
5 844 44.8973970714516 0.0 0.0 0.0 
5 845 44.8973970714516 0.0 0.0 0.0 
5 846 44.8973970714516 0.0 0.0 0.0 
5 847 44.8973970714516 0.0 0.0 0.0 
5 848 44.8973970714516 0.0 0.0 0.0 
5 849 44.8973970714516 0.0 0.0 0.0 
5 850 44.8973970714516 0.0 0.0 0.0 
5 851 44.8973970714516 0.0 0.0 0.0 
5 852 44.8973970714516 0.0 0.0 0.0 
5 853 44.8973970714516 0.0 0.0 0.0 
5 854 44.8973970714516 0.0 0.0 0.0 
5 855 44.8973970714516 0.0 0.0 0.0 
5 856 44.8973970714516 0.0 0.0 0.0 
5 857 44.8973970714516 0.0 0.0 0.0 
5 858 44.8973970714516 0.0 0.0 0.0 
5 859 44.8973970714516 0.0 0.0 0.0 
5 860 44.8973970714516 0.0 0.0 0.0 
5 861 44.8973970714516 0.0 0.0 0.0 
5 862 44.8973970714516 0.0 0.0 0.0 
5 863 44.8973970714516 0.0 0.0 0.0 
5 864 44.8973970714516 0.0 0.0 0.0 
5 865 44.8973970714516 0.0 0.0 0.0 
5 866 44.8973970714516 0.0 0.0 0.0 
5 867 44.8973970714516 0.0 0.0 0.0 
5 868 44.8973970714516 0.0 0.0 0.0 
5 869 44.8973970714516 0.0 0.0 0.0 
5 870 44.8973970714516 0.0 0.0 0.0 
5 871 44.8973970714516 0.0 0.0 0.0 
5 872 44.8973970714516 0.0 0.0 0.0 
5 873 44.8973970714516 0.0 0.0 0.0 
5 874 44.8973970714516 0.0 0.0 0.0 
5 875 44.8973970714516 0.0 0.0 0.0 
5 876 44.8973970714516 0.0 0.0 0.0 
5 877 44.8973970714516 0.0 0.0 0.0 
5 878 44.8973970714516 0.0 0.0 0.0 
5 879 44.8973970714516 0.0 0.0 0.0 
5 880 44.8973970714516 0.0 0.0 0.0 
5 881 44.8973970714516 0.0 0.0 0.0 
5 882 44.8973970714516 0.0 0.0 0.0 
5 883 44.8973970714516 0.0 0.0 0.0 
5 884 44.8973970714516 0.0 0.0 0.0 
5 885 44.8973970714516 0.0 0.0 0.0 
5 886 44.8973970714516 0.0 0.0 0.0 
5 887 44.8973970714516 0.0 0.0 0.0 
5 888 44.8973970714516 0.0 0.0 0.0 
5 889 44.8973970714516 0.0 0.0 0.0 
5 890 44.8973970714516 0.0 0.0 0.0 
5 891 44.8973970714516 0.0 0.0 0.0 
5 892 44.8973970714516 0.0 0.0 0.0 
5 893 44.8973970714516 0.0 0.0 0.0 
5 894 44.8973970714516 0.0 0.0 0.0 
5 895 44.8973970714516 0.0 0.0 0.0 
5 896 44.8973970714516 0.0 0.0 0.0 
5 897 44.8973970714516 0.0 0.0 0.0 
5 898 44.8973970714516 0.0 0.0 0.0 
5 899 44.8973970714516 0.0 0.0 0.0 
5 900 44.8973970714516 0.0 0.0 0.0 
5 901 44.8973970714516 0.0 0.0 0.0 
5 902 44.8973970714516 0.0 0.0 0.0 
5 903 44.8973970714516 0.0 0.0 0.0 
5 904 44.8973970714516 0.0 0.0 0.0 
5 905 44.8973970714516 0.0 0.0 0.0 
5 906 44.8973970714516 0.0 0.0 0.0 
5 907 44.8973970714516 0.0 0.0 0.0 
5 908 44.8973970714516 0.0 0.0 0.0 
5 909 44.8973970714516 0.0 0.0 0.0 
5 910 44.8973970714516 0.0 0.0 0.0 
5 911 44.8973970714516 0.0 0.0 0.0 
5 912 44.8973970714516 0.0 0.0 0.0 
5 913 44.8973970714516 0.0 0.0 0.0 
5 914 44.8973970714516 0.0 0.0 0.0 
5 915 44.8973970714516 0.0 0.0 0.0 
5 916 44.8973970714516 0.0 0.0 0.0 
5 917 44.8973970714516 0.0 0.0 0.0 
5 918 44.8973970714516 0.0 0.0 0.0 
5 919 44.8973970714516 0.0 0.0 0.0 
5 920 44.8973970714516 0.0 0.0 0.0 
5 921 44.8973970714516 0.0 0.0 0.0 
5 922 44.8973970714516 0.0 0.0 0.0 
5 923 44.8973970714516 0.0 0.0 0.0 
5 924 44.8973970714516 0.0 0.0 0.0 
5 925 44.8973970714516 0.0 0.0 0.0 
5 926 44.8973970714516 0.0 0.0 0.0 
5 927 44.8973970714516 0.0 0.0 0.0 
5 928 44.8973970714516 0.0 0.0 0.0 
5 929 44.8973970714516 0.0 0.0 0.0 
5 930 44.8973970714516 0.0 0.0 0.0 
5 931 44.8973970714516 0.0 0.0 0.0 
5 932 44.8973970714516 0.0 0.0 0.0 
5 933 44.8973970714516 0.0 0.0 0.0 
5 934 44.8973970714516 0.0 0.0 0.0 
5 935 44.8973970714516 0.0 0.0 0.0 
5 936 44.8973970714516 0.0 0.0 0.0 
5 937 44.8973970714516 0.0 0.0 0.0 
5 938 44.8973970714516 0.0 0.0 0.0 
5 939 44.8973970714516 0.0 0.0 0.0 
5 940 44.8973970714516 0.0 0.0 0.0 
5 941 44.8973970714516 0.0 0.0 0.0 
5 942 44.8973970714516 0.0 0.0 0.0 
5 943 44.8973970714516 0.0 0.0 0.0 
5 944 44.8973970714516 0.0 0.0 0.0 
5 945 44.8973970714516 0.0 0.0 0.0 
5 946 44.8973970714516 0.0 0.0 0.0 
5 947 44.8973970714516 0.0 0.0 0.0 
5 948 44.8973970714516 0.0 0.0 0.0 
5 949 44.8973970714516 0.0 0.0 0.0 
5 950 44.8973970714516 0.0 0.0 0.0 
5 951 44.8973970714516 0.0 0.0 0.0 
5 952 44.8973970714516 0.0 0.0 0.0 
5 953 44.8973970714516 0.0 0.0 0.0 
5 954 44.8973970714516 0.0 0.0 0.0 
5 955 44.8973970714516 0.0 0.0 0.0 
5 956 44.8973970714516 0.0 0.0 0.0 
5 957 44.8973970714516 0.0 0.0 0.0 
