47.6129
47.6161
47.6194
47.6227
47.6261
47.6294
47.6328
47.6362
47.6396
47.6429
47.6461
47.6493
47.6524
47.6553
47.658
47.6606
47.6631
47.6656
47.6681
47.6705
47.6729
47.6754
47.6779
47.6804
47.683
47.6855
47.6881
47.6906
47.6932
47.6959
47.6987
47.6186
47.6219
47.6251
47.6285
47.6318
47.6352
47.6386
47.642
47.6453
47.6486
47.6519
47.6551
47.658
47.6609
47.6636
47.6662
47.6687
47.6712
47.6736
47.6761
47.6785
47.6809
47.6834
47.686
47.6885
47.6911
47.6937
47.6962
47.6988
47.7014
47.7041
47.6243
47.6276
47.6309
47.6342
47.6376
47.6409
47.6443
47.6477
47.651
47.6543
47.6575
47.6606
47.6635
47.6663
47.669
47.6716
47.6742
47.6767
47.6791
47.6816
47.684
47.6865
47.689
47.6915
47.6941
47.6967
47.6992
47.7018
47.7044
47.7069
47.7096
47.6299
47.6332
47.6366
47.6399
47.6433
47.6466
47.65
47.6534
47.6567
47.6599
47.663
47.666
47.6689
47.6717
47.6744
47.677
47.6796
47.6821
47.6846
47.6871
47.6895
47.692
47.6945
47.6971
47.6996
47.7022
47.7048
47.7073
47.7099
47.7125
47.715
47.6355
47.6389
47.6422
47.6456
47.6489
47.6523
47.6557
47.659
47.6622
47.6653
47.6683
47.6713
47.6742
47.677
47.6797
47.6824
47.685
47.6875
47.6901
47.6925
47.695
47.6975
47.7
47.7026
47.7052
47.7077
47.7103
47.7128
47.7154
47.7178
47.7202
47.6411
47.6445
47.6478
47.6512
47.6546
47.6579
47.6612
47.6644
47.6675
47.6706
47.6736
47.6765
47.6794
47.6822
47.685
47.6877
47.6903
47.6929
47.6954
47.698
47.7005
47.703
47.7055
47.7081
47.7107
47.7132
47.7158
47.7183
47.7207
47.723
47.7253
47.6466
47.65
47.6534
47.6568
47.6601
47.6634
47.6666
47.6697
47.6728
47.6758
47.6788
47.6817
47.6846
47.6874
47.6902
47.6929
47.6955
47.6982
47.7008
47.7033
47.7059
47.7084
47.711
47.7135
47.7161
47.7187
47.7212
47.7235
47.7258
47.728
47.7303
47.652
47.6555
47.6589
47.6623
47.6656
47.6688
47.6719
47.675
47.678
47.681
47.684
47.6869
47.6897
47.6925
47.6952
47.698
47.7007
47.7033
47.706
47.7086
47.7112
47.7138
47.7164
47.719
47.7215
47.724
47.7263
47.7286
47.7308
47.7331
47.7353
47.6573
47.6608
47.6644
47.6676
47.6709
47.674
47.6771
47.6802
47.6832
47.6861
47.6891
47.6919
47.6947
47.6974
47.7002
47.7029
47.7057
47.7084
47.7111
47.7138
47.7165
47.7191
47.7217
47.7243
47.7267
47.7291
47.7313
47.7336
47.7359
47.7381
47.7403
47.6625
47.6661
47.6695
47.6728
47.6761
47.6792
47.6823
47.6853
47.6883
47.6912
47.6941
47.6969
47.6996
47.7022
47.7049
47.7076
47.7104
47.7133
47.7161
47.7189
47.7216
47.7243
47.727
47.7294
47.7318
47.7341
47.7363
47.7386
47.7408
47.7431
47.7453
47.6677
47.6712
47.6746
47.6779
47.6812
47.6843
47.6874
47.6905
47.6934
47.6963
47.6991
47.7017
47.7042
47.7067
47.7092
47.7119
47.7148
47.7177
47.7208
47.7237
47.7266
47.7294
47.7319
47.7343
47.7367
47.739
47.7412
47.7435
47.7458
47.748
47.7502
47.6727
47.6761
47.6796
47.6829
47.6862
47.6894
47.6925
47.6956
47.6985
47.7013
47.704
47.7064
47.7086
47.7108
47.7131
47.7158
47.7187
47.7219
47.7251
47.7284
47.7314
47.7342
47.7367
47.7391
47.7415
47.7438
47.7461
47.7483
47.7506
47.7529
47.7551
47.6776
47.6811
47.6845
47.6879
47.6912
47.6945
47.6976
47.7006
47.7036
47.7064
47.7089
47.711
47.713
47.7154
47.7177
47.7204
47.7232
47.7261
47.7295
47.7329
47.7362
47.7391
47.7417
47.7442
47.7465
47.7488
47.7511
47.7533
47.7556
47.7578
47.76
47.6825
47.686
47.6894
47.6928
47.6962
47.6994
47.7026
47.7057
47.7086
47.7114
47.7138
47.7158
47.7176
47.7204
47.7264
47.7257
47.7271
47.7338
47.7337
47.7311
47.7323
47.7339
47.7374
47.7409
47.744
47.7467
47.7491
47.7515
47.7538
47.7561
47.7583
47.7606
47.7628
47.7651
47.6874
47.6908
47.6943
47.6977
47.7011
47.7044
47.7076
47.7107
47.7137
47.7164
47.7188
47.7207
47.7224
47.7258
47.7298
47.7366
47.7331
47.7413
47.745
47.7364
47.7411
47.7176
47.7424
47.7508
47.7195
47.7492
47.7203
47.7005
47.7185
47.7041
47.6941
47.7031
47.6932
47.7088
47.7132
47.6994
47.7067
47.7295
47.695
47.6921
47.6903
47.6888
47.7002
47.6881
47.6855
47.6865
47.6832
47.6848
47.688
47.6831
47.6864
47.686
47.6824
47.6808
47.6822
47.6804
47.6796
47.6803
47.679
47.6856
47.6819
47.6801
47.6826
47.6811
47.6811
47.6829
47.6807
47.6833
47.6869
47.6826
47.6877
47.6934
47.7037
47.695
47.7053
47.7167
47.7372
47.7199
47.7404
47.7448
47.7392
47.7523
47.7464
47.7529
47.7471
47.7417
47.7371
47.7387
47.7422
47.7458
47.7488
47.7515
47.754
47.7564
47.7587
47.761
47.7633
47.7655
47.7678
47.7701
47.6923
47.6957
47.6992
47.7026
47.706
47.7093
47.7126
47.7157
47.7187
47.7215
47.7239
47.7258
47.7275
47.7311
47.7372
47.7472
47.739
47.7446
47.7455
47.7167
47.7022
47.6923
47.7021
47.6959
47.7173
47.7049
47.7475
47.7227
47.6864
47.6833
47.6884
47.6853
47.6877
47.6897
47.693
47.7025
47.6983
47.7093
47.7349
47.7198
47.7418
47.748
47.7509
47.7509
47.7441
47.7521
47.7453
47.7423
47.7436
47.7472
47.7507
47.7537
47.7564
47.7589
47.7613
47.7636
47.7659
47.7682
47.7705
47.7728
47.775
47.6971
47.7006
47.704
47.7075
47.7109
47.7142
47.7175
47.7207
47.7238
47.7266
47.7291
47.7311
47.7328
47.7363
47.7406
47.744
47.7465
47.7465
47.7488
47.7523
47.7557
47.7586
47.7612
47.7637
47.7662
47.7685
47.7708
47.7731
47.7754
47.7777
47.78
47.702
47.7055
47.7089
47.7123
47.7158
47.7191
47.7224
47.7257
47.7288
47.7317
47.7343
47.7365
47.7385
47.7405
47.7431
47.7457
47.7484
47.7514
47.7542
47.7575
47.7607
47.7635
47.7661
47.7686
47.771
47.7734
47.7757
47.778
47.7803
47.7827
47.785
47.7069
47.7104
47.7138
47.7173
47.7207
47.724
47.7274
47.7307
47.7338
47.7368
47.7396
47.742
47.7442
47.7464
47.7487
47.7511
47.7538
47.7567
47.7598
47.7629
47.7658
47.7685
47.771
47.7735
47.7759
47.7783
47.7807
47.783
47.7853
47.7877
47.7901
47.7119
47.7153
47.7188
47.7222
47.7256
47.729
47.7324
47.7357
47.7389
47.742
47.7448
47.7474
47.7498
47.7523
47.7546
47.7572
47.7598
47.7625
47.7654
47.7682
47.7709
47.7735
47.776
47.7784
47.7808
47.7832
47.7856
47.788
47.7904
47.7928
47.7953
47.7169
47.7203
47.7238
47.7272
47.7306
47.734
47.7374
47.7407
47.744
47.747
47.7499
47.7526
47.7552
47.7577
47.7603
47.7628
47.7654
47.7681
47.7707
47.7734
47.776
47.7785
47.7809
47.7834
47.7857
47.7882
47.7906
47.793
47.7955
47.7981
47.8006
47.7219
47.7253
47.7287
47.7322
47.7356
47.739
47.7424
47.7457
47.749
47.7521
47.7551
47.7578
47.7604
47.763
47.7655
47.7681
47.7707
47.7733
47.7759
47.7785
47.781
47.7834
47.7859
47.7883
47.7907
47.7931
47.7956
47.7982
47.8008
47.8034
47.806
47.7269
47.7303
47.7337
47.7372
47.7406
47.744
47.7474
47.7507
47.754
47.7571
47.7601
47.7629
47.7655
47.7681
47.7707
47.7733
47.7759
47.7784
47.781
47.7835
47.786
47.7884
47.7909
47.7933
47.7957
47.7982
47.8008
47.8034
47.806
47.8088
47.8115
47.7319
47.7353
47.7387
47.7422
47.7456
47.749
47.7524
47.7557
47.759
47.7622
47.7652
47.7679
47.7706
47.7732
47.7757
47.7783
47.7809
47.7835
47.786
47.7886
47.791
47.7935
47.7959
47.7984
47.8009
47.8035
47.8061
47.8088
47.8115
47.8143
47.8171
47.737
47.7404
47.7438
47.7472
47.7506
47.754
47.7574
47.7608
47.764
47.7672
47.7702
47.7729
47.7756
47.7782
47.7808
47.7833
47.7859
47.7885
47.7911
47.7936
47.7961
47.7985
47.801
47.8036
47.8062
47.8088
47.8115
47.8143
47.8171
47.8198
47.8227
47.7422
47.7455
47.7489
47.7523
47.7557
47.7591
47.7625
47.7658
47.7691
47.7722
47.7752
47.7779
47.7806
47.7832
47.7858
47.7883
47.7909
47.7935
47.7961
47.7986
47.8011
47.8037
47.8063
47.8089
47.8115
47.8143
47.817
47.8199
47.8227
47.8255
47.8283
47.7474
47.7506
47.754
47.7573
47.7607
47.7641
47.7675
47.7708
47.7741
47.7773
47.7802
47.7829
47.7856
47.7882
47.7908
47.7934
47.7959
47.7986
47.8012
47.8037
47.8063
47.8089
47.8116
47.8142
47.817
47.8198
47.8226
47.8255
47.8283
47.8312
47.834
47.7527
47.7558
47.7591
47.7624
47.7658
47.7692
47.7726
47.7759
47.7792
47.7823
47.7852
47.7879
47.7906
47.7932
47.7958
47.7984
47.801
47.8036
47.8063
47.8089
47.8116
47.8142
47.817
47.8197
47.8226
47.8254
47.8283
47.8312
47.834
47.8368
47.8397
47.7581
47.7612
47.7643
47.7676
47.7709
47.7743
47.7777
47.781
47.7842
47.7873
47.7902
47.793
47.7956
47.7983
47.8009
47.8035
47.8061
47.8088
47.8115
47.8142
47.8169
47.8197
47.8225
47.8253
47.8282
47.8311
47.834
47.8368
47.8397
47.8426
47.8454
47.7635
47.7666
47.7697
47.7729
47.7761
47.7794
47.7828
47.7861
47.7893
47.7924
47.7953
47.798
47.8007
47.8033
47.806
47.8086
47.8113
47.814
47.8168
47.8195
47.8223
47.8252
47.828
47.8309
47.8338
47.8367
47.8396
47.8425
47.8454
47.8483
47.8511
