2 1 32.4101435399162 838072.934824464 0.02043 26.5 0.0 
2 32 32.4520178892081 1558462.26128169 0.02043 26.5 0.0 
2 63 32.5064795079593 1558462.26128285 0.02043 26.5 0.0 
2 94 32.5609411267105 1558462.26128285 0.02043 26.5 0.0 
2 125 32.6154027454617 1558462.26128285 0.02043 26.5 0.0 
2 156 32.6698643642129 1558462.26128169 0.02043 26.5 0.0 
2 187 32.7243259829641 1558462.26128285 0.02043 26.5 0.0 
2 218 32.7787876017153 1558462.26128285 0.02043 26.5 0.0 
2 249 32.8332492204665 1558462.26128169 0.02043 26.5 0.0 
2 280 32.8877108392177 1558462.26128285 0.02043 26.5 0.0 
2 311 32.9421724579689 1558462.26128285 0.02043 26.5 0.0 
2 342 32.9966340767201 1558462.26128169 0.02043 26.5 0.0 
2 373 33.0510956954713 1558462.26128285 0.02043 26.5 0.0 
2 404 33.1055573142225 1558462.26128285 0.02043 26.5 0.0 
2 435 33.1478107284657 859767.421137307 0.02043 26.5 0.0 
2 31 31.4291760352095 900786.691800257 0.02043 26.5 0.0 
2 30 31.5016473299158 1546397.73033443 0.02043 26.5 0.0 
2 29 31.5932378489094 1546397.73033327 0.02043 26.5 0.0 
2 28 31.6848283679029 1546397.73033443 0.02043 26.5 0.0 
2 27 31.7764188868966 1546397.73033444 0.02043 26.5 0.0 
2 26 31.8680094058902 1546397.73033443 0.02043 26.5 0.0 
2 25 31.9595999248838 1546397.73033327 0.02043 26.5 0.0 
2 24 32.0511904438773 1546397.73033444 0.02043 26.5 0.0 
2 23 32.142780962871 1546397.73033443 0.02043 26.5 0.0 
2 22 32.2343714818646 1546397.73033444 0.02043 26.5 0.0 
2 21 32.3259620008582 1546397.73033443 0.02043 26.5 0.0 
2 20 32.4175525198518 1546397.73033327 0.02043 26.5 0.0 
2 19 32.5091430388454 1546397.73033444 0.02043 26.5 0.0 
2 18 32.600733557839 1546397.73033443 0.02043 26.5 0.0 
2 17 32.6923240768326 1546397.73033443 0.02043 26.5 0.0 
2 16 32.7629763348314 839362.119326778 0.02043 26.5 0.0 
2 957 32.2040570597608 793002.980710612 0.02043 26.5 0.0 
2 926 32.2185584289595 1558470.36254446 0.02043 26.5 0.0 
2 895 32.2377803811685 1558470.36254562 0.02043 26.5 0.0 
2 864 32.2570023333776 1558470.36254562 0.02043 26.5 0.0 
2 833 32.2762242855866 1558470.36254446 0.02043 26.5 0.0 
2 802 32.2954462377957 1558470.36254562 0.02043 26.5 0.0 
2 771 32.3146681900048 1558470.36254562 0.02043 26.5 0.0 
2 740 32.3338901422138 1558470.36254562 0.02043 26.5 0.0 
2 709 32.3531120944229 1558470.36254446 0.02043 26.5 0.0 
2 678 32.3723340466319 1558470.36254563 0.02043 26.5 0.0 
2 647 32.391555998841 1558470.36254562 0.02043 26.5 0.0 
2 616 32.41077795105 1558470.36254446 0.02043 26.5 0.0 
2 585 32.4299999032591 1558470.36254562 0.02043 26.5 0.0 
2 554 32.4492218554681 1558470.36254562 0.02043 26.5 0.0 
2 523 32.4684438076772 1558470.36254446 0.02043 26.5 0.0 
2 483 32.4823607252242 698231.06914262 0.02043 26.5 0.0 
2 927 32.3048080052608 934462.350052176 0.02043 26.5 0.0 
2 928 32.3290766730483 1546373.04399086 0.02043 26.5 0.0 
2 929 32.3593313314349 1546373.04398969 0.02043 26.5 0.0 
2 930 32.3895859898216 1546373.04399086 0.02043 26.5 0.0 
2 931 32.4198406482082 1546373.04399086 0.02043 26.5 0.0 
2 932 32.4500953065949 1546373.04399086 0.02043 26.5 0.0 
2 933 32.4803499649815 1546373.0439897 0.02043 26.5 0.0 
2 934 32.5106046233682 1546373.04399086 0.02043 26.5 0.0 
2 935 32.5408592817548 1546373.04399086 0.02043 26.5 0.0 
2 936 32.5711139401414 1546373.04399086 0.02043 26.5 0.0 
2 937 32.6013685985281 1546373.04399086 0.02043 26.5 0.0 
2 938 32.6316232569147 1546373.0439897 0.02043 26.5 0.0 
2 939 32.6618779153014 1546373.04399086 0.02043 26.5 0.0 
2 940 32.692132573688 1546373.04399086 0.02043 26.5 0.0 
2 941 32.7223872320747 1546373.04399086 0.02043 26.5 0.0 
2 942 32.7444239473007 706303.682223875 0.02043 26.5 0.0 
2 435 33.1497980370185 698694.840145542 0.02043 26.5 0.0 
2 484 33.1076870753287 1558462.26128169 0.02043 26.5 0.0 
2 524 33.0495357445786 1558462.26128285 0.02043 26.5 0.0 
2 555 32.9913844138286 1558462.26128285 0.02043 26.5 0.0 
2 586 32.9332330830786 1558462.26128169 0.02043 26.5 0.0 
2 617 32.8750817523286 1558462.26128285 0.02043 26.5 0.0 
2 648 32.8169304215785 1558462.26128285 0.02043 26.5 0.0 
2 679 32.7587790908285 1558462.26128169 0.02043 26.5 0.0 
2 710 32.7006277600785 1558462.26128285 0.02043 26.5 0.0 
2 741 32.6424764293285 1558462.26128285 0.02043 26.5 0.0 
2 772 32.5843250985784 1558462.26128285 0.02043 26.5 0.0 
2 803 32.5261737678284 1558462.26128169 0.02043 26.5 0.0 
2 834 32.4680224370784 1558462.26128285 0.02043 26.5 0.0 
2 865 32.4098711063284 1558462.26128285 0.02043 26.5 0.0 
2 896 32.3517197755783 1558462.26128169 0.02043 26.5 0.0 
2 927 32.309155388435 722998.547333626 0.02043 26.5 0.0 
2 16 32.7818437427362 707035.611006496 0.02043 26.5 0.0 
2 15 32.7627539784548 1546397.73033443 0.02043 26.5 0.0 
2 14 32.7365536310864 1546397.73033444 0.02043 26.5 0.0 
2 13 32.7103532837179 1546397.73033443 0.02043 26.5 0.0 
2 12 32.6841529363495 1546397.73033327 0.02043 26.5 0.0 
2 11 32.6579525889811 1546397.73033444 0.02043 26.5 0.0 
2 10 32.6317522416127 1546397.73033443 0.02043 26.5 0.0 
2 9 32.6055518942443 1546397.73033444 0.02043 26.5 0.0 
2 8 32.5793515468758 1546397.73033443 0.02043 26.5 0.0 
2 7 32.5531511995074 1546397.73033327 0.02043 26.5 0.0 
2 6 32.526950852139 1546397.73033444 0.02043 26.5 0.0 
2 5 32.5007505047706 1546397.73033443 0.02043 26.5 0.0 
2 4 32.4745501574022 1546397.73033443 0.02043 26.5 0.0 
2 3 32.4483498100338 1546397.73033327 0.02043 26.5 0.0 
2 2 32.4221494626653 1546397.73033443 0.02043 26.5 0.0 
2 1 32.4022746444906 799706.562414698 0.02043 26.5 0.0 
2 483 32.46569013148 860239.293403004 0.02043 26.5 0.0 
2 434 32.4067110211401 1558470.36254563 0.02043 26.5 0.0 
2 403 32.3307058708336 1558470.36254562 0.02043 26.5 0.0 
2 372 32.2547007205271 1558470.36254446 0.02043 26.5 0.0 
2 341 32.1786955702206 1558470.36254562 0.02043 26.5 0.0 
2 310 32.1026904199141 1558470.36254562 0.02043 26.5 0.0 
2 279 32.0266852696076 1558470.36254446 0.02043 26.5 0.0 
2 248 31.9506801193012 1558470.36254563 0.02043 26.5 0.0 
2 217 31.8746749689947 1558470.36254562 0.02043 26.5 0.0 
2 186 31.7986698186882 1558470.36254446 0.02043 26.5 0.0 
2 155 31.7226646683817 1558470.36254562 0.02043 26.5 0.0 
2 124 31.6466595180752 1558470.36254562 0.02043 26.5 0.0 
2 93 31.5706543677687 1558470.36254563 0.02043 26.5 0.0 
2 62 31.4946492174622 1558470.36254446 0.02043 26.5 0.0 
2 31 31.4295733211545 1110266.04025697 0.02043 26.5 0.0 
2 942 32.7413321039706 840069.361765821 0.02043 26.5 0.0 
2 943 32.7129209287186 1546373.04399086 0.02043 26.5 0.0 
2 944 32.6761010369401 1546373.04399086 0.02043 26.5 0.0 
2 945 32.6392811451616 1546373.04399086 0.02043 26.5 0.0 
2 946 32.6024612533832 1546373.0439897 0.02043 26.5 0.0 
2 947 32.5656413616047 1546373.04399086 0.02043 26.5 0.0 
2 948 32.5288214698262 1546373.04399086 0.02043 26.5 0.0 
2 949 32.4920015780477 1546373.04399086 0.02043 26.5 0.0 
2 950 32.4551816862692 1546373.04399086 0.02043 26.5 0.0 
2 951 32.4183617944908 1546373.0439897 0.02043 26.5 0.0 
2 952 32.3815419027123 1546373.04399086 0.02043 26.5 0.0 
2 953 32.3447220109338 1546373.04399086 0.02043 26.5 0.0 
2 954 32.3079021191553 1546373.04399086 0.02043 26.5 0.0 
2 955 32.2710822273768 1546373.0439897 0.02043 26.5 0.0 
2 956 32.2342623355984 1546373.04399086 0.02043 26.5 0.0 
2 957 32.2075095281879 700772.085034537 0.02043 26.5 0.0 
3 1 52.2257475941243 838072.934824464 0.024 25.5 0.0 
3 32 52.2991794215642 1558462.26128169 0.024 25.5 0.0 
3 63 52.3946845758619 1558462.26128285 0.024 25.5 0.0 
3 94 52.4901897301596 1558462.26128285 0.024 25.5 0.0 
3 125 52.5856948844573 1558462.26128285 0.024 25.5 0.0 
3 156 52.681200038755 1558462.26128169 0.024 25.5 0.0 
3 187 52.7767051930527 1558462.26128285 0.024 25.5 0.0 
3 218 52.8722103473505 1558462.26128285 0.024 25.5 0.0 
3 249 52.9677155016482 1558462.26128169 0.024 25.5 0.0 
3 280 53.0632206559458 1558462.26128285 0.024 25.5 0.0 
3 311 53.1587258102436 1558462.26128285 0.024 25.5 0.0 
3 342 53.2542309645413 1558462.26128169 0.024 25.5 0.0 
3 373 53.349736118839 1558462.26128285 0.024 25.5 0.0 
3 404 53.4452412731367 1558462.26128285 0.024 25.5 0.0 
3 435 53.5193378376428 859767.421137307 0.024 25.5 0.0 
3 31 52.362660476222 900786.691800257 0.024 25.5 0.0 
3 30 52.4411987661962 1546397.73033443 0.024 25.5 0.0 
3 29 52.5404568623674 1546397.73033327 0.024 25.5 0.0 
3 28 52.6397149585385 1546397.73033443 0.024 25.5 0.0 
3 27 52.7389730547098 1546397.73033444 0.024 25.5 0.0 
3 26 52.838231150881 1546397.73033443 0.024 25.5 0.0 
3 25 52.9374892470522 1546397.73033327 0.024 25.5 0.0 
3 24 53.0367473432234 1546397.73033444 0.024 25.5 0.0 
3 23 53.1360054393946 1546397.73033443 0.024 25.5 0.0 
3 22 53.2352635355658 1546397.73033444 0.024 25.5 0.0 
3 21 53.3345216317371 1546397.73033443 0.024 25.5 0.0 
3 20 53.4337797279083 1546397.73033327 0.024 25.5 0.0 
3 19 53.5330378240795 1546397.73033444 0.024 25.5 0.0 
3 18 53.6322959202507 1546397.73033443 0.024 25.5 0.0 
3 17 53.7315540164219 1546397.73033443 0.024 25.5 0.0 
3 16 53.8081209875038 839362.119326778 0.024 25.5 0.0 
3 957 52.5426267492201 793002.980710612 0.024 25.5 0.0 
3 926 52.6073548881123 1558470.36254446 0.024 25.5 0.0 
3 895 52.6931537651233 1558470.36254562 0.024 25.5 0.0 
3 864 52.7789526421342 1558470.36254562 0.024 25.5 0.0 
3 833 52.8647515191452 1558470.36254446 0.024 25.5 0.0 
3 802 52.9505503961561 1558470.36254562 0.024 25.5 0.0 
3 771 53.0363492731671 1558470.36254562 0.024 25.5 0.0 
3 740 53.122148150178 1558470.36254562 0.024 25.5 0.0 
3 709 53.207947027189 1558470.36254446 0.024 25.5 0.0 
3 678 53.2937459041999 1558470.36254563 0.024 25.5 0.0 
3 647 53.3795447812109 1558470.36254562 0.024 25.5 0.0 
3 616 53.4653436582218 1558470.36254446 0.024 25.5 0.0 
3 585 53.5511425352328 1558470.36254562 0.024 25.5 0.0 
3 554 53.6369414122437 1558470.36254562 0.024 25.5 0.0 
3 523 53.7227402892547 1558470.36254446 0.024 25.5 0.0 
3 483 53.7848596767134 698231.06914262 0.024 25.5 0.0 
3 927 52.4662899698421 934462.350052176 0.024 25.5 0.0 
3 928 52.5505219244272 1546373.04399086 0.024 25.5 0.0 
3 929 52.6555301199131 1546373.04398969 0.024 25.5 0.0 
3 930 52.760538315399 1546373.04399086 0.024 25.5 0.0 
3 931 52.8655465108849 1546373.04399086 0.024 25.5 0.0 
3 932 52.9705547063708 1546373.04399086 0.024 25.5 0.0 
3 933 53.0755629018567 1546373.0439897 0.024 25.5 0.0 
3 934 53.1805710973425 1546373.04399086 0.024 25.5 0.0 
3 935 53.2855792928285 1546373.04399086 0.024 25.5 0.0 
3 936 53.3905874883144 1546373.04399086 0.024 25.5 0.0 
3 937 53.4955956838003 1546373.04399086 0.024 25.5 0.0 
3 938 53.6006038792862 1546373.0439897 0.024 25.5 0.0 
3 939 53.705612074772 1546373.04399086 0.024 25.5 0.0 
3 940 53.810620270258 1546373.04399086 0.024 25.5 0.0 
3 941 53.9156284657439 1546373.04399086 0.024 25.5 0.0 
3 942 53.9921137352434 706303.682223875 0.024 25.5 0.0 
3 435 53.5289794132908 698694.840145542 0.024 25.5 0.0 
3 484 53.4750217123972 1558462.26128169 0.024 25.5 0.0 
3 524 53.4005111340285 1558462.26128285 0.024 25.5 0.0 
3 555 53.3260005556598 1558462.26128285 0.024 25.5 0.0 
3 586 53.2514899772912 1558462.26128169 0.024 25.5 0.0 
3 617 53.1769793989225 1558462.26128285 0.024 25.5 0.0 
3 648 53.1024688205538 1558462.26128285 0.024 25.5 0.0 
3 679 53.0279582421851 1558462.26128169 0.024 25.5 0.0 
3 710 52.9534476638164 1558462.26128285 0.024 25.5 0.0 
3 741 52.8789370854477 1558462.26128285 0.024 25.5 0.0 
3 772 52.804426507079 1558462.26128285 0.024 25.5 0.0 
3 803 52.7299159287103 1558462.26128169 0.024 25.5 0.0 
3 834 52.6554053503416 1558462.26128285 0.024 25.5 0.0 
3 865 52.5808947719729 1558462.26128285 0.024 25.5 0.0 
3 896 52.5063841936042 1558462.26128169 0.024 25.5 0.0 
3 927 52.4518455087099 722998.547333626 0.024 25.5 0.0 
3 16 53.8100981863082 707035.611006496 0.024 25.5 0.0 
3 15 53.7305444449659 1546397.73033443 0.024 25.5 0.0 
3 14 53.6213584106649 1546397.73033444 0.024 25.5 0.0 
3 13 53.5121723763639 1546397.73033443 0.024 25.5 0.0 
3 12 53.402986342063 1546397.73033327 0.024 25.5 0.0 
3 11 53.293800307762 1546397.73033444 0.024 25.5 0.0 
3 10 53.184614273461 1546397.73033443 0.024 25.5 0.0 
3 9 53.07542823916 1546397.73033444 0.024 25.5 0.0 
3 8 52.966242204859 1546397.73033443 0.024 25.5 0.0 
3 7 52.857056170558 1546397.73033327 0.024 25.5 0.0 
3 6 52.7478701362571 1546397.73033444 0.024 25.5 0.0 
3 5 52.6386841019561 1546397.73033443 0.024 25.5 0.0 
3 4 52.5294980676551 1546397.73033443 0.024 25.5 0.0 
3 3 52.4203120333541 1546397.73033327 0.024 25.5 0.0 
3 2 52.3111259990531 1546397.73033443 0.024 25.5 0.0 
3 1 52.228300662868 799706.562414698 0.024 25.5 0.0 
3 483 53.7756316054637 860239.293403004 0.024 25.5 0.0 
3 434 53.695645139273 1558470.36254563 0.024 25.5 0.0 
3 403 53.5925682472977 1558470.36254562 0.024 25.5 0.0 
3 372 53.4894913553225 1558470.36254446 0.024 25.5 0.0 
3 341 53.3864144633472 1558470.36254562 0.024 25.5 0.0 
3 310 53.2833375713719 1558470.36254562 0.024 25.5 0.0 
3 279 53.1802606793967 1558470.36254446 0.024 25.5 0.0 
3 248 53.0771837874214 1558470.36254563 0.024 25.5 0.0 
3 217 52.9741068954461 1558470.36254562 0.024 25.5 0.0 
3 186 52.8710300034709 1558470.36254446 0.024 25.5 0.0 
3 155 52.7679531114956 1558470.36254562 0.024 25.5 0.0 
3 124 52.6648762195203 1558470.36254562 0.024 25.5 0.0 
3 93 52.561799327545 1558470.36254563 0.024 25.5 0.0 
3 62 52.4587224355698 1558470.36254446 0.024 25.5 0.0 
3 31 52.3704676119578 1110266.04025697 0.024 25.5 0.0 
3 942 53.9890110431112 840069.361765821 0.024 25.5 0.0 
3 943 53.9120720613585 1546373.04399086 0.024 25.5 0.0 
3 944 53.8123618256306 1546373.04399086 0.024 25.5 0.0 
3 945 53.7126515899028 1546373.04399086 0.024 25.5 0.0 
3 946 53.6129413541749 1546373.0439897 0.024 25.5 0.0 
3 947 53.5132311184471 1546373.04399086 0.024 25.5 0.0 
3 948 53.4135208827192 1546373.04399086 0.024 25.5 0.0 
3 949 53.3138106469914 1546373.04399086 0.024 25.5 0.0 
3 950 53.2141004112635 1546373.04399086 0.024 25.5 0.0 
3 951 53.1143901755357 1546373.0439897 0.024 25.5 0.0 
3 952 53.0146799398078 1546373.04399086 0.024 25.5 0.0 
3 953 52.91496970408 1546373.04399086 0.024 25.5 0.0 
3 954 52.8152594683521 1546373.04399086 0.024 25.5 0.0 
3 955 52.7155492326242 1546373.0439897 0.024 25.5 0.0 
3 956 52.6158389968964 1546373.04399086 0.024 25.5 0.0 
3 957 52.5433909639329 700772.085034537 0.024 25.5 0.0 
4 1 50.7492829490047 838072.934824464 0.0277 27 0.0 
4 32 50.8107446050794 1558462.26128169 0.0277 27 0.0 
4 63 50.8906814002191 1558462.26128285 0.0277 27 0.0 
4 94 50.9706181953589 1558462.26128285 0.0277 27 0.0 
4 125 51.0505549904987 1558462.26128285 0.0 0.0 0.0 
1 1 0.0 1.0 0.0277 27 0.0 
4 156 51.1304917856385 1558462.26128169 0.0 0.0 0.0 
1 1 0.0 1.0 0.0277 27 0.0 
4 187 51.2104285807783 1558462.26128285 0.0 0.0 0.0 
1 1 0.0 1.0 0.0277 27 0.0 
4 218 51.2903653759181 1558462.26128285 0.0 0.0 0.0 
1 1 0.0 1.0 0.0277 27 0.0 
4 249 51.3703021710579 1558462.26128169 0.0 0.0 0.0 
1 1 0.0 1.0 0.0277 27 0.0 
4 280 51.4502389661977 1558462.26128285 0.0 0.0 0.0 
1 1 0.0 1.0 0.0277 27 0.0 
4 311 51.5301757613375 1558462.26128285 0.0 0.0 0.0 
1 1 0.0 1.0 0.0277 27 0.0 
4 342 51.6101125564772 1558462.26128169 0.0 0.0 0.0 
1 1 0.0 1.0 0.0277 27 0.0 
4 373 51.690049351617 1558462.26128285 0.0 0.0 0.0 
1 1 0.0 1.0 0.0277 27 0.0 
4 404 51.7699861467568 1558462.26128285 0.0 0.0 0.0 
1 1 0.0 1.0 0.0277 27 0.0 
4 435 51.8320041806634 859767.421137307 0.0 0.0 0.0 
1 1 0.0 1.0 0.0277 27 0.0 
4 31 50.8536014190052 900786.691800257 0.0 0.0 0.0 
1 1 0.0 1.0 0.0277 27 0.0 
4 30 50.9142859465582 1546397.73033443 0.0 0.0 0.0 
1 1 0.0 1.0 0.0277 27 0.0 
4 29 50.9909801383204 1546397.73033327 0.0 0.0 0.0 
1 1 0.0 1.0 0.0277 27 0.0 
4 28 51.0676743300826 1546397.73033443 0.0 0.0 0.0 
1 1 0.0 1.0 0.0277 27 0.0 
4 27 51.1443685218448 1546397.73033444 0.0 0.0 0.0 
1 1 0.0 1.0 0.0277 27 0.0 
4 26 51.2210627136071 1546397.73033443 0.0 0.0 0.0 
1 1 0.0 1.0 0.0277 27 0.0 
4 25 51.2977569053693 1546397.73033327 0.0 0.0 0.0 
1 1 0.0 1.0 0.0277 27 0.0 
4 24 51.3744510971315 1546397.73033444 0.0 0.0 0.0 
1 1 0.0 1.0 0.0277 27 0.0 
4 23 51.4511452888937 1546397.73033443 0.0 0.0 0.0 
1 1 0.0 1.0 0.0277 27 0.0 
4 22 51.5278394806559 1546397.73033444 0.0 0.0 0.0 
1 1 0.0 1.0 0.0277 27 0.0 
4 21 51.6045336724182 1546397.73033443 0.0 0.0 0.0 
1 1 0.0 1.0 0.0277 27 0.0 
4 20 51.6812278641804 1546397.73033327 0.0 0.0 0.0 
1 1 0.0 1.0 0.0277 27 0.0 
4 19 51.7579220559426 1546397.73033444 0.0 0.0 0.0 
1 1 0.0 1.0 0.0277 27 0.0 
4 18 51.8346162477048 1546397.73033443 0.0 0.0 0.0 
1 1 0.0 1.0 0.0277 27 0.0 
4 17 51.911310439467 1546397.73033443 0.0 0.0 0.0 
1 1 0.0 1.0 0.0277 27 0.0 
4 16 51.9704717793407 839362.119326778 0.0 0.0 0.0 
1 1 0.0 1.0 0.0277 27 0.0 
4 957 50.9471853888143 793002.980710612 0.0 0.0 0.0 
1 1 0.0 1.0 0.0277 27 0.0 
4 926 50.9965979914162 1558470.36254446 0.0 0.0 0.0 
1 1 0.0 1.0 0.0277 27 0.0 
4 895 51.0620957159915 1558470.36254562 0.0 0.0 0.0 
1 1 0.0 1.0 0.0277 27 0.0 
4 864 51.1275934405668 1558470.36254562 0.0 0.0 0.0 
1 1 0.0 1.0 0.0277 27 0.0 
4 833 51.193091165142 1558470.36254446 0.0 0.0 0.0 
1 1 0.0 1.0 0.0277 27 0.0 
4 802 51.2585888897173 1558470.36254562 0.0 0.0 0.0 
1 1 0.0 1.0 0.0277 27 0.0 
4 771 51.3240866142926 1558470.36254562 0.0 0.0 0.0 
1 1 0.0 1.0 0.0277 27 0.0 
4 740 51.3895843388679 1558470.36254562 0.0 0.0 0.0 
1 1 0.0 1.0 0.0277 27 0.0 
4 709 51.4550820634432 1558470.36254446 0.0 0.0 0.0 
1 1 0.0 1.0 0.0277 27 0.0 
4 678 51.5205797880184 1558470.36254563 0.0 0.0 0.0 
1 1 0.0 1.0 0.0277 27 0.0 
4 647 51.5860775125937 1558470.36254562 0.0 0.0 0.0 
1 1 0.0 1.0 0.0277 27 0.0 
4 616 51.651575237169 1558470.36254446 0.0 0.0 0.0 
1 1 0.0 1.0 0.0277 27 0.0 
4 585 51.7170729617443 1558470.36254562 0.0 0.0 0.0 
1 1 0.0 1.0 0.0277 27 0.0 
4 554 51.7825706863196 1558470.36254562 0.0 0.0 0.0 
1 1 0.0 1.0 0.0277 27 0.0 
4 523 51.8480684108948 1558470.36254446 0.0 0.0 0.0 
1 1 0.0 1.0 0.0277 27 0.0 
4 483 51.8954895272579 698231.06914262 0.0 0.0 0.0 
1 1 0.0 1.0 0.0277 27 0.0 
4 927 50.8649431412958 934462.350052176 0.0 0.0 0.0 
1 1 0.0 1.0 0.0277 27 0.0 
4 928 50.9291947088193 1546373.04399086 0.0 0.0 0.0 
1 1 0.0 1.0 0.0277 27 0.0 
4 929 51.0092942529416 1546373.04398969 0.0 0.0 0.0 
1 1 0.0 1.0 0.0277 27 0.0 
4 930 51.0893937970638 1546373.04399086 0.0 0.0 0.0 
1 1 0.0 1.0 0.0277 27 0.0 
4 931 51.169493341186 1546373.04399086 0.0 0.0 0.0 
1 1 0.0 1.0 0.0277 27 0.0 
4 932 51.2495928853083 1546373.04399086 0.0 0.0 0.0 
1 1 0.0 1.0 0.0277 27 0.0 
4 933 51.3296924294305 1546373.0439897 0.0 0.0 0.0 
1 1 0.0 1.0 0.0277 27 0.0 
4 934 51.4097919735527 1546373.04399086 0.0 0.0 0.0 
1 1 0.0 1.0 0.0277 27 0.0 
4 935 51.489891517675 1546373.04399086 0.0 0.0 0.0 
1 1 0.0 1.0 0.0277 27 0.0 
4 936 51.5699910617972 1546373.04399086 0.0 0.0 0.0 
1 1 0.0 1.0 0.0277 27 0.0 
4 937 51.6500906059195 1546373.04399086 0.0 0.0 0.0 
1 1 0.0 1.0 0.0277 27 0.0 
4 938 51.7301901500417 1546373.0439897 0.0 0.0 0.0 
1 1 0.0 1.0 0.0277 27 0.0 
4 939 51.8102896941639 1546373.04399086 0.0 0.0 0.0 
1 1 0.0 1.0 0.0277 27 0.0 
4 940 51.8903892382862 1546373.04399086 0.0 0.0 0.0 
1 1 0.0 1.0 0.0277 27 0.0 
4 941 51.9704887824084 1546373.04399086 0.0 0.0 0.0 
1 1 0.0 1.0 0.0277 27 0.0 
4 942 52.0288312307348 706303.682223875 0.0 0.0 0.0 
1 1 0.0 1.0 0.0277 27 0.0 
4 435 51.838821649034 698694.840145542 0.0 0.0 0.0 
1 1 0.0 1.0 0.0277 27 0.0 
4 484 51.7896136198357 1558462.26128169 0.0 0.0 0.0 
1 1 0.0 1.0 0.0277 27 0.0 
4 524 51.721661897371 1558462.26128285 0.0 0.0 0.0 
1 1 0.0 1.0 0.0277 27 0.0 
4 555 51.6537101749064 1558462.26128285 0.0 0.0 0.0 
1 1 0.0 1.0 0.0277 27 0.0 
4 586 51.5857584524417 1558462.26128169 0.0 0.0 0.0 
1 1 0.0 1.0 0.0277 27 0.0 
4 617 51.5178067299771 1558462.26128285 0.0 0.0 0.0 
1 1 0.0 1.0 0.0277 27 0.0 
4 648 51.4498550075124 1558462.26128285 0.0 0.0 0.0 
1 1 0.0 1.0 0.0277 27 0.0 
4 679 51.3819032850477 1558462.26128169 0.0 0.0 0.0 
1 1 0.0 1.0 0.0277 27 0.0 
4 710 51.3139515625831 1558462.26128285 0.0 0.0 0.0 
1 1 0.0 1.0 0.0277 27 0.0 
4 741 51.2459998401184 1558462.26128285 0.0 0.0 0.0 
1 1 0.0 1.0 0.0277 27 0.0 
4 772 51.1780481176537 1558462.26128285 0.0 0.0 0.0 
1 1 0.0 1.0 0.0277 27 0.0 
4 803 51.1100963951891 1558462.26128169 0.0 0.0 0.0 
1 1 0.0 1.0 0.0277 27 0.0 
4 834 51.0421446727244 1558462.26128285 0.0 0.0 0.0 
1 1 0.0 1.0 0.0277 27 0.0 
4 865 50.9741929502598 1558462.26128285 0.0 0.0 0.0 
1 1 0.0 1.0 0.0277 27 0.0 
4 896 50.9062412277951 1558462.26128169 0.0 0.0 0.0 
1 1 0.0 1.0 0.0277 27 0.0 
4 927 50.8565033561981 722998.547333626 0.0 0.0 0.0 
1 1 0.0 1.0 0.0277 27 0.0 
4 16 51.9719967478328 707035.611006496 0.0 0.0 0.0 
1 1 0.0 1.0 0.0277 27 0.0 
4 15 51.9105188026395 1546397.73033443 0.0 0.0 0.0 
1 1 0.0 1.0 0.0277 27 0.0 
4 14 51.8261414632539 1546397.73033444 0.0 0.0 0.0 
1 1 0.0 1.0 0.0277 27 0.0 
4 13 51.7417641238682 1546397.73033443 0.0 0.0 0.0 
1 1 0.0 1.0 0.0277 27 0.0 
4 12 51.6573867844826 1546397.73033327 0.0 0.0 0.0 
1 1 0.0 1.0 0.0277 27 0.0 
4 11 51.573009445097 1546397.73033444 0.0 0.0 0.0 
1 1 0.0 1.0 0.0277 27 0.0 
4 10 51.4886321057114 1546397.73033443 0.0 0.0 0.0 
1 1 0.0 1.0 0.0277 27 0.0 
4 9 51.4042547663258 1546397.73033444 0.0 0.0 0.0 
1 1 0.0 1.0 0.0277 27 0.0 
4 8 51.3198774269402 1546397.73033443 0.0 0.0 0.0 
1 1 0.0 1.0 0.0277 27 0.0 
4 7 51.2355000875546 1546397.73033327 0.0 0.0 0.0 
1 1 0.0 1.0 0.0277 27 0.0 
4 6 51.151122748169 1546397.73033444 0.0 0.0 0.0 
1 1 0.0 1.0 0.0277 27 0.0 
4 5 51.0667454087834 1546397.73033443 0.0 0.0 0.0 
1 1 0.0 1.0 0.0277 27 0.0 
4 4 50.9823680693977 1546397.73033443 0.0 0.0 0.0 
1 1 0.0 1.0 0.0277 27 0.0 
4 3 50.8979907300121 1546397.73033327 0.0 0.0 0.0 
1 1 0.0 1.0 0.0277 27 0.0 
4 2 50.8136133906265 1546397.73033443 0.0 0.0 0.0 
1 1 0.0 1.0 0.0277 27 0.0 
4 1 50.7496072057169 799706.562414698 0.0 0.0 0.0 
1 1 0.0 1.0 0.0277 27 0.0 
4 483 51.8892871886766 860239.293403004 0.0 0.0 0.0 
1 1 0.0 1.0 0.0277 27 0.0 
4 434 51.8305947071659 1558470.36254563 0.0 0.0 0.0 
1 1 0.0 1.0 0.0277 27 0.0 
4 403 51.754958929458 1558470.36254562 0.0 0.0 0.0 
1 1 0.0 1.0 0.0277 27 0.0 
4 372 51.6793231517501 1558470.36254446 0.0 0.0 0.0 
1 1 0.0 1.0 0.0277 27 0.0 
4 341 51.6036873740423 1558470.36254562 0.0 0.0 0.0 
1 1 0.0 1.0 0.0277 27 0.0 
4 310 51.5280515963344 1558470.36254562 0.0 0.0 0.0 
1 1 0.0 1.0 0.0277 27 0.0 
4 279 51.4524158186265 1558470.36254446 0.0 0.0 0.0 
1 1 0.0 1.0 0.0277 27 0.0 
4 248 51.3767800409186 1558470.36254563 0.0 0.0 0.0 
1 1 0.0 1.0 0.0277 27 0.0 
4 217 51.3011442632107 1558470.36254562 0.0 0.0 0.0 
1 1 0.0 1.0 0.0277 27 0.0 
4 186 51.2255084855028 1558470.36254446 0.0 0.0 0.0 
1 1 0.0 1.0 0.0277 27 0.0 
4 155 51.1498727077949 1558470.36254562 0.0 0.0 0.0 
1 1 0.0 1.0 0.0277 27 0.0 
4 124 51.074236930087 1558470.36254562 0.0 0.0 0.0 
1 1 0.0 1.0 0.0277 27 0.0 
4 93 50.9986011523791 1558470.36254563 0.0 0.0 0.0 
1 1 0.0 1.0 0.0277 27 0.0 
4 62 50.9229653746712 1558470.36254446 0.0 0.0 0.0 
1 1 0.0 1.0 0.0277 27 0.0 
4 31 50.8582057365753 1110266.04025697 0.0 0.0 0.0 
1 1 0.0 1.0 0.0277 27 0.0 
4 942 52.0268992249097 840069.361765821 0.0 0.0 0.0 
1 1 0.0 1.0 0.0277 27 0.0 
4 943 51.9694455893171 1546373.04399086 0.0 0.0 0.0 
1 1 0.0 1.0 0.0277 27 0.0 
4 944 51.8949876823127 1546373.04399086 0.0 0.0 0.0 
1 1 0.0 1.0 0.0277 27 0.0 
4 945 51.8205297753084 1546373.04399086 0.0 0.0 0.0 
1 1 0.0 1.0 0.0277 27 0.0 
4 946 51.746071868304 1546373.0439897 0.0 0.0 0.0 
1 1 0.0 1.0 0.0277 27 0.0 
4 947 51.6716139612997 1546373.04399086 0.0 0.0 0.0 
1 1 0.0 1.0 0.0277 27 0.0 
4 948 51.5971560542953 1546373.04399086 0.0 0.0 0.0 
1 1 0.0 1.0 0.0277 27 0.0 
4 949 51.5226981472909 1546373.04399086 0.0 0.0 0.0 
1 1 0.0 1.0 0.0277 27 0.0 
4 950 51.4482402402866 1546373.04399086 0.0 0.0 0.0 
1 1 0.0 1.0 0.0277 27 0.0 
4 951 51.3737823332822 1546373.0439897 0.0 0.0 0.0 
1 1 0.0 1.0 0.0277 27 0.0 
4 952 51.2993244262779 1546373.04399086 0.0 0.0 0.0 
1 1 0.0 1.0 0.0277 27 0.0 
4 953 51.2248665192735 1546373.04399086 0.0 0.0 0.0 
1 1 0.0 1.0 0.0277 27 0.0 
4 954 51.1504086122691 1546373.04399086 0.0 0.0 0.0 
1 1 0.0 1.0 0.0277 27 0.0 
4 955 51.0759507052648 1546373.0439897 0.0 0.0 0.0 
1 1 0.0 1.0 0.0277 27 0.0 
4 956 51.0014927982604 1546373.04399086 0.0 0.0 0.0 
1 1 0.0 1.0 0.0277 27 0.0 
4 957 50.9473927466291 700772.085034537 0.0 0.0 0.0 
1 1 0.0 1.0 0.0277 27 0.0 
