2 1 30.5252376051097 838072.934824464 0.02043 26.5 0.0 
2 32 30.5291456116999 1558462.26128169 0.02043 26.5 0.0 
2 63 30.5342283501445 1558462.26128285 0.02043 26.5 0.0 
2 94 30.539311088589 1558462.26128285 0.02043 26.5 0.0 
2 125 30.5443938270336 1558462.26128285 0.02043 26.5 0.0 
2 156 30.5494765654782 1558462.26128169 0.02043 26.5 0.0 
2 187 30.5545593039228 1558462.26128285 0.02043 26.5 0.0 
2 218 30.5596420423674 1558462.26128285 0.02043 26.5 0.0 
2 249 30.564724780812 1558462.26128169 0.02043 26.5 0.0 
2 280 30.5698075192566 1558462.26128285 0.02043 26.5 0.0 
2 311 30.5748902577012 1558462.26128285 0.02043 26.5 0.0 
2 342 30.5799729961458 1558462.26128169 0.02043 26.5 0.0 
2 373 30.5850557345904 1558462.26128285 0.02043 26.5 0.0 
2 404 30.590138473035 1558462.26128285 0.02043 26.5 0.0 
2 435 30.5940818566125 859767.421137307 0.02043 26.5 0.0 
2 31 29.6933813911647 900786.691800257 0.02043 26.5 0.0 
2 30 29.720094901252 1546397.73033443 0.02043 26.5 0.0 
2 29 29.7538559132906 1546397.73033327 0.02043 26.5 0.0 
2 28 29.7876169253292 1546397.73033443 0.02043 26.5 0.0 
2 27 29.8213779373678 1546397.73033444 0.02043 26.5 0.0 
2 26 29.8551389494064 1546397.73033443 0.02043 26.5 0.0 
2 25 29.888899961445 1546397.73033327 0.02043 26.5 0.0 
2 24 29.9226609734836 1546397.73033444 0.02043 26.5 0.0 
2 23 29.9564219855222 1546397.73033443 0.02043 26.5 0.0 
2 22 29.9901829975608 1546397.73033444 0.02043 26.5 0.0 
2 21 30.0239440095995 1546397.73033443 0.02043 26.5 0.0 
2 20 30.0577050216381 1546397.73033327 0.02043 26.5 0.0 
2 19 30.0914660336767 1546397.73033444 0.02043 26.5 0.0 
2 18 30.1252270457153 1546397.73033443 0.02043 26.5 0.0 
2 17 30.1589880577539 1546397.73033443 0.02043 26.5 0.0 
2 16 30.1850310560802 839362.119326778 0.02043 26.5 0.0 
2 957 30.630979295366 793002.980710612 0.02043 26.5 0.0 
2 926 30.5975346228411 1558470.36254446 0.02043 26.5 0.0 
2 895 30.5532028160913 1558470.36254562 0.02043 26.5 0.0 
2 864 30.5088710093416 1558470.36254562 0.02043 26.5 0.0 
2 833 30.4645392025918 1558470.36254446 0.02043 26.5 0.0 
2 802 30.4202073958421 1558470.36254562 0.02043 26.5 0.0 
2 771 30.3758755890924 1558470.36254562 0.02043 26.5 0.0 
2 740 30.3315437823426 1558470.36254562 0.02043 26.5 0.0 
2 709 30.2872119755929 1558470.36254446 0.02043 26.5 0.0 
2 678 30.2428801688431 1558470.36254563 0.02043 26.5 0.0 
2 647 30.1985483620934 1558470.36254562 0.02043 26.5 0.0 
2 616 30.1542165553436 1558470.36254446 0.02043 26.5 0.0 
2 585 30.1098847485939 1558470.36254562 0.02043 26.5 0.0 
2 554 30.0655529418442 1558470.36254562 0.02043 26.5 0.0 
2 523 30.0212211350944 1558470.36254446 0.02043 26.5 0.0 
2 483 29.9891243900533 698231.06914262 0.02043 26.5 0.0 
2 927 30.4738317276282 934462.350052176 0.02043 26.5 0.0 
2 928 30.4565996391433 1546373.04399086 0.02043 26.5 0.0 
2 929 30.4351171682073 1546373.04398969 0.02043 26.5 0.0 
2 930 30.4136346972714 1546373.04399086 0.02043 26.5 0.0 
2 931 30.3921522263354 1546373.04399086 0.02043 26.5 0.0 
2 932 30.3706697553994 1546373.04399086 0.02043 26.5 0.0 
2 933 30.3491872844634 1546373.0439897 0.02043 26.5 0.0 
2 934 30.3277048135274 1546373.04399086 0.02043 26.5 0.0 
2 935 30.3062223425915 1546373.04399086 0.02043 26.5 0.0 
2 936 30.2847398716555 1546373.04399086 0.02043 26.5 0.0 
2 937 30.2632574007195 1546373.04399086 0.02043 26.5 0.0 
2 938 30.2417749297835 1546373.0439897 0.02043 26.5 0.0 
2 939 30.2202924588475 1546373.04399086 0.02043 26.5 0.0 
2 940 30.1988099879116 1546373.04399086 0.02043 26.5 0.0 
2 941 30.1773275169756 1546373.04399086 0.02043 26.5 0.0 
2 942 30.161680237528 706303.682223875 0.02043 26.5 0.0 
2 435 30.5937527602124 698694.840145542 0.02043 26.5 0.0 
2 484 30.5881603488902 1558462.26128169 0.02043 26.5 0.0 
2 524 30.5804377477564 1558462.26128285 0.02043 26.5 0.0 
2 555 30.5727151466227 1558462.26128285 0.02043 26.5 0.0 
2 586 30.5649925454889 1558462.26128169 0.02043 26.5 0.0 
2 617 30.5572699443552 1558462.26128285 0.02043 26.5 0.0 
2 648 30.5495473432214 1558462.26128285 0.02043 26.5 0.0 
2 679 30.5418247420877 1558462.26128169 0.02043 26.5 0.0 
2 710 30.5341021409539 1558462.26128285 0.02043 26.5 0.0 
2 741 30.5263795398202 1558462.26128285 0.02043 26.5 0.0 
2 772 30.5186569386864 1558462.26128285 0.02043 26.5 0.0 
2 803 30.5109343375527 1558462.26128169 0.02043 26.5 0.0 
2 834 30.5032117364189 1558462.26128285 0.02043 26.5 0.0 
2 865 30.4954891352852 1558462.26128285 0.02043 26.5 0.0 
2 896 30.4877665341514 1558462.26128169 0.02043 26.5 0.0 
2 927 30.4821139071149 722998.547333626 0.02043 26.5 0.0 
2 16 30.1992265970814 707035.611006496 0.02043 26.5 0.0 
2 15 30.2152677123517 1546397.73033443 0.02043 26.5 0.0 
2 14 30.2372838455037 1546397.73033444 0.02043 26.5 0.0 
2 13 30.2592999786556 1546397.73033443 0.02043 26.5 0.0 
2 12 30.2813161118076 1546397.73033327 0.02043 26.5 0.0 
2 11 30.3033322449596 1546397.73033444 0.02043 26.5 0.0 
2 10 30.3253483781115 1546397.73033443 0.02043 26.5 0.0 
2 9 30.3473645112635 1546397.73033444 0.02043 26.5 0.0 
2 8 30.3693806444155 1546397.73033443 0.02043 26.5 0.0 
2 7 30.3913967775674 1546397.73033327 0.02043 26.5 0.0 
2 6 30.4134129107194 1546397.73033444 0.02043 26.5 0.0 
2 5 30.4354290438713 1546397.73033443 0.02043 26.5 0.0 
2 4 30.4574451770233 1546397.73033443 0.02043 26.5 0.0 
2 3 30.4794613101753 1546397.73033327 0.02043 26.5 0.0 
2 2 30.5014774433272 1546397.73033443 0.02043 26.5 0.0 
2 1 30.5181782388226 799706.562414698 0.02043 26.5 0.0 
2 483 29.9734733843946 860239.293403004 0.02043 26.5 0.0 
2 434 29.9573901666336 1558470.36254563 0.02043 26.5 0.0 
2 403 29.9366640590967 1558470.36254562 0.02043 26.5 0.0 
2 372 29.9159379515598 1558470.36254446 0.02043 26.5 0.0 
2 341 29.8952118440229 1558470.36254562 0.02043 26.5 0.0 
2 310 29.874485736486 1558470.36254562 0.02043 26.5 0.0 
2 279 29.8537596289491 1558470.36254446 0.02043 26.5 0.0 
2 248 29.8330335214122 1558470.36254563 0.02043 26.5 0.0 
2 217 29.8123074138753 1558470.36254562 0.02043 26.5 0.0 
2 186 29.7915813063384 1558470.36254446 0.02043 26.5 0.0 
2 155 29.7708551988015 1558470.36254562 0.02043 26.5 0.0 
2 124 29.7501290912646 1558470.36254562 0.02043 26.5 0.0 
2 93 29.7294029837277 1558470.36254563 0.02043 26.5 0.0 
2 62 29.7086768761908 1558470.36254446 0.02043 26.5 0.0 
2 31 29.6909311047595 1110266.04025697 0.02043 26.5 0.0 
2 942 30.1655676174158 840069.361765821 0.02043 26.5 0.0 
2 943 30.1905476971141 1546373.04399086 0.02043 26.5 0.0 
2 944 30.2229210087759 1546373.04399086 0.02043 26.5 0.0 
2 945 30.2552943204376 1546373.04399086 0.02043 26.5 0.0 
2 946 30.2876676320994 1546373.0439897 0.02043 26.5 0.0 
2 947 30.3200409437611 1546373.04399086 0.02043 26.5 0.0 
2 948 30.3524142554229 1546373.04399086 0.02043 26.5 0.0 
2 949 30.3847875670846 1546373.04399086 0.02043 26.5 0.0 
2 950 30.4171608787464 1546373.04399086 0.02043 26.5 0.0 
2 951 30.4495341904081 1546373.0439897 0.02043 26.5 0.0 
2 952 30.4819075020699 1546373.04399086 0.02043 26.5 0.0 
2 953 30.5142808137316 1546373.04399086 0.02043 26.5 0.0 
2 954 30.5466541253934 1546373.04399086 0.02043 26.5 0.0 
2 955 30.5790274370551 1546373.0439897 0.02043 26.5 0.0 
2 956 30.6114007487169 1546373.04399086 0.02043 26.5 0.0 
2 957 30.6349227345319 700772.085034537 0.02043 26.5 0.0 
3 1 47.5174818337216 838072.934824464 0.024 25.5 0.0 
3 32 47.5251333845793 1558462.26128169 0.024 25.5 0.0 
3 63 47.5350849624001 1558462.26128285 0.024 25.5 0.0 
3 94 47.5450365402208 1558462.26128285 0.024 25.5 0.0 
3 125 47.5549881180415 1558462.26128285 0.024 25.5 0.0 
3 156 47.5649396958622 1558462.26128169 0.024 25.5 0.0 
3 187 47.574891273683 1558462.26128285 0.024 25.5 0.0 
3 218 47.5848428515037 1558462.26128285 0.024 25.5 0.0 
3 249 47.5947944293244 1558462.26128169 0.024 25.5 0.0 
3 280 47.6047460071452 1558462.26128285 0.024 25.5 0.0 
3 311 47.6146975849659 1558462.26128285 0.024 25.5 0.0 
3 342 47.6246491627866 1558462.26128169 0.024 25.5 0.0 
3 373 47.6346007406073 1558462.26128285 0.024 25.5 0.0 
3 404 47.6445523184281 1558462.26128285 0.024 25.5 0.0 
3 435 47.6522731344757 859767.421137307 0.024 25.5 0.0 
3 31 47.6374955371911 900786.691800257 0.024 25.5 0.0 
3 30 47.6323296986835 1546397.73033443 0.024 25.5 0.0 
3 29 47.6258010195443 1546397.73033327 0.024 25.5 0.0 
3 28 47.619272340405 1546397.73033443 0.024 25.5 0.0 
3 27 47.6127436612657 1546397.73033444 0.024 25.5 0.0 
3 26 47.6062149821264 1546397.73033443 0.024 25.5 0.0 
3 25 47.5996863029871 1546397.73033327 0.024 25.5 0.0 
3 24 47.5931576238479 1546397.73033444 0.024 25.5 0.0 
3 23 47.5866289447086 1546397.73033443 0.024 25.5 0.0 
3 22 47.5801002655693 1546397.73033444 0.024 25.5 0.0 
3 21 47.57357158643 1546397.73033443 0.024 25.5 0.0 
3 20 47.5670429072907 1546397.73033327 0.024 25.5 0.0 
3 19 47.5605142281514 1546397.73033444 0.024 25.5 0.0 
3 18 47.5539855490122 1546397.73033443 0.024 25.5 0.0 
3 17 47.5474568698729 1546397.73033443 0.024 25.5 0.0 
3 16 47.5424206944258 839362.119326778 0.024 25.5 0.0 
3 957 47.9178193143501 793002.980710612 0.024 25.5 0.0 
3 926 47.9105529059223 1558470.36254446 0.024 25.5 0.0 
3 895 47.9009210874631 1558470.36254562 0.024 25.5 0.0 
3 864 47.8912892690038 1558470.36254562 0.024 25.5 0.0 
3 833 47.8816574505446 1558470.36254446 0.024 25.5 0.0 
3 802 47.8720256320854 1558470.36254562 0.024 25.5 0.0 
3 771 47.8623938136262 1558470.36254562 0.024 25.5 0.0 
3 740 47.852761995167 1558470.36254562 0.024 25.5 0.0 
3 709 47.8431301767077 1558470.36254446 0.024 25.5 0.0 
3 678 47.8334983582485 1558470.36254563 0.024 25.5 0.0 
3 647 47.8238665397893 1558470.36254562 0.024 25.5 0.0 
3 616 47.8142347213301 1558470.36254446 0.024 25.5 0.0 
3 585 47.8046029028709 1558470.36254562 0.024 25.5 0.0 
3 554 47.7949710844116 1558470.36254562 0.024 25.5 0.0 
3 523 47.7853392659524 1558470.36254446 0.024 25.5 0.0 
3 483 47.7783657170711 698231.06914262 0.024 25.5 0.0 
3 927 47.8186979554793 934462.350052176 0.024 25.5 0.0 
3 928 47.8208049259621 1546373.04399086 0.024 25.5 0.0 
3 929 47.8234315914531 1546373.04398969 0.024 25.5 0.0 
3 930 47.826058256944 1546373.04399086 0.024 25.5 0.0 
3 931 47.828684922435 1546373.04399086 0.024 25.5 0.0 
3 932 47.8313115879259 1546373.04399086 0.024 25.5 0.0 
3 933 47.8339382534169 1546373.0439897 0.024 25.5 0.0 
3 934 47.8365649189078 1546373.04399086 0.024 25.5 0.0 
3 935 47.8391915843988 1546373.04399086 0.024 25.5 0.0 
3 936 47.8418182498897 1546373.04399086 0.024 25.5 0.0 
3 937 47.8444449153807 1546373.04399086 0.024 25.5 0.0 
3 938 47.8470715808716 1546373.0439897 0.024 25.5 0.0 
3 939 47.8496982463625 1546373.04399086 0.024 25.5 0.0 
3 940 47.8523249118535 1546373.04399086 0.024 25.5 0.0 
3 941 47.8549515773444 1546373.04399086 0.024 25.5 0.0 
3 942 47.8568647729482 706303.682223875 0.024 25.5 0.0 
3 435 47.6574666751367 698694.840145542 0.024 25.5 0.0 
3 484 47.6653766801498 1558462.26128169 0.024 25.5 0.0 
3 524 47.6762996631285 1558462.26128285 0.024 25.5 0.0 
3 555 47.6872226461072 1558462.26128285 0.024 25.5 0.0 
3 586 47.6981456290858 1558462.26128169 0.024 25.5 0.0 
3 617 47.7090686120645 1558462.26128285 0.024 25.5 0.0 
3 648 47.7199915950431 1558462.26128285 0.024 25.5 0.0 
3 679 47.7309145780218 1558462.26128169 0.024 25.5 0.0 
3 710 47.7418375610004 1558462.26128285 0.024 25.5 0.0 
3 741 47.7527605439791 1558462.26128285 0.024 25.5 0.0 
3 772 47.7636835269578 1558462.26128285 0.024 25.5 0.0 
3 803 47.7746065099364 1558462.26128169 0.024 25.5 0.0 
3 834 47.7855294929151 1558462.26128285 0.024 25.5 0.0 
3 865 47.7964524758937 1558462.26128285 0.024 25.5 0.0 
3 896 47.8073754588724 1558462.26128169 0.024 25.5 0.0 
3 927 47.8153706340518 722998.547333626 0.024 25.5 0.0 
3 16 47.5402543274201 707035.611006496 0.024 25.5 0.0 
3 15 47.5389968948596 1546397.73033443 0.024 25.5 0.0 
3 14 47.5372710919953 1546397.73033444 0.024 25.5 0.0 
3 13 47.5355452891309 1546397.73033443 0.024 25.5 0.0 
3 12 47.5338194862665 1546397.73033327 0.024 25.5 0.0 
3 11 47.5320936834022 1546397.73033444 0.024 25.5 0.0 
3 10 47.5303678805378 1546397.73033443 0.024 25.5 0.0 
3 9 47.5286420776734 1546397.73033444 0.024 25.5 0.0 
3 8 47.5269162748091 1546397.73033443 0.024 25.5 0.0 
3 7 47.5251904719447 1546397.73033327 0.024 25.5 0.0 
3 6 47.5234646690804 1546397.73033444 0.024 25.5 0.0 
3 5 47.521738866216 1546397.73033443 0.024 25.5 0.0 
3 4 47.5200130633516 1546397.73033443 0.024 25.5 0.0 
3 3 47.5182872604873 1546397.73033327 0.024 25.5 0.0 
3 2 47.5165614576229 1546397.73033443 0.024 25.5 0.0 
3 1 47.5152523139825 799706.562414698 0.024 25.5 0.0 
3 483 47.773561047484 860239.293403004 0.024 25.5 0.0 
3 434 47.7661184708507 1558470.36254563 0.024 25.5 0.0 
3 403 47.7565273774547 1558470.36254562 0.024 25.5 0.0 
3 372 47.7469362840586 1558470.36254446 0.024 25.5 0.0 
3 341 47.7373451906626 1558470.36254562 0.024 25.5 0.0 
3 310 47.7277540972666 1558470.36254562 0.024 25.5 0.0 
3 279 47.7181630038706 1558470.36254446 0.024 25.5 0.0 
3 248 47.7085719104745 1558470.36254563 0.024 25.5 0.0 
3 217 47.6989808170785 1558470.36254562 0.024 25.5 0.0 
3 186 47.6893897236825 1558470.36254446 0.024 25.5 0.0 
3 155 47.6797986302865 1558470.36254562 0.024 25.5 0.0 
3 124 47.6702075368904 1558470.36254562 0.024 25.5 0.0 
3 93 47.6606164434944 1558470.36254563 0.024 25.5 0.0 
3 62 47.6510253500984 1558470.36254446 0.024 25.5 0.0 
3 31 47.6428134197647 1110266.04025697 0.024 25.5 0.0 
3 942 47.8586022071698 840069.361765821 0.024 25.5 0.0 
3 943 47.8618337838282 1546373.04399086 0.024 25.5 0.0 
3 944 47.8660217944184 1546373.04399086 0.024 25.5 0.0 
3 945 47.8702098050087 1546373.04399086 0.024 25.5 0.0 
3 946 47.8743978155989 1546373.0439897 0.024 25.5 0.0 
3 947 47.8785858261892 1546373.04399086 0.024 25.5 0.0 
3 948 47.8827738367794 1546373.04399086 0.024 25.5 0.0 
3 949 47.8869618473697 1546373.04399086 0.024 25.5 0.0 
3 950 47.89114985796 1546373.04399086 0.024 25.5 0.0 
3 951 47.8953378685502 1546373.0439897 0.024 25.5 0.0 
3 952 47.8995258791405 1546373.04399086 0.024 25.5 0.0 
3 953 47.9037138897307 1546373.04399086 0.024 25.5 0.0 
3 954 47.907901900321 1546373.04399086 0.024 25.5 0.0 
3 955 47.9120899109112 1546373.0439897 0.024 25.5 0.0 
3 956 47.9162779215015 1546373.04399086 0.024 25.5 0.0 
3 957 47.9193208701725 700772.085034537 0.024 25.5 0.0 
4 1 47.5822110344743 838072.934824464 0.0277 27 0.0 
4 32 47.5865527680952 1558462.26128169 0.0277 27 0.0 
4 63 47.5921996102594 1558462.26128285 0.0277 27 0.0 
4 94 47.5978464524236 1558462.26128285 0.0277 27 0.0 
4 125 47.6034932945878 1558462.26128285 0.0 0.0 0.0 
1 1 0.0 1.0 0.0277 27 0.0 
4 156 47.609140136752 1558462.26128169 0.0 0.0 0.0 
1 1 0.0 1.0 0.0277 27 0.0 
4 187 47.6147869789162 1558462.26128285 0.0 0.0 0.0 
1 1 0.0 1.0 0.0277 27 0.0 
4 218 47.6204338210804 1558462.26128285 0.0 0.0 0.0 
1 1 0.0 1.0 0.0277 27 0.0 
4 249 47.6260806632446 1558462.26128169 0.0 0.0 0.0 
1 1 0.0 1.0 0.0277 27 0.0 
4 280 47.6317275054088 1558462.26128285 0.0 0.0 0.0 
1 1 0.0 1.0 0.0277 27 0.0 
4 311 47.637374347573 1558462.26128285 0.0 0.0 0.0 
1 1 0.0 1.0 0.0277 27 0.0 
4 342 47.6430211897372 1558462.26128169 0.0 0.0 0.0 
1 1 0.0 1.0 0.0277 27 0.0 
4 373 47.6486680319014 1558462.26128285 0.0 0.0 0.0 
1 1 0.0 1.0 0.0277 27 0.0 
4 404 47.6543148740656 1558462.26128285 0.0 0.0 0.0 
1 1 0.0 1.0 0.0277 27 0.0 
4 435 47.6586959109609 859767.421137307 0.0 0.0 0.0 
1 1 0.0 1.0 0.0277 27 0.0 
4 31 47.6805654330153 900786.691800257 0.0 0.0 0.0 
1 1 0.0 1.0 0.0277 27 0.0 
4 30 47.6783934431183 1546397.73033443 0.0 0.0 0.0 
1 1 0.0 1.0 0.0277 27 0.0 
4 29 47.6756484434225 1546397.73033327 0.0 0.0 0.0 
1 1 0.0 1.0 0.0277 27 0.0 
4 28 47.6729034437267 1546397.73033443 0.0 0.0 0.0 
1 1 0.0 1.0 0.0277 27 0.0 
4 27 47.6701584440309 1546397.73033444 0.0 0.0 0.0 
1 1 0.0 1.0 0.0277 27 0.0 
4 26 47.6674134443351 1546397.73033443 0.0 0.0 0.0 
1 1 0.0 1.0 0.0277 27 0.0 
4 25 47.6646684446393 1546397.73033327 0.0 0.0 0.0 
1 1 0.0 1.0 0.0277 27 0.0 
4 24 47.6619234449435 1546397.73033444 0.0 0.0 0.0 
1 1 0.0 1.0 0.0277 27 0.0 
4 23 47.6591784452477 1546397.73033443 0.0 0.0 0.0 
1 1 0.0 1.0 0.0277 27 0.0 
4 22 47.6564334455519 1546397.73033444 0.0 0.0 0.0 
1 1 0.0 1.0 0.0277 27 0.0 
4 21 47.6536884458561 1546397.73033443 0.0 0.0 0.0 
1 1 0.0 1.0 0.0277 27 0.0 
4 20 47.6509434461603 1546397.73033327 0.0 0.0 0.0 
1 1 0.0 1.0 0.0277 27 0.0 
4 19 47.6481984464645 1546397.73033444 0.0 0.0 0.0 
1 1 0.0 1.0 0.0277 27 0.0 
4 18 47.6454534467687 1546397.73033443 0.0 0.0 0.0 
1 1 0.0 1.0 0.0277 27 0.0 
4 17 47.6427084470729 1546397.73033443 0.0 0.0 0.0 
1 1 0.0 1.0 0.0277 27 0.0 
4 16 47.6405909743383 839362.119326778 0.0 0.0 0.0 
1 1 0.0 1.0 0.0277 27 0.0 
4 957 47.8428685674853 793002.980710612 0.0 0.0 0.0 
1 1 0.0 1.0 0.0277 27 0.0 
4 926 47.8385172631078 1558470.36254446 0.0 0.0 0.0 
1 1 0.0 1.0 0.0277 27 0.0 
4 895 47.8327494929307 1558470.36254562 0.0 0.0 0.0 
1 1 0.0 1.0 0.0277 27 0.0 
4 864 47.8269817227536 1558470.36254562 0.0 0.0 0.0 
1 1 0.0 1.0 0.0277 27 0.0 
4 833 47.8212139525764 1558470.36254446 0.0 0.0 0.0 
1 1 0.0 1.0 0.0277 27 0.0 
4 802 47.8154461823993 1558470.36254562 0.0 0.0 0.0 
1 1 0.0 1.0 0.0277 27 0.0 
4 771 47.8096784122222 1558470.36254562 0.0 0.0 0.0 
1 1 0.0 1.0 0.0277 27 0.0 
4 740 47.8039106420451 1558470.36254562 0.0 0.0 0.0 
1 1 0.0 1.0 0.0277 27 0.0 
4 709 47.798142871868 1558470.36254446 0.0 0.0 0.0 
1 1 0.0 1.0 0.0277 27 0.0 
4 678 47.7923751016909 1558470.36254563 0.0 0.0 0.0 
1 1 0.0 1.0 0.0277 27 0.0 
4 647 47.7866073315138 1558470.36254562 0.0 0.0 0.0 
1 1 0.0 1.0 0.0277 27 0.0 
4 616 47.7808395613367 1558470.36254446 0.0 0.0 0.0 
1 1 0.0 1.0 0.0277 27 0.0 
4 585 47.7750717911596 1558470.36254562 0.0 0.0 0.0 
1 1 0.0 1.0 0.0277 27 0.0 
4 554 47.7693040209825 1558470.36254562 0.0 0.0 0.0 
1 1 0.0 1.0 0.0277 27 0.0 
4 523 47.7635362508054 1558470.36254446 0.0 0.0 0.0 
1 1 0.0 1.0 0.0277 27 0.0 
4 483 47.7593603179391 698231.06914262 0.0 0.0 0.0 
1 1 0.0 1.0 0.0277 27 0.0 
4 927 47.739482260724 934462.350052176 0.0 0.0 0.0 
1 1 0.0 1.0 0.0277 27 0.0 
4 928 47.7423123543502 1546373.04399086 0.0 0.0 0.0 
1 1 0.0 1.0 0.0277 27 0.0 
4 929 47.7458405049933 1546373.04398969 0.0 0.0 0.0 
1 1 0.0 1.0 0.0277 27 0.0 
4 930 47.7493686556364 1546373.04399086 0.0 0.0 0.0 
1 1 0.0 1.0 0.0277 27 0.0 
4 931 47.7528968062796 1546373.04399086 0.0 0.0 0.0 
1 1 0.0 1.0 0.0277 27 0.0 
4 932 47.7564249569227 1546373.04399086 0.0 0.0 0.0 
1 1 0.0 1.0 0.0277 27 0.0 
4 933 47.7599531075658 1546373.0439897 0.0 0.0 0.0 
1 1 0.0 1.0 0.0277 27 0.0 
4 934 47.763481258209 1546373.04399086 0.0 0.0 0.0 
1 1 0.0 1.0 0.0277 27 0.0 
4 935 47.7670094088521 1546373.04399086 0.0 0.0 0.0 
1 1 0.0 1.0 0.0277 27 0.0 
4 936 47.7705375594952 1546373.04399086 0.0 0.0 0.0 
1 1 0.0 1.0 0.0277 27 0.0 
4 937 47.7740657101384 1546373.04399086 0.0 0.0 0.0 
1 1 0.0 1.0 0.0277 27 0.0 
4 938 47.7775938607815 1546373.0439897 0.0 0.0 0.0 
1 1 0.0 1.0 0.0277 27 0.0 
4 939 47.7811220114246 1546373.04399086 0.0 0.0 0.0 
1 1 0.0 1.0 0.0277 27 0.0 
4 940 47.7846501620678 1546373.04399086 0.0 0.0 0.0 
1 1 0.0 1.0 0.0277 27 0.0 
4 941 47.7881783127109 1546373.04399086 0.0 0.0 0.0 
1 1 0.0 1.0 0.0277 27 0.0 
4 942 47.7907481269195 706303.682223875 0.0 0.0 0.0 
1 1 0.0 1.0 0.0277 27 0.0 
4 435 47.6614284729505 698694.840145542 0.0 0.0 0.0 
1 1 0.0 1.0 0.0277 27 0.0 
4 484 47.6652241759573 1558462.26128169 0.0 0.0 0.0 
1 1 0.0 1.0 0.0277 27 0.0 
4 524 47.6704656896185 1558462.26128285 0.0 0.0 0.0 
1 1 0.0 1.0 0.0277 27 0.0 
4 555 47.6757072032796 1558462.26128285 0.0 0.0 0.0 
1 1 0.0 1.0 0.0277 27 0.0 
4 586 47.6809487169407 1558462.26128169 0.0 0.0 0.0 
1 1 0.0 1.0 0.0277 27 0.0 
4 617 47.6861902306018 1558462.26128285 0.0 0.0 0.0 
1 1 0.0 1.0 0.0277 27 0.0 
4 648 47.6914317442629 1558462.26128285 0.0 0.0 0.0 
1 1 0.0 1.0 0.0277 27 0.0 
4 679 47.6966732579241 1558462.26128169 0.0 0.0 0.0 
1 1 0.0 1.0 0.0277 27 0.0 
4 710 47.7019147715852 1558462.26128285 0.0 0.0 0.0 
1 1 0.0 1.0 0.0277 27 0.0 
4 741 47.7071562852463 1558462.26128285 0.0 0.0 0.0 
1 1 0.0 1.0 0.0277 27 0.0 
4 772 47.7123977989074 1558462.26128285 0.0 0.0 0.0 
1 1 0.0 1.0 0.0277 27 0.0 
4 803 47.7176393125686 1558462.26128169 0.0 0.0 0.0 
1 1 0.0 1.0 0.0277 27 0.0 
4 834 47.7228808262297 1558462.26128285 0.0 0.0 0.0 
1 1 0.0 1.0 0.0277 27 0.0 
4 865 47.7281223398908 1558462.26128285 0.0 0.0 0.0 
1 1 0.0 1.0 0.0277 27 0.0 
4 896 47.7333638535519 1558462.26128169 0.0 0.0 0.0 
1 1 0.0 1.0 0.0277 27 0.0 
4 927 47.7372004264009 722998.547333626 0.0 0.0 0.0 
1 1 0.0 1.0 0.0277 27 0.0 
4 16 47.6389429328192 707035.611006496 0.0 0.0 0.0 
1 1 0.0 1.0 0.0277 27 0.0 
4 15 47.6360647115046 1546397.73033443 0.0 0.0 0.0 
1 1 0.0 1.0 0.0277 27 0.0 
4 14 47.6321144061402 1546397.73033444 0.0 0.0 0.0 
1 1 0.0 1.0 0.0277 27 0.0 
4 13 47.6281641007758 1546397.73033443 0.0 0.0 0.0 
1 1 0.0 1.0 0.0277 27 0.0 
4 12 47.6242137954114 1546397.73033327 0.0 0.0 0.0 
1 1 0.0 1.0 0.0277 27 0.0 
4 11 47.620263490047 1546397.73033444 0.0 0.0 0.0 
1 1 0.0 1.0 0.0277 27 0.0 
4 10 47.6163131846825 1546397.73033443 0.0 0.0 0.0 
1 1 0.0 1.0 0.0277 27 0.0 
4 9 47.6123628793181 1546397.73033444 0.0 0.0 0.0 
1 1 0.0 1.0 0.0277 27 0.0 
4 8 47.6084125739537 1546397.73033443 0.0 0.0 0.0 
1 1 0.0 1.0 0.0277 27 0.0 
4 7 47.6044622685893 1546397.73033327 0.0 0.0 0.0 
1 1 0.0 1.0 0.0277 27 0.0 
4 6 47.6005119632249 1546397.73033444 0.0 0.0 0.0 
1 1 0.0 1.0 0.0277 27 0.0 
4 5 47.5965616578605 1546397.73033443 0.0 0.0 0.0 
1 1 0.0 1.0 0.0277 27 0.0 
4 4 47.5926113524961 1546397.73033443 0.0 0.0 0.0 
1 1 0.0 1.0 0.0277 27 0.0 
4 3 47.5886610471317 1546397.73033327 0.0 0.0 0.0 
1 1 0.0 1.0 0.0277 27 0.0 
4 2 47.5847107417673 1546397.73033443 0.0 0.0 0.0 
1 1 0.0 1.0 0.0277 27 0.0 
4 1 47.5817141555103 799706.562414698 0.0 0.0 0.0 
1 1 0.0 1.0 0.0277 27 0.0 
4 483 47.7565842082465 860239.293403004 0.0 0.0 0.0 
1 1 0.0 1.0 0.0277 27 0.0 
4 434 47.7524115147751 1558470.36254563 0.0 0.0 0.0 
1 1 0.0 1.0 0.0277 27 0.0 
4 403 47.747034251662 1558470.36254562 0.0 0.0 0.0 
1 1 0.0 1.0 0.0277 27 0.0 
4 372 47.741656988549 1558470.36254446 0.0 0.0 0.0 
1 1 0.0 1.0 0.0277 27 0.0 
4 341 47.7362797254359 1558470.36254562 0.0 0.0 0.0 
1 1 0.0 1.0 0.0277 27 0.0 
4 310 47.7309024623228 1558470.36254562 0.0 0.0 0.0 
1 1 0.0 1.0 0.0277 27 0.0 
4 279 47.7255251992097 1558470.36254446 0.0 0.0 0.0 
1 1 0.0 1.0 0.0277 27 0.0 
4 248 47.7201479360966 1558470.36254563 0.0 0.0 0.0 
1 1 0.0 1.0 0.0277 27 0.0 
4 217 47.7147706729835 1558470.36254562 0.0 0.0 0.0 
1 1 0.0 1.0 0.0277 27 0.0 
4 186 47.7093934098705 1558470.36254446 0.0 0.0 0.0 
1 1 0.0 1.0 0.0277 27 0.0 
4 155 47.7040161467574 1558470.36254562 0.0 0.0 0.0 
1 1 0.0 1.0 0.0277 27 0.0 
4 124 47.6986388836443 1558470.36254562 0.0 0.0 0.0 
1 1 0.0 1.0 0.0277 27 0.0 
4 93 47.6932616205312 1558470.36254563 0.0 0.0 0.0 
1 1 0.0 1.0 0.0277 27 0.0 
4 62 47.6878843574181 1558470.36254446 0.0 0.0 0.0 
1 1 0.0 1.0 0.0277 27 0.0 
4 31 47.6832803244631 1110266.04025697 0.0 0.0 0.0 
1 1 0.0 1.0 0.0277 27 0.0 
4 942 47.7925098925461 840069.361765821 0.0 0.0 0.0 
1 1 0.0 1.0 0.0277 27 0.0 
4 943 47.795225742994 1546373.04399086 0.0 0.0 0.0 
1 1 0.0 1.0 0.0277 27 0.0 
4 944 47.7987453904106 1546373.04399086 0.0 0.0 0.0 
1 1 0.0 1.0 0.0277 27 0.0 
4 945 47.8022650378272 1546373.04399086 0.0 0.0 0.0 
1 1 0.0 1.0 0.0277 27 0.0 
4 946 47.8057846852438 1546373.0439897 0.0 0.0 0.0 
1 1 0.0 1.0 0.0277 27 0.0 
4 947 47.8093043326604 1546373.04399086 0.0 0.0 0.0 
1 1 0.0 1.0 0.0277 27 0.0 
4 948 47.812823980077 1546373.04399086 0.0 0.0 0.0 
1 1 0.0 1.0 0.0277 27 0.0 
4 949 47.8163436274936 1546373.04399086 0.0 0.0 0.0 
1 1 0.0 1.0 0.0277 27 0.0 
4 950 47.8198632749102 1546373.04399086 0.0 0.0 0.0 
1 1 0.0 1.0 0.0277 27 0.0 
4 951 47.8233829223268 1546373.0439897 0.0 0.0 0.0 
1 1 0.0 1.0 0.0277 27 0.0 
4 952 47.8269025697434 1546373.04399086 0.0 0.0 0.0 
1 1 0.0 1.0 0.0277 27 0.0 
4 953 47.8304222171601 1546373.04399086 0.0 0.0 0.0 
1 1 0.0 1.0 0.0277 27 0.0 
4 954 47.8339418645767 1546373.04399086 0.0 0.0 0.0 
1 1 0.0 1.0 0.0277 27 0.0 
4 955 47.8374615119933 1546373.0439897 0.0 0.0 0.0 
1 1 0.0 1.0 0.0277 27 0.0 
4 956 47.8409811594099 1546373.04399086 0.0 0.0 0.0 
1 1 0.0 1.0 0.0277 27 0.0 
4 957 47.8435384849462 700772.085034537 0.0 0.0 0.0 
1 1 0.0 1.0 0.0277 27 0.0 
