47.5428
47.5436
47.5444
47.545
47.5444
47.5435
47.5426
47.5417
47.5407
47.5398
47.5389
47.5381
47.5384
47.5426
47.5488
47.5558
47.5629
47.5699
47.577
47.5841
47.5911
47.5982
47.6046
47.6102
47.6158
47.6214
47.627
47.6326
47.6383
47.6444
47.6511
47.5496
47.5504
47.5512
47.5516
47.5511
47.5501
47.5492
47.5483
47.5474
47.5465
47.5457
47.545
47.5459
47.5494
47.5558
47.5628
47.5699
47.5769
47.584
47.5911
47.5981
47.6052
47.6115
47.6171
47.6227
47.6283
47.6338
47.6394
47.6451
47.6509
47.6572
47.5565
47.5573
47.558
47.5585
47.5577
47.5568
47.5558
47.5549
47.554
47.5533
47.5527
47.5537
47.5555
47.5582
47.5632
47.5698
47.5769
47.5839
47.591
47.5981
47.6051
47.612
47.6183
47.6239
47.6295
47.6351
47.6407
47.6463
47.6519
47.6576
47.6635
47.5633
47.5641
47.5648
47.565
47.5643
47.5634
47.5625
47.5616
47.5609
47.5608
47.5618
47.5634
47.5653
47.5682
47.5714
47.577
47.5839
47.5909
47.598
47.6051
47.6121
47.619
47.6251
47.6308
47.6364
47.642
47.6476
47.6532
47.6588
47.6645
47.6704
47.5701
47.5709
47.5716
47.5718
47.5709
47.57
47.5692
47.5685
47.5689
47.5701
47.5717
47.5734
47.5754
47.5784
47.5815
47.585
47.591
47.5979
47.605
47.6121
47.6191
47.6261
47.632
47.6376
47.6432
47.6488
47.6545
47.6601
47.6658
47.6723
47.68
47.577
47.5777
47.5785
47.5784
47.5775
47.5767
47.5761
47.577
47.5783
47.58
47.5817
47.5834
47.5855
47.5886
47.5917
47.5949
47.5989
47.6051
47.612
47.6191
47.6261
47.6329
47.6388
47.6444
47.65
47.6557
47.6613
47.667
47.6741
47.6819
47.6899
47.5849
47.5846
47.5852
47.585
47.5843
47.5841
47.5851
47.5866
47.5883
47.5899
47.5916
47.5934
47.5957
47.5988
47.6019
47.605
47.6082
47.6128
47.6191
47.6261
47.6331
47.6399
47.6456
47.6513
47.6569
47.6625
47.6683
47.6759
47.6838
47.6918
47.6997
47.5946
47.5918
47.5921
47.5918
47.5921
47.5932
47.5948
47.5965
47.5982
47.5999
47.6016
47.6035
47.606
47.6091
47.6122
47.6153
47.6184
47.6217
47.6267
47.6332
47.6401
47.6466
47.6525
47.6581
47.6638
47.6701
47.6778
47.6857
47.6936
47.7016
47.7095
47.6044
47.6015
47.5991
47.6001
47.6014
47.6031
47.6048
47.6065
47.6082
47.61
47.6117
47.6136
47.6163
47.6195
47.6227
47.6258
47.6289
47.6319
47.6352
47.6405
47.6472
47.6536
47.6593
47.665
47.6718
47.6796
47.6876
47.6955
47.7034
47.7114
47.7194
47.6143
47.6116
47.61
47.6097
47.6113
47.613
47.6147
47.6164
47.6182
47.62
47.6219
47.624
47.627
47.6304
47.6337
47.6368
47.6397
47.6426
47.6455
47.649
47.6545
47.6606
47.6662
47.6736
47.6815
47.6894
47.6973
47.7053
47.7133
47.7212
47.7292
47.6248
47.6231
47.6219
47.6208
47.6212
47.6229
47.6246
47.6264
47.6281
47.63
47.632
47.6353
47.6397
47.6438
47.6471
47.6501
47.6528
47.655
47.6568
47.6593
47.663
47.6682
47.6756
47.6834
47.6913
47.6992
47.7071
47.7151
47.7231
47.7311
47.7391
47.6365
47.6353
47.6341
47.6329
47.6318
47.6328
47.6345
47.6363
47.6381
47.64
47.6423
47.647
47.6572
47.6706
47.673
47.6755
47.6764
47.6743
47.6729
47.6734
47.6742
47.6792
47.6862
47.6938
47.7015
47.7093
47.7172
47.7251
47.733
47.741
47.749
47.6486
47.6474
47.6462
47.645
47.6438
47.6429
47.6444
47.6462
47.648
47.65
47.6526
47.6591
47.6746
47.7169
47.7257
47.722
47.7194
47.7156
47.7071
47.6906
47.6873
47.6914
47.6981
47.7055
47.7131
47.7208
47.7285
47.7362
47.744
47.7519
47.7596
47.6608
47.6596
47.6584
47.6572
47.656
47.6548
47.6544
47.6561
47.6579
47.66
47.6627
47.6709
47.6934
47.7379
47.7781
47.7611
47.7569
47.772
47.7696
47.7704
47.7728
47.7276
47.7027
47.6996
47.7041
47.7103
47.7174
47.725
47.7327
47.7404
47.7481
47.7559
47.7636
47.7714
47.6729
47.6717
47.6705
47.6693
47.6681
47.6669
47.6659
47.6661
47.6678
47.6698
47.6729
47.682
47.7061
47.7495
47.7752
47.7807
47.7781
47.778
47.7738
47.776
47.7763
47.7749
47.7763
47.7748
47.7734
47.7758
47.7739
47.7727
47.7744
47.7734
47.7729
47.7737
47.7731
47.774
47.7745
47.7735
47.7741
47.7754
47.773
47.7732
47.7727
47.7729
47.7736
47.7725
47.7726
47.7725
47.7724
47.7727
47.7728
47.7725
47.7727
47.7726
47.7724
47.7723
47.7724
47.7723
47.7723
47.7723
47.7723
47.7727
47.7725
47.7725
47.7727
47.7728
47.7724
47.7725
47.7724
47.7726
47.7729
47.7727
47.7731
47.7732
47.7741
47.7737
47.7746
47.7748
47.7766
47.7757
47.7775
47.78
47.7886
47.7779
47.7838
47.7796
47.7836
47.7865
47.776
47.7366
47.7142
47.712
47.7168
47.723
47.7296
47.7369
47.7446
47.7523
47.76
47.7678
47.7756
47.7834
47.6851
47.6839
47.6827
47.6815
47.6802
47.679
47.6778
47.677
47.6777
47.6797
47.6828
47.692
47.7201
47.7672
47.7815
47.7795
47.7929
47.7921
47.7769
47.7749
47.7739
47.7734
47.7743
47.7744
47.7759
47.7761
47.7789
47.7793
47.7731
47.7732
47.7737
47.7737
47.7735
47.7745
47.7746
47.7748
47.7762
47.7763
47.7779
47.7796
47.7798
47.787
47.788
47.7839
47.7872
47.7936
47.7977
47.7772
47.7439
47.7254
47.7244
47.7294
47.7356
47.7421
47.749
47.7565
47.7642
47.772
47.7797
47.7875
47.7953
47.6973
47.6961
47.6949
47.6936
47.6924
47.6912
47.69
47.6888
47.6881
47.6895
47.6925
47.7018
47.7311
47.7831
47.7893
47.7936
47.8093
47.7881
47.7509
47.7366
47.7365
47.742
47.7483
47.7548
47.7614
47.7685
47.7761
47.7839
47.7917
47.7995
47.8073
47.7095
47.7083
47.7071
47.7058
47.7046
47.7034
47.7021
47.7009
47.6998
47.6995
47.7023
47.7108
47.732
47.7493
47.761
47.7704
47.7812
47.7869
47.7573
47.7471
47.7487
47.7546
47.761
47.7676
47.7742
47.7808
47.7881
47.7959
47.8036
47.8114
47.8192
47.7212
47.7201
47.719
47.7178
47.7166
47.7154
47.7142
47.713
47.7119
47.7111
47.712
47.7179
47.7256
47.7358
47.7424
47.7504
47.7563
47.7612
47.7615
47.7569
47.7612
47.7672
47.7738
47.7804
47.787
47.7936
47.8003
47.8078
47.8156
47.8234
47.8311
47.7328
47.7317
47.7305
47.7294
47.7282
47.7271
47.7259
47.7248
47.7236
47.7227
47.7235
47.7278
47.7336
47.7388
47.7451
47.7501
47.7554
47.7604
47.7653
47.7683
47.7736
47.78
47.7866
47.7932
47.7998
47.8064
47.8131
47.82
47.8275
47.8353
47.8427
47.7444
47.7433
47.7422
47.741
47.7398
47.7387
47.7375
47.7364
47.7353
47.7345
47.7353
47.7395
47.7446
47.7498
47.7549
47.76
47.7651
47.7701
47.7751
47.7802
47.7862
47.7927
47.7993
47.806
47.8126
47.8193
47.8259
47.8326
47.8395
47.8467
47.8517
47.7561
47.7549
47.7538
47.7526
47.7515
47.7503
47.7492
47.7481
47.7472
47.7464
47.7475
47.7519
47.7567
47.7618
47.7669
47.772
47.777
47.7821
47.7872
47.7924
47.7988
47.8053
47.812
47.8187
47.8253
47.832
47.8386
47.845
47.8509
47.855
47.8593
47.7677
47.7666
47.7654
47.7643
47.7631
47.762
47.761
47.76
47.7591
47.7585
47.7598
47.7644
47.7692
47.7741
47.7792
47.7843
47.7893
47.7944
47.7995
47.8051
47.8114
47.818
47.8247
47.8313
47.838
47.8446
47.8508
47.8558
47.859
47.8627
47.8667
47.7793
47.7782
47.7771
47.776
47.7748
47.7738
47.7729
47.7719
47.771
47.7706
47.7723
47.777
47.7818
47.7866
47.7916
47.7967
47.8018
47.8069
47.812
47.8177
47.8241
47.8307
47.8374
47.844
47.8505
47.8567
47.8608
47.8639
47.8669
47.8705
47.8742
47.791
47.7899
47.7888
47.7877
47.7867
47.7858
47.7848
47.7839
47.783
47.7823
47.7849
47.7896
47.7944
47.7993
47.8041
47.8091
47.8142
47.8194
47.8245
47.8302
47.8368
47.8434
47.85
47.8564
47.8625
47.8658
47.8688
47.8717
47.8748
47.8783
47.882
47.8026
47.8016
47.8005
47.7996
47.7987
47.7977
47.7968
47.7959
47.795
47.7944
47.7976
47.8023
47.8071
47.812
47.8168
47.8217
47.8267
47.8319
47.8371
47.8429
47.8495
47.8561
47.8623
47.8676
47.8708
47.8737
47.8766
47.8794
47.8825
47.8862
47.8899
47.8136
47.8133
47.8125
47.8116
47.8106
47.8097
47.8088
47.8078
47.807
47.8065
47.8102
47.815
47.8198
47.8247
47.8295
47.8344
47.8393
47.8444
47.8496
47.8556
47.8621
47.8683
47.8727
47.8759
47.8787
47.8815
47.8843
47.8871
47.8903
47.894
47.8977
47.8233
47.8251
47.8244
47.8235
47.8226
47.8217
47.8208
47.8198
47.819
47.8195
47.8229
47.8277
47.8326
47.8374
47.8423
47.8472
47.852
47.857
47.8623
47.8681
47.8742
47.8778
47.8808
47.8837
47.8864
47.8892
47.892
47.895
47.8982
47.9019
47.9056
47.832
47.8349
47.8362
47.8354
47.8346
47.8337
47.8328
47.8319
47.831
47.8315
47.8356
47.8404
47.8453
47.8502
47.855
47.8599
47.8648
47.8696
47.8744
47.8797
47.8829
47.8858
47.8886
47.8914
47.8942
47.897
47.8998
47.9026
47.906
47.9097
47.9135
47.84
47.8441
47.8465
47.8473
47.8465
47.8457
47.8448
47.8439
47.8431
47.844
47.8483
47.8532
47.858
47.8629
47.8678
47.8727
47.8775
47.882
47.8854
47.8881
47.8908
47.8936
47.8964
47.8992
47.902
47.9047
47.9076
47.9104
47.9139
47.9176
47.9214
