2 1 34.366389193129 838072.934824464 0.02043 26.5 0.0 
2 32 34.4114104852651 1558462.26128169 0.02043 26.5 0.0 
2 63 34.4699650058599 1558462.26128285 0.02043 26.5 0.0 
2 94 34.5285195264547 1558462.26128285 0.02043 26.5 0.0 
2 125 34.5870740470495 1558462.26128285 0.02043 26.5 0.0 
2 156 34.6456285676443 1558462.26128169 0.02043 26.5 0.0 
2 187 34.7041830882391 1558462.26128285 0.02043 26.5 0.0 
2 218 34.7627376088339 1558462.26128285 0.02043 26.5 0.0 
2 249 34.8212921294287 1558462.26128169 0.02043 26.5 0.0 
2 280 34.8798466500235 1558462.26128285 0.02043 26.5 0.0 
2 311 34.9384011706183 1558462.26128285 0.02043 26.5 0.0 
2 342 34.9969556912131 1558462.26128169 0.02043 26.5 0.0 
2 373 35.0555102118079 1558462.26128285 0.02043 26.5 0.0 
2 404 35.1140647324027 1558462.26128285 0.02043 26.5 0.0 
2 435 35.1594935769952 859767.421137307 0.02043 26.5 0.0 
2 31 33.3310800094784 900786.691800257 0.02043 26.5 0.0 
2 30 33.4093811382244 1546397.73033443 0.02043 26.5 0.0 
2 29 33.5083395057917 1546397.73033327 0.02043 26.5 0.0 
2 28 33.6072978733591 1546397.73033443 0.02043 26.5 0.0 
2 27 33.7062562409264 1546397.73033444 0.02043 26.5 0.0 
2 26 33.8052146084938 1546397.73033443 0.02043 26.5 0.0 
2 25 33.9041729760612 1546397.73033327 0.02043 26.5 0.0 
2 24 34.0031313436285 1546397.73033444 0.02043 26.5 0.0 
2 23 34.1020897111959 1546397.73033443 0.02043 26.5 0.0 
2 22 34.2010480787633 1546397.73033444 0.02043 26.5 0.0 
2 21 34.3000064463307 1546397.73033443 0.02043 26.5 0.0 
2 20 34.398964813898 1546397.73033327 0.02043 26.5 0.0 
2 19 34.4979231814654 1546397.73033444 0.02043 26.5 0.0 
2 18 34.5968815490328 1546397.73033443 0.02043 26.5 0.0 
2 17 34.6958399166002 1546397.73033443 0.02043 26.5 0.0 
2 16 34.7721756792242 839362.119326778 0.02043 26.5 0.0 
2 957 34.0934069588312 793002.980710612 0.02043 26.5 0.0 
2 926 34.1121184029585 1558470.36254446 0.02043 26.5 0.0 
2 895 34.1369209219379 1558470.36254562 0.02043 26.5 0.0 
2 864 34.1617234409173 1558470.36254562 0.02043 26.5 0.0 
2 833 34.1865259598967 1558470.36254446 0.02043 26.5 0.0 
2 802 34.2113284788762 1558470.36254562 0.02043 26.5 0.0 
2 771 34.2361309978556 1558470.36254562 0.02043 26.5 0.0 
2 740 34.260933516835 1558470.36254562 0.02043 26.5 0.0 
2 709 34.2857360358144 1558470.36254446 0.02043 26.5 0.0 
2 678 34.3105385547939 1558470.36254563 0.02043 26.5 0.0 
2 647 34.3353410737733 1558470.36254562 0.02043 26.5 0.0 
2 616 34.3601435927527 1558470.36254446 0.02043 26.5 0.0 
2 585 34.3849461117321 1558470.36254562 0.02043 26.5 0.0 
2 554 34.4097486307116 1558470.36254562 0.02043 26.5 0.0 
2 523 34.434551149691 1558470.36254446 0.02043 26.5 0.0 
2 483 34.4525084626549 698231.06914262 0.02043 26.5 0.0 
2 927 34.2380890365263 934462.350052176 0.02043 26.5 0.0 
2 928 34.262133211835 1546373.04399086 0.02043 26.5 0.0 
2 929 34.2921080055289 1546373.04398969 0.02043 26.5 0.0 
2 930 34.3220827992227 1546373.04399086 0.02043 26.5 0.0 
2 931 34.3520575929165 1546373.04399086 0.02043 26.5 0.0 
2 932 34.3820323866103 1546373.04399086 0.02043 26.5 0.0 
2 933 34.4120071803041 1546373.0439897 0.02043 26.5 0.0 
2 934 34.441981973998 1546373.04399086 0.02043 26.5 0.0 
2 935 34.4719567676918 1546373.04399086 0.02043 26.5 0.0 
2 936 34.5019315613856 1546373.04399086 0.02043 26.5 0.0 
2 937 34.5319063550795 1546373.04399086 0.02043 26.5 0.0 
2 938 34.5618811487733 1546373.0439897 0.02043 26.5 0.0 
2 939 34.5918559424671 1546373.04399086 0.02043 26.5 0.0 
2 940 34.6218307361609 1546373.04399086 0.02043 26.5 0.0 
2 941 34.6518055298547 1546373.04399086 0.02043 26.5 0.0 
2 942 34.6736383988347 706303.682223875 0.02043 26.5 0.0 
2 435 35.1614156248433 698694.840145542 0.02043 26.5 0.0 
2 484 35.1154466303752 1558462.26128169 0.02043 26.5 0.0 
2 524 35.0519677143333 1558462.26128285 0.02043 26.5 0.0 
2 555 34.9884887982913 1558462.26128285 0.02043 26.5 0.0 
2 586 34.9250098822494 1558462.26128169 0.02043 26.5 0.0 
2 617 34.8615309662074 1558462.26128285 0.02043 26.5 0.0 
2 648 34.7980520501654 1558462.26128285 0.02043 26.5 0.0 
2 679 34.7345731341235 1558462.26128169 0.02043 26.5 0.0 
2 710 34.6710942180815 1558462.26128285 0.02043 26.5 0.0 
2 741 34.6076153020395 1558462.26128285 0.02043 26.5 0.0 
2 772 34.5441363859975 1558462.26128285 0.02043 26.5 0.0 
2 803 34.4806574699556 1558462.26128169 0.02043 26.5 0.0 
2 834 34.4171785539136 1558462.26128285 0.02043 26.5 0.0 
2 865 34.3536996378717 1558462.26128285 0.02043 26.5 0.0 
2 896 34.2902207218297 1558462.26128169 0.02043 26.5 0.0 
2 927 34.2437567609366 722998.547333626 0.02043 26.5 0.0 
2 16 34.7921869178638 707035.611006496 0.02043 26.5 0.0 
2 15 34.7703697454316 1546397.73033443 0.02043 26.5 0.0 
2 14 34.7404260809686 1546397.73033444 0.02043 26.5 0.0 
2 13 34.7104824165055 1546397.73033443 0.02043 26.5 0.0 
2 12 34.6805387520425 1546397.73033327 0.02043 26.5 0.0 
2 11 34.6505950875795 1546397.73033444 0.02043 26.5 0.0 
2 10 34.6206514231164 1546397.73033443 0.02043 26.5 0.0 
2 9 34.5907077586534 1546397.73033444 0.02043 26.5 0.0 
2 8 34.5607640941903 1546397.73033443 0.02043 26.5 0.0 
2 7 34.5308204297273 1546397.73033327 0.02043 26.5 0.0 
2 6 34.5008767652642 1546397.73033444 0.02043 26.5 0.0 
2 5 34.4709331008012 1546397.73033443 0.02043 26.5 0.0 
2 4 34.4409894363382 1546397.73033443 0.02043 26.5 0.0 
2 3 34.4110457718751 1546397.73033327 0.02043 26.5 0.0 
2 2 34.3811021074121 1546397.73033443 0.02043 26.5 0.0 
2 1 34.3583877182354 799706.562414698 0.02043 26.5 0.0 
2 483 34.4357018891948 860239.293403004 0.02043 26.5 0.0 
2 434 34.3728255452366 1558470.36254563 0.02043 26.5 0.0 
2 403 34.2917981111889 1558470.36254562 0.02043 26.5 0.0 
2 372 34.2107706771412 1558470.36254446 0.02043 26.5 0.0 
2 341 34.1297432430935 1558470.36254562 0.02043 26.5 0.0 
2 310 34.0487158090458 1558470.36254562 0.02043 26.5 0.0 
2 279 33.9676883749981 1558470.36254446 0.02043 26.5 0.0 
2 248 33.8866609409504 1558470.36254563 0.02043 26.5 0.0 
2 217 33.8056335069027 1558470.36254562 0.02043 26.5 0.0 
2 186 33.724606072855 1558470.36254446 0.02043 26.5 0.0 
2 155 33.6435786388074 1558470.36254562 0.02043 26.5 0.0 
2 124 33.5625512047596 1558470.36254562 0.02043 26.5 0.0 
2 93 33.4815237707119 1558470.36254563 0.02043 26.5 0.0 
2 62 33.4004963366642 1558470.36254446 0.02043 26.5 0.0 
2 31 33.3311203420783 1110266.04025697 0.02043 26.5 0.0 
2 942 34.6697360283072 840069.361765821 0.02043 26.5 0.0 
2 943 34.6392038976726 1546373.04399086 0.02043 26.5 0.0 
2 944 34.5996353217246 1546373.04399086 0.02043 26.5 0.0 
2 945 34.5600667457765 1546373.04399086 0.02043 26.5 0.0 
2 946 34.5204981698285 1546373.0439897 0.02043 26.5 0.0 
2 947 34.4809295938805 1546373.04399086 0.02043 26.5 0.0 
2 948 34.4413610179325 1546373.04399086 0.02043 26.5 0.0 
2 949 34.4017924419844 1546373.04399086 0.02043 26.5 0.0 
2 950 34.3622238660364 1546373.04399086 0.02043 26.5 0.0 
2 951 34.3226552900883 1546373.0439897 0.02043 26.5 0.0 
2 952 34.2830867141403 1546373.04399086 0.02043 26.5 0.0 
2 953 34.2435181381923 1546373.04399086 0.02043 26.5 0.0 
2 954 34.2039495622442 1546373.04399086 0.02043 26.5 0.0 
2 955 34.1643809862962 1546373.0439897 0.02043 26.5 0.0 
2 956 34.1248124103482 1546373.04399086 0.02043 26.5 0.0 
2 957 34.0960624482839 700772.085034537 0.02043 26.5 0.0 
3 1 55.1682416541857 838072.934824464 0.024 25.5 0.0 
3 32 55.2462953955344 1558462.26128169 0.024 25.5 0.0 
3 63 55.3478117934087 1558462.26128285 0.024 25.5 0.0 
3 94 55.449328191283 1558462.26128285 0.024 25.5 0.0 
3 125 55.5508445891573 1558462.26128285 0.024 25.5 0.0 
3 156 55.6523609870315 1558462.26128169 0.024 25.5 0.0 
3 187 55.7538773849058 1558462.26128285 0.024 25.5 0.0 
3 218 55.8553937827801 1558462.26128285 0.024 25.5 0.0 
3 249 55.9569101806544 1558462.26128169 0.024 25.5 0.0 
3 280 56.0584265785286 1558462.26128285 0.024 25.5 0.0 
3 311 56.1599429764029 1558462.26128285 0.024 25.5 0.0 
3 342 56.2614593742772 1558462.26128169 0.024 25.5 0.0 
3 373 56.3629757721515 1558462.26128285 0.024 25.5 0.0 
3 404 56.4644921700258 1558462.26128285 0.024 25.5 0.0 
3 435 56.5432524880298 859767.421137307 0.024 25.5 0.0 
3 31 55.2825801127004 900786.691800257 0.024 25.5 0.0 
3 30 55.3686752710768 1546397.73033443 0.024 25.5 0.0 
3 29 55.4774838727512 1546397.73033327 0.024 25.5 0.0 
3 28 55.5862924744256 1546397.73033443 0.024 25.5 0.0 
3 27 55.6951010761 1546397.73033444 0.024 25.5 0.0 
3 26 55.8039096777744 1546397.73033443 0.024 25.5 0.0 
3 25 55.9127182794488 1546397.73033327 0.024 25.5 0.0 
3 24 56.0215268811232 1546397.73033444 0.024 25.5 0.0 
3 23 56.1303354827977 1546397.73033443 0.024 25.5 0.0 
3 22 56.2391440844721 1546397.73033444 0.024 25.5 0.0 
3 21 56.3479526861465 1546397.73033443 0.024 25.5 0.0 
3 20 56.4567612878209 1546397.73033327 0.024 25.5 0.0 
3 19 56.5655698894953 1546397.73033444 0.024 25.5 0.0 
3 18 56.6743784911697 1546397.73033443 0.024 25.5 0.0 
3 17 56.7831870928442 1546397.73033443 0.024 25.5 0.0 
3 16 56.8671212541794 839362.119326778 0.024 25.5 0.0 
3 957 55.4231319729167 793002.980710612 0.024 25.5 0.0 
3 926 55.4946894664899 1558470.36254446 0.024 25.5 0.0 
3 895 55.5895408355446 1558470.36254562 0.024 25.5 0.0 
3 864 55.6843922045993 1558470.36254562 0.024 25.5 0.0 
3 833 55.7792435736541 1558470.36254446 0.024 25.5 0.0 
3 802 55.8740949427088 1558470.36254562 0.024 25.5 0.0 
3 771 55.9689463117635 1558470.36254562 0.024 25.5 0.0 
3 740 56.0637976808183 1558470.36254562 0.024 25.5 0.0 
3 709 56.158649049873 1558470.36254446 0.024 25.5 0.0 
3 678 56.2535004189277 1558470.36254563 0.024 25.5 0.0 
3 647 56.3483517879825 1558470.36254562 0.024 25.5 0.0 
3 616 56.4432031570372 1558470.36254446 0.024 25.5 0.0 
3 585 56.5380545260919 1558470.36254562 0.024 25.5 0.0 
3 554 56.6329058951467 1558470.36254562 0.024 25.5 0.0 
3 523 56.7277572642014 1558470.36254446 0.024 25.5 0.0 
3 483 56.7964307614612 698231.06914262 0.024 25.5 0.0 
3 927 55.3717273096503 934462.350052176 0.024 25.5 0.0 
3 928 55.4621800208545 1546373.04399086 0.024 25.5 0.0 
3 929 55.5749433542848 1546373.04398969 0.024 25.5 0.0 
3 930 55.687706687715 1546373.04399086 0.024 25.5 0.0 
3 931 55.8004700211453 1546373.04399086 0.024 25.5 0.0 
3 932 55.9132333545756 1546373.04399086 0.024 25.5 0.0 
3 933 56.0259966880058 1546373.0439897 0.024 25.5 0.0 
3 934 56.138760021436 1546373.04399086 0.024 25.5 0.0 
3 935 56.2515233548663 1546373.04399086 0.024 25.5 0.0 
3 936 56.3642866882966 1546373.04399086 0.024 25.5 0.0 
3 937 56.4770500217268 1546373.04399086 0.024 25.5 0.0 
3 938 56.5898133551571 1546373.0439897 0.024 25.5 0.0 
3 939 56.7025766885873 1546373.04399086 0.024 25.5 0.0 
3 940 56.8153400220176 1546373.04399086 0.024 25.5 0.0 
3 941 56.9281033554479 1546373.04399086 0.024 25.5 0.0 
3 942 57.010237268017 706303.682223875 0.024 25.5 0.0 
3 435 56.5527110899867 698694.840145542 0.024 25.5 0.0 
3 484 56.4928056363816 1558462.26128169 0.024 25.5 0.0 
3 524 56.4100817633915 1558462.26128285 0.024 25.5 0.0 
3 555 56.3273578904014 1558462.26128285 0.024 25.5 0.0 
3 586 56.2446340174113 1558462.26128169 0.024 25.5 0.0 
3 617 56.1619101444212 1558462.26128285 0.024 25.5 0.0 
3 648 56.0791862714311 1558462.26128285 0.024 25.5 0.0 
3 679 55.9964623984411 1558462.26128169 0.024 25.5 0.0 
3 710 55.913738525451 1558462.26128285 0.024 25.5 0.0 
3 741 55.8310146524609 1558462.26128285 0.024 25.5 0.0 
3 772 55.7482907794708 1558462.26128285 0.024 25.5 0.0 
3 803 55.6655669064807 1558462.26128169 0.024 25.5 0.0 
3 834 55.5828430334906 1558462.26128285 0.024 25.5 0.0 
3 865 55.5001191605005 1558462.26128285 0.024 25.5 0.0 
3 896 55.4173952875104 1558462.26128169 0.024 25.5 0.0 
3 927 55.3568448080884 722998.547333626 0.024 25.5 0.0 
3 16 56.8698474931563 707035.611006496 0.024 25.5 0.0 
3 15 56.7844201490957 1546397.73033443 0.024 25.5 0.0 
3 14 56.667172704017 1546397.73033444 0.024 25.5 0.0 
3 13 56.5499252589384 1546397.73033443 0.024 25.5 0.0 
3 12 56.4326778138597 1546397.73033327 0.024 25.5 0.0 
3 11 56.3154303687811 1546397.73033444 0.024 25.5 0.0 
3 10 56.1981829237024 1546397.73033443 0.024 25.5 0.0 
3 9 56.0809354786237 1546397.73033444 0.024 25.5 0.0 
3 8 55.963688033545 1546397.73033443 0.024 25.5 0.0 
3 7 55.8464405884663 1546397.73033327 0.024 25.5 0.0 
3 6 55.7291931433877 1546397.73033444 0.024 25.5 0.0 
3 5 55.611945698309 1546397.73033443 0.024 25.5 0.0 
3 4 55.4946982532303 1546397.73033443 0.024 25.5 0.0 
3 3 55.3774508081516 1546397.73033327 0.024 25.5 0.0 
3 2 55.260203363073 1546397.73033443 0.024 25.5 0.0 
3 1 55.1712628761539 799706.562414698 0.024 25.5 0.0 
3 483 56.7873642209753 860239.293403004 0.024 25.5 0.0 
3 434 56.7021302408431 1558470.36254563 0.024 25.5 0.0 
3 403 56.5922909870153 1558470.36254562 0.024 25.5 0.0 
3 372 56.4824517331875 1558470.36254446 0.024 25.5 0.0 
3 341 56.3726124793597 1558470.36254562 0.024 25.5 0.0 
3 310 56.2627732255319 1558470.36254562 0.024 25.5 0.0 
3 279 56.1529339717041 1558470.36254446 0.024 25.5 0.0 
3 248 56.0430947178763 1558470.36254563 0.024 25.5 0.0 
3 217 55.9332554640485 1558470.36254562 0.024 25.5 0.0 
3 186 55.8234162102207 1558470.36254446 0.024 25.5 0.0 
3 155 55.7135769563929 1558470.36254562 0.024 25.5 0.0 
3 124 55.6037377025651 1558470.36254562 0.024 25.5 0.0 
3 93 55.4938984487373 1558470.36254563 0.024 25.5 0.0 
3 62 55.3840591949095 1558470.36254446 0.024 25.5 0.0 
3 31 55.2900144115784 1110266.04025697 0.024 25.5 0.0 
3 942 57.0063392163393 840069.361765821 0.024 25.5 0.0 
3 943 56.9221095912711 1546373.04399086 0.024 25.5 0.0 
3 944 56.812950936198 1546373.04399086 0.024 25.5 0.0 
3 945 56.7037922811249 1546373.04399086 0.024 25.5 0.0 
3 946 56.5946336260519 1546373.0439897 0.024 25.5 0.0 
3 947 56.4854749709788 1546373.04399086 0.024 25.5 0.0 
3 948 56.3763163159057 1546373.04399086 0.024 25.5 0.0 
3 949 56.2671576608326 1546373.04399086 0.024 25.5 0.0 
3 950 56.1579990057595 1546373.04399086 0.024 25.5 0.0 
3 951 56.0488403506864 1546373.0439897 0.024 25.5 0.0 
3 952 55.9396816956133 1546373.04399086 0.024 25.5 0.0 
3 953 55.8305230405402 1546373.04399086 0.024 25.5 0.0 
3 954 55.7213643854671 1546373.04399086 0.024 25.5 0.0 
3 955 55.6122057303941 1546373.0439897 0.024 25.5 0.0 
3 956 55.503047075321 1546373.04399086 0.024 25.5 0.0 
3 957 55.4237339558277 700772.085034537 0.024 25.5 0.0 
4 1 53.5564998983149 838072.934824464 0.0277 27 0.0 
4 32 53.6218483706474 1558462.26128169 0.0277 27 0.0 
4 63 53.7068403441666 1558462.26128285 0.0277 27 0.0 
4 94 53.7918323176859 1558462.26128285 0.0277 27 0.0 
4 125 53.8768242912052 1558462.26128285 0.0 0.0 0.0 
1 1 0.0 1.0 0.0277 27 0.0 
4 156 53.9618162647244 1558462.26128169 0.0 0.0 0.0 
1 1 0.0 1.0 0.0277 27 0.0 
4 187 54.0468082382437 1558462.26128285 0.0 0.0 0.0 
1 1 0.0 1.0 0.0277 27 0.0 
4 218 54.1318002117629 1558462.26128285 0.0 0.0 0.0 
1 1 0.0 1.0 0.0277 27 0.0 
4 249 54.2167921852822 1558462.26128169 0.0 0.0 0.0 
1 1 0.0 1.0 0.0277 27 0.0 
4 280 54.3017841588014 1558462.26128285 0.0 0.0 0.0 
1 1 0.0 1.0 0.0277 27 0.0 
4 311 54.3867761323207 1558462.26128285 0.0 0.0 0.0 
1 1 0.0 1.0 0.0277 27 0.0 
4 342 54.4717681058399 1558462.26128169 0.0 0.0 0.0 
1 1 0.0 1.0 0.0277 27 0.0 
4 373 54.5567600793592 1558462.26128285 0.0 0.0 0.0 
1 1 0.0 1.0 0.0277 27 0.0 
4 404 54.6417520528784 1558462.26128285 0.0 0.0 0.0 
1 1 0.0 1.0 0.0277 27 0.0 
4 435 54.7076920882061 859767.421137307 0.0 0.0 0.0 
1 1 0.0 1.0 0.0277 27 0.0 
4 31 53.6375773246809 900786.691800257 0.0 0.0 0.0 
1 1 0.0 1.0 0.0277 27 0.0 
4 30 53.7040775370694 1546397.73033443 0.0 0.0 0.0 
1 1 0.0 1.0 0.0277 27 0.0 
4 29 53.7881216953881 1546397.73033327 0.0 0.0 0.0 
1 1 0.0 1.0 0.0277 27 0.0 
4 28 53.8721658537067 1546397.73033443 0.0 0.0 0.0 
1 1 0.0 1.0 0.0277 27 0.0 
4 27 53.9562100120254 1546397.73033444 0.0 0.0 0.0 
1 1 0.0 1.0 0.0277 27 0.0 
4 26 54.0402541703441 1546397.73033443 0.0 0.0 0.0 
1 1 0.0 1.0 0.0277 27 0.0 
4 25 54.1242983286628 1546397.73033327 0.0 0.0 0.0 
1 1 0.0 1.0 0.0277 27 0.0 
4 24 54.2083424869814 1546397.73033444 0.0 0.0 0.0 
1 1 0.0 1.0 0.0277 27 0.0 
4 23 54.2923866453001 1546397.73033443 0.0 0.0 0.0 
1 1 0.0 1.0 0.0277 27 0.0 
4 22 54.3764308036188 1546397.73033444 0.0 0.0 0.0 
1 1 0.0 1.0 0.0277 27 0.0 
4 21 54.4604749619375 1546397.73033443 0.0 0.0 0.0 
1 1 0.0 1.0 0.0277 27 0.0 
4 20 54.5445191202562 1546397.73033327 0.0 0.0 0.0 
1 1 0.0 1.0 0.0277 27 0.0 
4 19 54.6285632785748 1546397.73033444 0.0 0.0 0.0 
1 1 0.0 1.0 0.0277 27 0.0 
4 18 54.7126074368935 1546397.73033443 0.0 0.0 0.0 
1 1 0.0 1.0 0.0277 27 0.0 
4 17 54.7966515952122 1546397.73033443 0.0 0.0 0.0 
1 1 0.0 1.0 0.0277 27 0.0 
4 16 54.8614826456535 839362.119326778 0.0 0.0 0.0 
1 1 0.0 1.0 0.0277 27 0.0 
4 957 53.6937825243172 793002.980710612 0.0 0.0 0.0 
1 1 0.0 1.0 0.0277 27 0.0 
4 926 53.7485106538108 1558470.36254446 0.0 0.0 0.0 
1 1 0.0 1.0 0.0277 27 0.0 
4 895 53.8210542512604 1558470.36254562 0.0 0.0 0.0 
1 1 0.0 1.0 0.0277 27 0.0 
4 864 53.89359784871 1558470.36254562 0.0 0.0 0.0 
1 1 0.0 1.0 0.0277 27 0.0 
4 833 53.9661414461596 1558470.36254446 0.0 0.0 0.0 
1 1 0.0 1.0 0.0277 27 0.0 
4 802 54.0386850436092 1558470.36254562 0.0 0.0 0.0 
1 1 0.0 1.0 0.0277 27 0.0 
4 771 54.1112286410588 1558470.36254562 0.0 0.0 0.0 
1 1 0.0 1.0 0.0277 27 0.0 
4 740 54.1837722385084 1558470.36254562 0.0 0.0 0.0 
1 1 0.0 1.0 0.0277 27 0.0 
4 709 54.256315835958 1558470.36254446 0.0 0.0 0.0 
1 1 0.0 1.0 0.0277 27 0.0 
4 678 54.3288594334076 1558470.36254563 0.0 0.0 0.0 
1 1 0.0 1.0 0.0277 27 0.0 
4 647 54.4014030308573 1558470.36254562 0.0 0.0 0.0 
1 1 0.0 1.0 0.0277 27 0.0 
4 616 54.4739466283069 1558470.36254446 0.0 0.0 0.0 
1 1 0.0 1.0 0.0277 27 0.0 
4 585 54.5464902257565 1558470.36254562 0.0 0.0 0.0 
1 1 0.0 1.0 0.0277 27 0.0 
4 554 54.6190338232061 1558470.36254562 0.0 0.0 0.0 
1 1 0.0 1.0 0.0277 27 0.0 
4 523 54.6915774206557 1558470.36254446 0.0 0.0 0.0 
1 1 0.0 1.0 0.0277 27 0.0 
4 483 54.7440998311418 698231.06914262 0.0 0.0 0.0 
1 1 0.0 1.0 0.0277 27 0.0 
4 927 53.6360019793422 934462.350052176 0.0 0.0 0.0 
1 1 0.0 1.0 0.0277 27 0.0 
4 928 53.7047558611262 1546373.04399086 0.0 0.0 0.0 
1 1 0.0 1.0 0.0277 27 0.0 
4 929 53.7904682382681 1546373.04398969 0.0 0.0 0.0 
1 1 0.0 1.0 0.0277 27 0.0 
4 930 53.87618061541 1546373.04399086 0.0 0.0 0.0 
1 1 0.0 1.0 0.0277 27 0.0 
4 931 53.9618929925519 1546373.04399086 0.0 0.0 0.0 
1 1 0.0 1.0 0.0277 27 0.0 
4 932 54.0476053696938 1546373.04399086 0.0 0.0 0.0 
1 1 0.0 1.0 0.0277 27 0.0 
4 933 54.1333177468357 1546373.0439897 0.0 0.0 0.0 
1 1 0.0 1.0 0.0277 27 0.0 
4 934 54.2190301239776 1546373.04399086 0.0 0.0 0.0 
1 1 0.0 1.0 0.0277 27 0.0 
4 935 54.3047425011195 1546373.04399086 0.0 0.0 0.0 
1 1 0.0 1.0 0.0277 27 0.0 
4 936 54.3904548782614 1546373.04399086 0.0 0.0 0.0 
1 1 0.0 1.0 0.0277 27 0.0 
4 937 54.4761672554033 1546373.04399086 0.0 0.0 0.0 
1 1 0.0 1.0 0.0277 27 0.0 
4 938 54.5618796325452 1546373.0439897 0.0 0.0 0.0 
1 1 0.0 1.0 0.0277 27 0.0 
4 939 54.6475920096871 1546373.04399086 0.0 0.0 0.0 
1 1 0.0 1.0 0.0277 27 0.0 
4 940 54.733304386829 1546373.04399086 0.0 0.0 0.0 
1 1 0.0 1.0 0.0277 27 0.0 
4 941 54.8190167639709 1546373.04399086 0.0 0.0 0.0 
1 1 0.0 1.0 0.0277 27 0.0 
4 942 54.8814474555451 706303.682223875 0.0 0.0 0.0 
1 1 0.0 1.0 0.0277 27 0.0 
4 435 54.7142847252598 698694.840145542 0.0 0.0 0.0 
1 1 0.0 1.0 0.0277 27 0.0 
4 484 54.6598456755013 1558462.26128169 0.0 0.0 0.0 
1 1 0.0 1.0 0.0277 27 0.0 
4 524 54.5846703990129 1558462.26128285 0.0 0.0 0.0 
1 1 0.0 1.0 0.0277 27 0.0 
4 555 54.5094951225245 1558462.26128285 0.0 0.0 0.0 
1 1 0.0 1.0 0.0277 27 0.0 
4 586 54.4343198460362 1558462.26128169 0.0 0.0 0.0 
1 1 0.0 1.0 0.0277 27 0.0 
4 617 54.3591445695478 1558462.26128285 0.0 0.0 0.0 
1 1 0.0 1.0 0.0277 27 0.0 
4 648 54.2839692930594 1558462.26128285 0.0 0.0 0.0 
1 1 0.0 1.0 0.0277 27 0.0 
4 679 54.208794016571 1558462.26128169 0.0 0.0 0.0 
1 1 0.0 1.0 0.0277 27 0.0 
4 710 54.1336187400826 1558462.26128285 0.0 0.0 0.0 
1 1 0.0 1.0 0.0277 27 0.0 
4 741 54.0584434635942 1558462.26128285 0.0 0.0 0.0 
1 1 0.0 1.0 0.0277 27 0.0 
4 772 53.9832681871058 1558462.26128285 0.0 0.0 0.0 
1 1 0.0 1.0 0.0277 27 0.0 
4 803 53.9080929106174 1558462.26128169 0.0 0.0 0.0 
1 1 0.0 1.0 0.0277 27 0.0 
4 834 53.8329176341291 1558462.26128285 0.0 0.0 0.0 
1 1 0.0 1.0 0.0277 27 0.0 
4 865 53.7577423576407 1558462.26128285 0.0 0.0 0.0 
1 1 0.0 1.0 0.0277 27 0.0 
4 896 53.6825670811523 1558462.26128169 0.0 0.0 0.0 
1 1 0.0 1.0 0.0277 27 0.0 
4 927 53.6275418645186 722998.547333626 0.0 0.0 0.0 
1 1 0.0 1.0 0.0277 27 0.0 
4 16 54.863671890957 707035.611006496 0.0 0.0 0.0 
1 1 0.0 1.0 0.0277 27 0.0 
4 15 54.7979535915022 1546397.73033443 0.0 0.0 0.0 
1 1 0.0 1.0 0.0277 27 0.0 
4 14 54.7077564445498 1546397.73033444 0.0 0.0 0.0 
1 1 0.0 1.0 0.0277 27 0.0 
4 13 54.6175592975973 1546397.73033443 0.0 0.0 0.0 
1 1 0.0 1.0 0.0277 27 0.0 
4 12 54.5273621506449 1546397.73033327 0.0 0.0 0.0 
1 1 0.0 1.0 0.0277 27 0.0 
4 11 54.4371650036924 1546397.73033444 0.0 0.0 0.0 
1 1 0.0 1.0 0.0277 27 0.0 
4 10 54.34696785674 1546397.73033443 0.0 0.0 0.0 
1 1 0.0 1.0 0.0277 27 0.0 
4 9 54.2567707097875 1546397.73033444 0.0 0.0 0.0 
1 1 0.0 1.0 0.0277 27 0.0 
4 8 54.1665735628351 1546397.73033443 0.0 0.0 0.0 
1 1 0.0 1.0 0.0277 27 0.0 
4 7 54.0763764158826 1546397.73033327 0.0 0.0 0.0 
1 1 0.0 1.0 0.0277 27 0.0 
4 6 53.9861792689302 1546397.73033444 0.0 0.0 0.0 
1 1 0.0 1.0 0.0277 27 0.0 
4 5 53.8959821219777 1546397.73033443 0.0 0.0 0.0 
1 1 0.0 1.0 0.0277 27 0.0 
4 4 53.8057849750253 1546397.73033443 0.0 0.0 0.0 
1 1 0.0 1.0 0.0277 27 0.0 
4 3 53.7155878280728 1546397.73033327 0.0 0.0 0.0 
1 1 0.0 1.0 0.0277 27 0.0 
4 2 53.6253906811204 1546397.73033443 0.0 0.0 0.0 
1 1 0.0 1.0 0.0277 27 0.0 
4 1 53.5569697601931 799706.562414698 0.0 0.0 0.0 
1 1 0.0 1.0 0.0277 27 0.0 
4 483 54.7381533426013 860239.293403004 0.0 0.0 0.0 
1 1 0.0 1.0 0.0277 27 0.0 
4 434 54.675742405033 1558470.36254563 0.0 0.0 0.0 
1 1 0.0 1.0 0.0277 27 0.0 
4 403 54.5953147305002 1558470.36254562 0.0 0.0 0.0 
1 1 0.0 1.0 0.0277 27 0.0 
4 372 54.5148870559675 1558470.36254446 0.0 0.0 0.0 
1 1 0.0 1.0 0.0277 27 0.0 
4 341 54.4344593814348 1558470.36254562 0.0 0.0 0.0 
1 1 0.0 1.0 0.0277 27 0.0 
4 310 54.3540317069021 1558470.36254562 0.0 0.0 0.0 
1 1 0.0 1.0 0.0277 27 0.0 
4 279 54.2736040323694 1558470.36254446 0.0 0.0 0.0 
1 1 0.0 1.0 0.0277 27 0.0 
4 248 54.1931763578367 1558470.36254563 0.0 0.0 0.0 
1 1 0.0 1.0 0.0277 27 0.0 
4 217 54.112748683304 1558470.36254562 0.0 0.0 0.0 
1 1 0.0 1.0 0.0277 27 0.0 
4 186 54.0323210087712 1558470.36254446 0.0 0.0 0.0 
1 1 0.0 1.0 0.0277 27 0.0 
4 155 53.9518933342386 1558470.36254562 0.0 0.0 0.0 
1 1 0.0 1.0 0.0277 27 0.0 
4 124 53.8714656597058 1558470.36254562 0.0 0.0 0.0 
1 1 0.0 1.0 0.0277 27 0.0 
4 93 53.7910379851731 1558470.36254563 0.0 0.0 0.0 
1 1 0.0 1.0 0.0277 27 0.0 
4 62 53.7106103106404 1558470.36254446 0.0 0.0 0.0 
1 1 0.0 1.0 0.0277 27 0.0 
4 31 53.6417478324128 1110266.04025697 0.0 0.0 0.0 
1 1 0.0 1.0 0.0277 27 0.0 
4 942 54.8788212984674 840069.361765821 0.0 0.0 0.0 
1 1 0.0 1.0 0.0277 27 0.0 
4 943 54.815754367254 1546373.04399086 0.0 0.0 0.0 
1 1 0.0 1.0 0.0277 27 0.0 
4 944 54.734021824989 1546373.04399086 0.0 0.0 0.0 
1 1 0.0 1.0 0.0277 27 0.0 
4 945 54.652289282724 1546373.04399086 0.0 0.0 0.0 
1 1 0.0 1.0 0.0277 27 0.0 
4 946 54.570556740459 1546373.0439897 0.0 0.0 0.0 
1 1 0.0 1.0 0.0277 27 0.0 
4 947 54.4888241981941 1546373.04399086 0.0 0.0 0.0 
1 1 0.0 1.0 0.0277 27 0.0 
4 948 54.4070916559291 1546373.04399086 0.0 0.0 0.0 
1 1 0.0 1.0 0.0277 27 0.0 
4 949 54.3253591136641 1546373.04399086 0.0 0.0 0.0 
1 1 0.0 1.0 0.0277 27 0.0 
4 950 54.2436265713991 1546373.04399086 0.0 0.0 0.0 
1 1 0.0 1.0 0.0277 27 0.0 
4 951 54.1618940291342 1546373.0439897 0.0 0.0 0.0 
1 1 0.0 1.0 0.0277 27 0.0 
4 952 54.0801614868692 1546373.04399086 0.0 0.0 0.0 
1 1 0.0 1.0 0.0277 27 0.0 
4 953 53.9984289446042 1546373.04399086 0.0 0.0 0.0 
1 1 0.0 1.0 0.0277 27 0.0 
4 954 53.9166964023393 1546373.04399086 0.0 0.0 0.0 
1 1 0.0 1.0 0.0277 27 0.0 
4 955 53.8349638600743 1546373.0439897 0.0 0.0 0.0 
1 1 0.0 1.0 0.0277 27 0.0 
4 956 53.7532313178094 1546373.04399086 0.0 0.0 0.0 
1 1 0.0 1.0 0.0277 27 0.0 
4 957 53.6938456201126 700772.085034537 0.0 0.0 0.0 
1 1 0.0 1.0 0.0277 27 0.0 
