2 1 32.3755131933774 838072.934824464 0.02043 26.5 0.0 
2 32 32.4175682733043 1558462.26128169 0.02043 26.5 0.0 
2 63 32.4722649496292 1558462.26128285 0.02043 26.5 0.0 
2 94 32.5269616259542 1558462.26128285 0.02043 26.5 0.0 
2 125 32.5816583022791 1558462.26128285 0.02043 26.5 0.0 
2 156 32.636354978604 1558462.26128169 0.02043 26.5 0.0 
2 187 32.6910516549289 1558462.26128285 0.02043 26.5 0.0 
2 218 32.7457483312538 1558462.26128285 0.02043 26.5 0.0 
2 249 32.8004450075787 1558462.26128169 0.02043 26.5 0.0 
2 280 32.8551416839036 1558462.26128285 0.02043 26.5 0.0 
2 311 32.9098383602286 1558462.26128285 0.02043 26.5 0.0 
2 342 32.9645350365535 1558462.26128169 0.02043 26.5 0.0 
2 373 33.0192317128784 1558462.26128285 0.02043 26.5 0.0 
2 404 33.0739283892033 1558462.26128285 0.02043 26.5 0.0 
2 435 33.1163641701345 859767.421137307 0.02043 26.5 0.0 
2 31 31.3844908194654 900786.691800257 0.02043 26.5 0.0 
2 30 31.4540927603087 1546397.73033443 0.02043 26.5 0.0 
2 29 31.5420569385482 1546397.73033327 0.02043 26.5 0.0 
2 28 31.6300211167878 1546397.73033443 0.02043 26.5 0.0 
2 27 31.7179852950274 1546397.73033444 0.02043 26.5 0.0 
2 26 31.805949473267 1546397.73033443 0.02043 26.5 0.0 
2 25 31.8939136515065 1546397.73033327 0.02043 26.5 0.0 
2 24 31.9818778297461 1546397.73033444 0.02043 26.5 0.0 
2 23 32.0698420079856 1546397.73033443 0.02043 26.5 0.0 
2 22 32.1578061862252 1546397.73033444 0.02043 26.5 0.0 
2 21 32.2457703644648 1546397.73033443 0.02043 26.5 0.0 
2 20 32.3337345427044 1546397.73033327 0.02043 26.5 0.0 
2 19 32.4216987209439 1546397.73033444 0.02043 26.5 0.0 
2 18 32.5096628991835 1546397.73033443 0.02043 26.5 0.0 
2 17 32.5976270774231 1546397.73033443 0.02043 26.5 0.0 
2 16 32.6654820026263 839362.119326778 0.02043 26.5 0.0 
2 957 32.0557415725498 793002.980710612 0.02043 26.5 0.0 
2 926 32.0789844403201 1558470.36254446 0.02043 26.5 0.0 
2 895 32.1097934823741 1558470.36254562 0.02043 26.5 0.0 
2 864 32.1406025244281 1558470.36254562 0.02043 26.5 0.0 
2 833 32.1714115664821 1558470.36254446 0.02043 26.5 0.0 
2 802 32.2022206085361 1558470.36254562 0.02043 26.5 0.0 
2 771 32.2330296505901 1558470.36254562 0.02043 26.5 0.0 
2 740 32.2638386926441 1558470.36254562 0.02043 26.5 0.0 
2 709 32.2946477346981 1558470.36254446 0.02043 26.5 0.0 
2 678 32.3254567767521 1558470.36254563 0.02043 26.5 0.0 
2 647 32.3562658188062 1558470.36254562 0.02043 26.5 0.0 
2 616 32.3870748608602 1558470.36254446 0.02043 26.5 0.0 
2 585 32.4178839029142 1558470.36254562 0.02043 26.5 0.0 
2 554 32.4486929449682 1558470.36254562 0.02043 26.5 0.0 
2 523 32.4795019870222 1558470.36254446 0.02043 26.5 0.0 
2 483 32.5018080927343 698231.06914262 0.02043 26.5 0.0 
2 927 32.2825672721073 934462.350052176 0.02043 26.5 0.0 
2 928 32.3185003858323 1546373.04399086 0.02043 26.5 0.0 
2 929 32.3632965851968 1546373.04398969 0.02043 26.5 0.0 
2 930 32.4080927845613 1546373.04399086 0.02043 26.5 0.0 
2 931 32.4528889839259 1546373.04399086 0.02043 26.5 0.0 
2 932 32.4976851832904 1546373.04399086 0.02043 26.5 0.0 
2 933 32.5424813826549 1546373.0439897 0.02043 26.5 0.0 
2 934 32.5872775820194 1546373.04399086 0.02043 26.5 0.0 
2 935 32.6320737813839 1546373.04399086 0.02043 26.5 0.0 
2 936 32.6768699807484 1546373.04399086 0.02043 26.5 0.0 
2 937 32.7216661801129 1546373.04399086 0.02043 26.5 0.0 
2 938 32.7664623794774 1546373.0439897 0.02043 26.5 0.0 
2 939 32.8112585788419 1546373.04399086 0.02043 26.5 0.0 
2 940 32.8560547782064 1546373.04399086 0.02043 26.5 0.0 
2 941 32.900850977571 1546373.04399086 0.02043 26.5 0.0 
2 942 32.9334793773363 706303.682223875 0.02043 26.5 0.0 
2 435 33.118487678437 698694.840145542 0.02043 26.5 0.0 
2 484 33.0766072535911 1558462.26128169 0.02043 26.5 0.0 
2 524 33.0187742728318 1558462.26128285 0.02043 26.5 0.0 
2 555 32.9609412920725 1558462.26128285 0.02043 26.5 0.0 
2 586 32.9031083113132 1558462.26128169 0.02043 26.5 0.0 
2 617 32.8452753305539 1558462.26128285 0.02043 26.5 0.0 
2 648 32.7874423497945 1558462.26128285 0.02043 26.5 0.0 
2 679 32.7296093690352 1558462.26128169 0.02043 26.5 0.0 
2 710 32.6717763882759 1558462.26128285 0.02043 26.5 0.0 
2 741 32.6139434075166 1558462.26128285 0.02043 26.5 0.0 
2 772 32.5561104267573 1558462.26128285 0.02043 26.5 0.0 
2 803 32.498277445998 1558462.26128169 0.02043 26.5 0.0 
2 834 32.4404444652387 1558462.26128285 0.02043 26.5 0.0 
2 865 32.3826114844794 1558462.26128285 0.02043 26.5 0.0 
2 896 32.3247785037201 1558462.26128169 0.02043 26.5 0.0 
2 927 32.2824471357025 722998.547333626 0.02043 26.5 0.0 
2 16 32.6843390264835 707035.611006496 0.02043 26.5 0.0 
2 15 32.6683528465395 1546397.73033443 0.02043 26.5 0.0 
2 14 32.6464121111038 1546397.73033444 0.02043 26.5 0.0 
2 13 32.6244713756681 1546397.73033443 0.02043 26.5 0.0 
2 12 32.6025306402324 1546397.73033327 0.02043 26.5 0.0 
2 11 32.5805899047967 1546397.73033444 0.02043 26.5 0.0 
2 10 32.558649169361 1546397.73033443 0.02043 26.5 0.0 
2 9 32.5367084339253 1546397.73033444 0.02043 26.5 0.0 
2 8 32.5147676984896 1546397.73033443 0.02043 26.5 0.0 
2 7 32.4928269630539 1546397.73033327 0.02043 26.5 0.0 
2 6 32.4708862276183 1546397.73033444 0.02043 26.5 0.0 
2 5 32.4489454921826 1546397.73033443 0.02043 26.5 0.0 
2 4 32.4270047567469 1546397.73033443 0.02043 26.5 0.0 
2 3 32.4050640213112 1546397.73033327 0.02043 26.5 0.0 
2 2 32.3831232858755 1546397.73033443 0.02043 26.5 0.0 
2 1 32.3664796848853 799706.562414698 0.02043 26.5 0.0 
2 483 32.4864625147883 860239.293403004 0.02043 26.5 0.0 
2 434 32.4239108184336 1558470.36254563 0.02043 26.5 0.0 
2 403 32.3433017509865 1558470.36254562 0.02043 26.5 0.0 
2 372 32.2626926835393 1558470.36254446 0.02043 26.5 0.0 
2 341 32.1820836160922 1558470.36254562 0.02043 26.5 0.0 
2 310 32.1014745486451 1558470.36254562 0.02043 26.5 0.0 
2 279 32.020865481198 1558470.36254446 0.02043 26.5 0.0 
2 248 31.9402564137509 1558470.36254563 0.02043 26.5 0.0 
2 217 31.8596473463038 1558470.36254562 0.02043 26.5 0.0 
2 186 31.7790382788567 1558470.36254446 0.02043 26.5 0.0 
2 155 31.6984292114096 1558470.36254562 0.02043 26.5 0.0 
2 124 31.6178201439624 1558470.36254562 0.02043 26.5 0.0 
2 93 31.5372110765153 1558470.36254563 0.02043 26.5 0.0 
2 62 31.4566020090682 1558470.36254446 0.02043 26.5 0.0 
2 31 31.3875842215433 1110266.04025697 0.02043 26.5 0.0 
2 942 32.9274842036122 840069.361765821 0.02043 26.5 0.0 
2 943 32.8813913921024 1546373.04399086 0.02043 26.5 0.0 
2 944 32.8216567166973 1546373.04399086 0.02043 26.5 0.0 
2 945 32.7619220412922 1546373.04399086 0.02043 26.5 0.0 
2 946 32.7021873658871 1546373.0439897 0.02043 26.5 0.0 
2 947 32.642452690482 1546373.04399086 0.02043 26.5 0.0 
2 948 32.5827180150769 1546373.04399086 0.02043 26.5 0.0 
2 949 32.5229833396718 1546373.04399086 0.02043 26.5 0.0 
2 950 32.4632486642667 1546373.04399086 0.02043 26.5 0.0 
2 951 32.4035139888616 1546373.0439897 0.02043 26.5 0.0 
2 952 32.3437793134565 1546373.04399086 0.02043 26.5 0.0 
2 953 32.2840446380514 1546373.04399086 0.02043 26.5 0.0 
2 954 32.2243099626463 1546373.04399086 0.02043 26.5 0.0 
2 955 32.1645752872412 1546373.0439897 0.02043 26.5 0.0 
2 956 32.1048406118361 1546373.04399086 0.02043 26.5 0.0 
2 957 32.06143824997 700772.085034537 0.02043 26.5 0.0 
3 1 52.157270290607 838072.934824464 0.024 25.5 0.0 
3 32 52.2315571443989 1558462.26128169 0.024 25.5 0.0 
3 63 52.3281743427043 1558462.26128285 0.024 25.5 0.0 
3 94 52.4247915410098 1558462.26128285 0.024 25.5 0.0 
3 125 52.5214087393153 1558462.26128285 0.024 25.5 0.0 
3 156 52.6180259376208 1558462.26128169 0.024 25.5 0.0 
3 187 52.7146431359262 1558462.26128285 0.024 25.5 0.0 
3 218 52.8112603342317 1558462.26128285 0.024 25.5 0.0 
3 249 52.9078775325372 1558462.26128169 0.024 25.5 0.0 
3 280 53.0044947308426 1558462.26128285 0.024 25.5 0.0 
3 311 53.1011119291481 1558462.26128285 0.024 25.5 0.0 
3 342 53.1977291274536 1558462.26128169 0.024 25.5 0.0 
3 373 53.294346325759 1558462.26128285 0.024 25.5 0.0 
3 404 53.3909635240645 1558462.26128285 0.024 25.5 0.0 
3 435 53.4659228549957 859767.421137307 0.024 25.5 0.0 
3 31 52.3258691511925 900786.691800257 0.024 25.5 0.0 
3 30 52.4042128853798 1546397.73033443 0.024 25.5 0.0 
3 29 52.5032250984663 1546397.73033327 0.024 25.5 0.0 
3 28 52.6022373115528 1546397.73033443 0.024 25.5 0.0 
3 27 52.7012495246393 1546397.73033444 0.024 25.5 0.0 
3 26 52.8002617377258 1546397.73033443 0.024 25.5 0.0 
3 25 52.8992739508123 1546397.73033327 0.024 25.5 0.0 
3 24 52.9982861638988 1546397.73033444 0.024 25.5 0.0 
3 23 53.0972983769853 1546397.73033443 0.024 25.5 0.0 
3 22 53.1963105900719 1546397.73033444 0.024 25.5 0.0 
3 21 53.2953228031584 1546397.73033443 0.024 25.5 0.0 
3 20 53.3943350162449 1546397.73033327 0.024 25.5 0.0 
3 19 53.4933472293314 1546397.73033444 0.024 25.5 0.0 
3 18 53.5923594424179 1546397.73033443 0.024 25.5 0.0 
3 17 53.6913716555044 1546397.73033443 0.024 25.5 0.0 
3 16 53.767748954169 839362.119326778 0.024 25.5 0.0 
3 957 52.5192305122787 793002.980710612 0.024 25.5 0.0 
3 926 52.5841040304327 1558470.36254446 0.024 25.5 0.0 
3 895 52.6700956115383 1558470.36254562 0.024 25.5 0.0 
3 864 52.7560871926439 1558470.36254562 0.024 25.5 0.0 
3 833 52.8420787737495 1558470.36254446 0.024 25.5 0.0 
3 802 52.9280703548551 1558470.36254562 0.024 25.5 0.0 
3 771 53.0140619359607 1558470.36254562 0.024 25.5 0.0 
3 740 53.1000535170664 1558470.36254562 0.024 25.5 0.0 
3 709 53.186045098172 1558470.36254446 0.024 25.5 0.0 
3 678 53.2720366792776 1558470.36254563 0.024 25.5 0.0 
3 647 53.3580282603832 1558470.36254562 0.024 25.5 0.0 
3 616 53.4440198414888 1558470.36254446 0.024 25.5 0.0 
3 585 53.5300114225944 1558470.36254562 0.024 25.5 0.0 
3 554 53.6160030037 1558470.36254562 0.024 25.5 0.0 
3 523 53.7019945848056 1558470.36254446 0.024 25.5 0.0 
3 483 53.764253492276 698231.06914262 0.024 25.5 0.0 
3 927 52.4127498062533 934462.350052176 0.024 25.5 0.0 
3 928 52.4984117254662 1546373.04399086 0.024 25.5 0.0 
3 929 52.6052025936434 1546373.04398969 0.024 25.5 0.0 
3 930 52.7119934618205 1546373.04399086 0.024 25.5 0.0 
3 931 52.8187843299978 1546373.04399086 0.024 25.5 0.0 
3 932 52.925575198175 1546373.04399086 0.024 25.5 0.0 
3 933 53.0323660663522 1546373.0439897 0.024 25.5 0.0 
3 934 53.1391569345293 1546373.04399086 0.024 25.5 0.0 
3 935 53.2459478027066 1546373.04399086 0.024 25.5 0.0 
3 936 53.3527386708838 1546373.04399086 0.024 25.5 0.0 
3 937 53.459529539061 1546373.04399086 0.024 25.5 0.0 
3 938 53.5663204072382 1546373.0439897 0.024 25.5 0.0 
3 939 53.6731112754154 1546373.04399086 0.024 25.5 0.0 
3 940 53.7799021435926 1546373.04399086 0.024 25.5 0.0 
3 941 53.8866930117698 1546373.04399086 0.024 25.5 0.0 
3 942 53.9644767342195 706303.682223875 0.024 25.5 0.0 
3 435 53.47585658565 698694.840145542 0.024 25.5 0.0 
3 484 53.4218517531623 1558462.26128169 0.024 25.5 0.0 
3 524 53.3472760904354 1558462.26128285 0.024 25.5 0.0 
3 555 53.2727004277084 1558462.26128285 0.024 25.5 0.0 
3 586 53.1981247649814 1558462.26128169 0.024 25.5 0.0 
3 617 53.1235491022544 1558462.26128285 0.024 25.5 0.0 
3 648 53.0489734395274 1558462.26128285 0.024 25.5 0.0 
3 679 52.9743977768004 1558462.26128169 0.024 25.5 0.0 
3 710 52.8998221140735 1558462.26128285 0.024 25.5 0.0 
3 741 52.8252464513465 1558462.26128285 0.024 25.5 0.0 
3 772 52.7506707886195 1558462.26128285 0.024 25.5 0.0 
3 803 52.6760951258925 1558462.26128169 0.024 25.5 0.0 
3 834 52.6015194631655 1558462.26128285 0.024 25.5 0.0 
3 865 52.5269438004385 1558462.26128285 0.024 25.5 0.0 
3 896 52.4523681377116 1558462.26128169 0.024 25.5 0.0 
3 927 52.3977818137386 722998.547333626 0.024 25.5 0.0 
3 16 53.7692268045496 707035.611006496 0.024 25.5 0.0 
3 15 53.6882942432531 1546397.73033443 0.024 25.5 0.0 
3 14 53.5772158041415 1546397.73033444 0.024 25.5 0.0 
3 13 53.4661373650299 1546397.73033443 0.024 25.5 0.0 
3 12 53.3550589259184 1546397.73033327 0.024 25.5 0.0 
3 11 53.2439804868068 1546397.73033444 0.024 25.5 0.0 
3 10 53.1329020476952 1546397.73033443 0.024 25.5 0.0 
3 9 53.0218236085837 1546397.73033444 0.024 25.5 0.0 
3 8 52.9107451694721 1546397.73033443 0.024 25.5 0.0 
3 7 52.7996667303605 1546397.73033327 0.024 25.5 0.0 
3 6 52.688588291249 1546397.73033444 0.024 25.5 0.0 
3 5 52.5775098521374 1546397.73033443 0.024 25.5 0.0 
3 4 52.4664314130258 1546397.73033443 0.024 25.5 0.0 
3 3 52.3553529739143 1546397.73033327 0.024 25.5 0.0 
3 2 52.2442745348027 1546397.73033443 0.024 25.5 0.0 
3 1 52.1600136756073 799706.562414698 0.024 25.5 0.0 
3 483 53.7547559880989 860239.293403004 0.024 25.5 0.0 
3 434 53.6738905911258 1558470.36254563 0.024 25.5 0.0 
3 403 53.5696810393692 1558470.36254562 0.024 25.5 0.0 
3 372 53.4654714876126 1558470.36254446 0.024 25.5 0.0 
3 341 53.361261935856 1558470.36254562 0.024 25.5 0.0 
3 310 53.2570523840993 1558470.36254562 0.024 25.5 0.0 
3 279 53.1528428323427 1558470.36254446 0.024 25.5 0.0 
3 248 53.0486332805861 1558470.36254563 0.024 25.5 0.0 
3 217 52.9444237288294 1558470.36254562 0.024 25.5 0.0 
3 186 52.8402141770728 1558470.36254446 0.024 25.5 0.0 
3 155 52.7360046253162 1558470.36254562 0.024 25.5 0.0 
3 124 52.6317950735595 1558470.36254562 0.024 25.5 0.0 
3 93 52.5275855218029 1558470.36254563 0.024 25.5 0.0 
3 62 52.4233759700463 1558470.36254446 0.024 25.5 0.0 
3 31 52.3341513588582 1110266.04025697 0.024 25.5 0.0 
3 942 53.9618497083846 840069.361765821 0.024 25.5 0.0 
3 943 53.8851054604252 1546373.04399086 0.024 25.5 0.0 
3 944 53.7856475928987 1546373.04399086 0.024 25.5 0.0 
3 945 53.6861897253722 1546373.04399086 0.024 25.5 0.0 
3 946 53.5867318578457 1546373.0439897 0.024 25.5 0.0 
3 947 53.4872739903193 1546373.04399086 0.024 25.5 0.0 
3 948 53.3878161227928 1546373.04399086 0.024 25.5 0.0 
3 949 53.2883582552663 1546373.04399086 0.024 25.5 0.0 
3 950 53.1889003877398 1546373.04399086 0.024 25.5 0.0 
3 951 53.0894425202133 1546373.0439897 0.024 25.5 0.0 
3 952 52.9899846526868 1546373.04399086 0.024 25.5 0.0 
3 953 52.8905267851603 1546373.04399086 0.024 25.5 0.0 
3 954 52.7910689176338 1546373.04399086 0.024 25.5 0.0 
3 955 52.6916110501074 1546373.0439897 0.024 25.5 0.0 
3 956 52.5921531825809 1546373.04399086 0.024 25.5 0.0 
3 957 52.5198885167475 700772.085034537 0.024 25.5 0.0 
4 1 50.6640563831044 838072.934824464 0.0277 27 0.0 
4 32 50.726360310686 1558462.26128169 0.0277 27 0.0 
4 63 50.8073925609307 1558462.26128285 0.0277 27 0.0 
4 94 50.8884248111754 1558462.26128285 0.0277 27 0.0 
4 125 50.9694570614201 1558462.26128285 0.0 0.0 0.0 
1 1 0.0 1.0 0.0277 27 0.0 
4 156 51.0504893116648 1558462.26128169 0.0 0.0 0.0 
1 1 0.0 1.0 0.0277 27 0.0 
4 187 51.1315215619096 1558462.26128285 0.0 0.0 0.0 
1 1 0.0 1.0 0.0277 27 0.0 
4 218 51.2125538121543 1558462.26128285 0.0 0.0 0.0 
1 1 0.0 1.0 0.0277 27 0.0 
4 249 51.293586062399 1558462.26128169 0.0 0.0 0.0 
1 1 0.0 1.0 0.0277 27 0.0 
4 280 51.3746183126437 1558462.26128285 0.0 0.0 0.0 
1 1 0.0 1.0 0.0277 27 0.0 
4 311 51.4556505628884 1558462.26128285 0.0 0.0 0.0 
1 1 0.0 1.0 0.0277 27 0.0 
4 342 51.5366828131331 1558462.26128169 0.0 0.0 0.0 
1 1 0.0 1.0 0.0277 27 0.0 
4 373 51.6177150633778 1558462.26128285 0.0 0.0 0.0 
1 1 0.0 1.0 0.0277 27 0.0 
4 404 51.6987473136225 1558462.26128285 0.0 0.0 0.0 
1 1 0.0 1.0 0.0277 27 0.0 
4 435 51.7616152436466 859767.421137307 0.0 0.0 0.0 
1 1 0.0 1.0 0.0277 27 0.0 
4 31 50.7983057461487 900786.691800257 0.0 0.0 0.0 
1 1 0.0 1.0 0.0277 27 0.0 
4 30 50.8586885863191 1546397.73033443 0.0 0.0 0.0 
1 1 0.0 1.0 0.0277 27 0.0 
4 29 50.9350015001692 1546397.73033327 0.0 0.0 0.0 
1 1 0.0 1.0 0.0277 27 0.0 
4 28 51.0113144140192 1546397.73033443 0.0 0.0 0.0 
1 1 0.0 1.0 0.0277 27 0.0 
4 27 51.0876273278692 1546397.73033444 0.0 0.0 0.0 
1 1 0.0 1.0 0.0277 27 0.0 
4 26 51.1639402417193 1546397.73033443 0.0 0.0 0.0 
1 1 0.0 1.0 0.0277 27 0.0 
4 25 51.2402531555693 1546397.73033327 0.0 0.0 0.0 
1 1 0.0 1.0 0.0277 27 0.0 
4 24 51.3165660694193 1546397.73033444 0.0 0.0 0.0 
1 1 0.0 1.0 0.0277 27 0.0 
4 23 51.3928789832693 1546397.73033443 0.0 0.0 0.0 
1 1 0.0 1.0 0.0277 27 0.0 
4 22 51.4691918971194 1546397.73033444 0.0 0.0 0.0 
1 1 0.0 1.0 0.0277 27 0.0 
4 21 51.5455048109694 1546397.73033443 0.0 0.0 0.0 
1 1 0.0 1.0 0.0277 27 0.0 
4 20 51.6218177248194 1546397.73033327 0.0 0.0 0.0 
1 1 0.0 1.0 0.0277 27 0.0 
4 19 51.6981306386695 1546397.73033444 0.0 0.0 0.0 
1 1 0.0 1.0 0.0277 27 0.0 
4 18 51.7744435525195 1546397.73033443 0.0 0.0 0.0 
1 1 0.0 1.0 0.0277 27 0.0 
4 17 51.8507564663695 1546397.73033443 0.0 0.0 0.0 
1 1 0.0 1.0 0.0277 27 0.0 
4 16 51.9096236912441 839362.119326778 0.0 0.0 0.0 
1 1 0.0 1.0 0.0277 27 0.0 
4 957 50.9060825036324 793002.980710612 0.0 0.0 0.0 
1 1 0.0 1.0 0.0277 27 0.0 
4 926 50.9554949462876 1558470.36254446 0.0 0.0 0.0 
1 1 0.0 1.0 0.0277 27 0.0 
4 895 51.0209924588491 1558470.36254562 0.0 0.0 0.0 
1 1 0.0 1.0 0.0277 27 0.0 
4 864 51.0864899714107 1558470.36254562 0.0 0.0 0.0 
1 1 0.0 1.0 0.0277 27 0.0 
4 833 51.1519874839722 1558470.36254446 0.0 0.0 0.0 
1 1 0.0 1.0 0.0277 27 0.0 
4 802 51.2174849965338 1558470.36254562 0.0 0.0 0.0 
1 1 0.0 1.0 0.0277 27 0.0 
4 771 51.2829825090953 1558470.36254562 0.0 0.0 0.0 
1 1 0.0 1.0 0.0277 27 0.0 
4 740 51.3484800216569 1558470.36254562 0.0 0.0 0.0 
1 1 0.0 1.0 0.0277 27 0.0 
4 709 51.4139775342184 1558470.36254446 0.0 0.0 0.0 
1 1 0.0 1.0 0.0277 27 0.0 
4 678 51.47947504678 1558470.36254563 0.0 0.0 0.0 
1 1 0.0 1.0 0.0277 27 0.0 
4 647 51.5449725593415 1558470.36254562 0.0 0.0 0.0 
1 1 0.0 1.0 0.0277 27 0.0 
4 616 51.6104700719031 1558470.36254446 0.0 0.0 0.0 
1 1 0.0 1.0 0.0277 27 0.0 
4 585 51.6759675844646 1558470.36254562 0.0 0.0 0.0 
1 1 0.0 1.0 0.0277 27 0.0 
4 554 51.7414650970262 1558470.36254562 0.0 0.0 0.0 
1 1 0.0 1.0 0.0277 27 0.0 
4 523 51.8069626095877 1558470.36254446 0.0 0.0 0.0 
1 1 0.0 1.0 0.0277 27 0.0 
4 483 51.8543835724504 698231.06914262 0.0 0.0 0.0 
1 1 0.0 1.0 0.0277 27 0.0 
4 927 50.7954930554497 934462.350052176 0.0 0.0 0.0 
1 1 0.0 1.0 0.0277 27 0.0 
4 928 50.8609751495731 1546373.04399086 0.0 0.0 0.0 
1 1 0.0 1.0 0.0277 27 0.0 
4 929 50.9426087359525 1546373.04398969 0.0 0.0 0.0 
1 1 0.0 1.0 0.0277 27 0.0 
4 930 51.0242423223319 1546373.04399086 0.0 0.0 0.0 
1 1 0.0 1.0 0.0277 27 0.0 
4 931 51.1058759087113 1546373.04399086 0.0 0.0 0.0 
1 1 0.0 1.0 0.0277 27 0.0 
4 932 51.1875094950908 1546373.04399086 0.0 0.0 0.0 
1 1 0.0 1.0 0.0277 27 0.0 
4 933 51.2691430814702 1546373.0439897 0.0 0.0 0.0 
1 1 0.0 1.0 0.0277 27 0.0 
4 934 51.3507766678496 1546373.04399086 0.0 0.0 0.0 
1 1 0.0 1.0 0.0277 27 0.0 
4 935 51.432410254229 1546373.04399086 0.0 0.0 0.0 
1 1 0.0 1.0 0.0277 27 0.0 
4 936 51.5140438406085 1546373.04399086 0.0 0.0 0.0 
1 1 0.0 1.0 0.0277 27 0.0 
4 937 51.5956774269879 1546373.04399086 0.0 0.0 0.0 
1 1 0.0 1.0 0.0277 27 0.0 
4 938 51.6773110133673 1546373.0439897 0.0 0.0 0.0 
1 1 0.0 1.0 0.0277 27 0.0 
4 939 51.7589445997467 1546373.04399086 0.0 0.0 0.0 
1 1 0.0 1.0 0.0277 27 0.0 
4 940 51.8405781861262 1546373.04399086 0.0 0.0 0.0 
1 1 0.0 1.0 0.0277 27 0.0 
4 941 51.9222117725056 1546373.04399086 0.0 0.0 0.0 
1 1 0.0 1.0 0.0277 27 0.0 
4 942 51.981671577767 706303.682223875 0.0 0.0 0.0 
1 1 0.0 1.0 0.0277 27 0.0 
4 435 51.7687374837905 698694.840145542 0.0 0.0 0.0 
1 1 0.0 1.0 0.0277 27 0.0 
4 484 51.7195378643431 1558462.26128169 0.0 0.0 0.0 
1 1 0.0 1.0 0.0277 27 0.0 
4 524 51.6515977549641 1558462.26128285 0.0 0.0 0.0 
1 1 0.0 1.0 0.0277 27 0.0 
4 555 51.5836576455852 1558462.26128285 0.0 0.0 0.0 
1 1 0.0 1.0 0.0277 27 0.0 
4 586 51.5157175362062 1558462.26128169 0.0 0.0 0.0 
1 1 0.0 1.0 0.0277 27 0.0 
4 617 51.4477774268273 1558462.26128285 0.0 0.0 0.0 
1 1 0.0 1.0 0.0277 27 0.0 
4 648 51.3798373174483 1558462.26128285 0.0 0.0 0.0 
1 1 0.0 1.0 0.0277 27 0.0 
4 679 51.3118972080694 1558462.26128169 0.0 0.0 0.0 
1 1 0.0 1.0 0.0277 27 0.0 
4 710 51.2439570986904 1558462.26128285 0.0 0.0 0.0 
1 1 0.0 1.0 0.0277 27 0.0 
4 741 51.1760169893114 1558462.26128285 0.0 0.0 0.0 
1 1 0.0 1.0 0.0277 27 0.0 
4 772 51.1080768799325 1558462.26128285 0.0 0.0 0.0 
1 1 0.0 1.0 0.0277 27 0.0 
4 803 51.0401367705535 1558462.26128169 0.0 0.0 0.0 
1 1 0.0 1.0 0.0277 27 0.0 
4 834 50.9721966611746 1558462.26128285 0.0 0.0 0.0 
1 1 0.0 1.0 0.0277 27 0.0 
4 865 50.9042565517956 1558462.26128285 0.0 0.0 0.0 
1 1 0.0 1.0 0.0277 27 0.0 
4 896 50.8363164424167 1558462.26128169 0.0 0.0 0.0 
1 1 0.0 1.0 0.0277 27 0.0 
4 927 50.7865870711217 722998.547333626 0.0 0.0 0.0 
1 1 0.0 1.0 0.0277 27 0.0 
4 16 51.9106700906089 707035.611006496 0.0 0.0 0.0 
1 1 0.0 1.0 0.0277 27 0.0 
4 15 51.8479966649495 1546397.73033443 0.0 0.0 0.0 
1 1 0.0 1.0 0.0277 27 0.0 
4 14 51.7619785507998 1546397.73033444 0.0 0.0 0.0 
1 1 0.0 1.0 0.0277 27 0.0 
4 13 51.6759604366502 1546397.73033443 0.0 0.0 0.0 
1 1 0.0 1.0 0.0277 27 0.0 
4 12 51.5899423225006 1546397.73033327 0.0 0.0 0.0 
1 1 0.0 1.0 0.0277 27 0.0 
4 11 51.503924208351 1546397.73033444 0.0 0.0 0.0 
1 1 0.0 1.0 0.0277 27 0.0 
4 10 51.4179060942013 1546397.73033443 0.0 0.0 0.0 
1 1 0.0 1.0 0.0277 27 0.0 
4 9 51.3318879800517 1546397.73033444 0.0 0.0 0.0 
1 1 0.0 1.0 0.0277 27 0.0 
4 8 51.245869865902 1546397.73033443 0.0 0.0 0.0 
1 1 0.0 1.0 0.0277 27 0.0 
4 7 51.1598517517524 1546397.73033327 0.0 0.0 0.0 
1 1 0.0 1.0 0.0277 27 0.0 
4 6 51.0738336376028 1546397.73033444 0.0 0.0 0.0 
1 1 0.0 1.0 0.0277 27 0.0 
4 5 50.9878155234531 1546397.73033443 0.0 0.0 0.0 
1 1 0.0 1.0 0.0277 27 0.0 
4 4 50.9017974093035 1546397.73033443 0.0 0.0 0.0 
1 1 0.0 1.0 0.0277 27 0.0 
4 3 50.8157792951539 1546397.73033327 0.0 0.0 0.0 
1 1 0.0 1.0 0.0277 27 0.0 
4 2 50.7297611810043 1546397.73033443 0.0 0.0 0.0 
1 1 0.0 1.0 0.0277 27 0.0 
4 1 50.6645103522873 799706.562414698 0.0 0.0 0.0 
1 1 0.0 1.0 0.0277 27 0.0 
4 483 51.847908792175 860239.293403004 0.0 0.0 0.0 
1 1 0.0 1.0 0.0277 27 0.0 
4 434 51.7884504278591 1558470.36254563 0.0 0.0 0.0 
1 1 0.0 1.0 0.0277 27 0.0 
4 403 51.7118276729419 1558470.36254562 0.0 0.0 0.0 
1 1 0.0 1.0 0.0277 27 0.0 
4 372 51.6352049180248 1558470.36254446 0.0 0.0 0.0 
1 1 0.0 1.0 0.0277 27 0.0 
4 341 51.5585821631076 1558470.36254562 0.0 0.0 0.0 
1 1 0.0 1.0 0.0277 27 0.0 
4 310 51.4819594081905 1558470.36254562 0.0 0.0 0.0 
1 1 0.0 1.0 0.0277 27 0.0 
4 279 51.4053366532734 1558470.36254446 0.0 0.0 0.0 
1 1 0.0 1.0 0.0277 27 0.0 
4 248 51.3287138983562 1558470.36254563 0.0 0.0 0.0 
1 1 0.0 1.0 0.0277 27 0.0 
4 217 51.2520911434391 1558470.36254562 0.0 0.0 0.0 
1 1 0.0 1.0 0.0277 27 0.0 
4 186 51.175468388522 1558470.36254446 0.0 0.0 0.0 
1 1 0.0 1.0 0.0277 27 0.0 
4 155 51.0988456336048 1558470.36254562 0.0 0.0 0.0 
1 1 0.0 1.0 0.0277 27 0.0 
4 124 51.0222228786877 1558470.36254562 0.0 0.0 0.0 
1 1 0.0 1.0 0.0277 27 0.0 
4 93 50.9456001237705 1558470.36254563 0.0 0.0 0.0 
1 1 0.0 1.0 0.0277 27 0.0 
4 62 50.8689773688534 1558470.36254446 0.0 0.0 0.0 
1 1 0.0 1.0 0.0277 27 0.0 
4 31 50.803372677149 1110266.04025697 0.0 0.0 0.0 
1 1 0.0 1.0 0.0277 27 0.0 
4 942 51.9801932676177 840069.361765821 0.0 0.0 0.0 
1 1 0.0 1.0 0.0277 27 0.0 
4 943 51.9230332534647 1546373.04399086 0.0 0.0 0.0 
1 1 0.0 1.0 0.0277 27 0.0 
4 944 51.8489558696007 1546373.04399086 0.0 0.0 0.0 
1 1 0.0 1.0 0.0277 27 0.0 
4 945 51.7748784857366 1546373.04399086 0.0 0.0 0.0 
1 1 0.0 1.0 0.0277 27 0.0 
4 946 51.7008011018726 1546373.0439897 0.0 0.0 0.0 
1 1 0.0 1.0 0.0277 27 0.0 
4 947 51.6267237180086 1546373.04399086 0.0 0.0 0.0 
1 1 0.0 1.0 0.0277 27 0.0 
4 948 51.5526463341446 1546373.04399086 0.0 0.0 0.0 
1 1 0.0 1.0 0.0277 27 0.0 
4 949 51.4785689502805 1546373.04399086 0.0 0.0 0.0 
1 1 0.0 1.0 0.0277 27 0.0 
4 950 51.4044915664165 1546373.04399086 0.0 0.0 0.0 
1 1 0.0 1.0 0.0277 27 0.0 
4 951 51.3304141825525 1546373.0439897 0.0 0.0 0.0 
1 1 0.0 1.0 0.0277 27 0.0 
4 952 51.2563367986884 1546373.04399086 0.0 0.0 0.0 
1 1 0.0 1.0 0.0277 27 0.0 
4 953 51.1822594148244 1546373.04399086 0.0 0.0 0.0 
1 1 0.0 1.0 0.0277 27 0.0 
4 954 51.1081820309604 1546373.04399086 0.0 0.0 0.0 
1 1 0.0 1.0 0.0277 27 0.0 
4 955 51.0341046470963 1546373.0439897 0.0 0.0 0.0 
1 1 0.0 1.0 0.0277 27 0.0 
4 956 50.9600272632323 1546373.04399086 0.0 0.0 0.0 
1 1 0.0 1.0 0.0277 27 0.0 
4 957 50.9062036942792 700772.085034537 0.0 0.0 0.0 
1 1 0.0 1.0 0.0277 27 0.0 
