2 1 30.8094059187759 838072.934824464 0.02043 26.5 0.0 
2 32 30.8123193200852 1558462.26128169 0.02043 26.5 0.0 
2 63 30.8161084787004 1558462.26128285 0.02043 26.5 0.0 
2 94 30.8198976373156 1558462.26128285 0.02043 26.5 0.0 
2 125 30.8236867959309 1558462.26128285 0.02043 26.5 0.0 
2 156 30.8274759545461 1558462.26128169 0.02043 26.5 0.0 
2 187 30.8312651131613 1558462.26128285 0.02043 26.5 0.0 
2 218 30.8350542717765 1558462.26128285 0.02043 26.5 0.0 
2 249 30.8388434303917 1558462.26128169 0.02043 26.5 0.0 
2 280 30.842632589007 1558462.26128285 0.02043 26.5 0.0 
2 311 30.8464217476222 1558462.26128285 0.02043 26.5 0.0 
2 342 30.8502109062374 1558462.26128169 0.02043 26.5 0.0 
2 373 30.8540000648526 1558462.26128285 0.02043 26.5 0.0 
2 404 30.8577892234679 1558462.26128285 0.02043 26.5 0.0 
2 435 30.8607289981619 859767.421137307 0.02043 26.5 0.0 
2 31 29.9111685036729 900786.691800257 0.02043 26.5 0.0 
2 30 29.9415101910619 1546397.73033443 0.02043 26.5 0.0 
2 29 29.9798565584943 1546397.73033327 0.02043 26.5 0.0 
2 28 30.0182029259266 1546397.73033443 0.02043 26.5 0.0 
2 27 30.056549293359 1546397.73033444 0.02043 26.5 0.0 
2 26 30.0948956607914 1546397.73033443 0.02043 26.5 0.0 
2 25 30.1332420282237 1546397.73033327 0.02043 26.5 0.0 
2 24 30.1715883956561 1546397.73033444 0.02043 26.5 0.0 
2 23 30.2099347630884 1546397.73033443 0.02043 26.5 0.0 
2 22 30.2482811305208 1546397.73033444 0.02043 26.5 0.0 
2 21 30.2866274979531 1546397.73033443 0.02043 26.5 0.0 
2 20 30.3249738653855 1546397.73033327 0.02043 26.5 0.0 
2 19 30.3633202328178 1546397.73033444 0.02043 26.5 0.0 
2 18 30.4016666002502 1546397.73033443 0.02043 26.5 0.0 
2 17 30.4400129676826 1546397.73033443 0.02043 26.5 0.0 
2 16 30.4695930756994 839362.119326778 0.02043 26.5 0.0 
2 957 29.6462102572679 793002.980710612 0.02043 26.5 0.0 
2 926 29.6636688481797 1558470.36254446 0.02043 26.5 0.0 
2 895 29.6868106767579 1558470.36254562 0.02043 26.5 0.0 
2 864 29.7099525053361 1558470.36254562 0.02043 26.5 0.0 
2 833 29.7330943339143 1558470.36254446 0.02043 26.5 0.0 
2 802 29.7562361624925 1558470.36254562 0.02043 26.5 0.0 
2 771 29.7793779910707 1558470.36254562 0.02043 26.5 0.0 
2 740 29.8025198196489 1558470.36254562 0.02043 26.5 0.0 
2 709 29.8256616482271 1558470.36254446 0.02043 26.5 0.0 
2 678 29.8488034768053 1558470.36254563 0.02043 26.5 0.0 
2 647 29.8719453053835 1558470.36254562 0.02043 26.5 0.0 
2 616 29.8950871339617 1558470.36254446 0.02043 26.5 0.0 
2 585 29.9182289625399 1558470.36254562 0.02043 26.5 0.0 
2 554 29.941370791118 1558470.36254562 0.02043 26.5 0.0 
2 523 29.9645126196962 1558470.36254446 0.02043 26.5 0.0 
2 483 29.9812675734443 698231.06914262 0.02043 26.5 0.0 
2 927 30.7273064787291 934462.350052176 0.02043 26.5 0.0 
2 928 30.7021713386957 1546373.04399086 0.02043 26.5 0.0 
2 929 30.6708364882677 1546373.04398969 0.02043 26.5 0.0 
2 930 30.6395016378396 1546373.04399086 0.02043 26.5 0.0 
2 931 30.6081667874116 1546373.04399086 0.02043 26.5 0.0 
2 932 30.5768319369835 1546373.04399086 0.02043 26.5 0.0 
2 933 30.5454970865555 1546373.0439897 0.02043 26.5 0.0 
2 934 30.5141622361274 1546373.04399086 0.02043 26.5 0.0 
2 935 30.4828273856994 1546373.04399086 0.02043 26.5 0.0 
2 936 30.4514925352713 1546373.04399086 0.02043 26.5 0.0 
2 937 30.4201576848432 1546373.04399086 0.02043 26.5 0.0 
2 938 30.3888228344152 1546373.0439897 0.02043 26.5 0.0 
2 939 30.3574879839871 1546373.04399086 0.02043 26.5 0.0 
2 940 30.3261531335591 1546373.04399086 0.02043 26.5 0.0 
2 941 30.294818283131 1546373.04399086 0.02043 26.5 0.0 
2 942 30.2719947837972 706303.682223875 0.02043 26.5 0.0 
2 435 30.8598951867761 698694.840145542 0.02043 26.5 0.0 
2 484 30.8538249924137 1558462.26128169 0.02043 26.5 0.0 
2 524 30.8454426172336 1558462.26128285 0.02043 26.5 0.0 
2 555 30.8370602420534 1558462.26128285 0.02043 26.5 0.0 
2 586 30.8286778668732 1558462.26128169 0.02043 26.5 0.0 
2 617 30.820295491693 1558462.26128285 0.02043 26.5 0.0 
2 648 30.8119131165128 1558462.26128285 0.02043 26.5 0.0 
2 679 30.8035307413326 1558462.26128169 0.02043 26.5 0.0 
2 710 30.7951483661524 1558462.26128285 0.02043 26.5 0.0 
2 741 30.7867659909722 1558462.26128285 0.02043 26.5 0.0 
2 772 30.7783836157921 1558462.26128285 0.02043 26.5 0.0 
2 803 30.7700012406119 1558462.26128169 0.02043 26.5 0.0 
2 834 30.7616188654317 1558462.26128285 0.02043 26.5 0.0 
2 865 30.7532364902515 1558462.26128285 0.02043 26.5 0.0 
2 896 30.7448541150713 1558462.26128169 0.02043 26.5 0.0 
2 927 30.7387185605148 722998.547333626 0.02043 26.5 0.0 
2 16 30.4850133498736 707035.611006496 0.02043 26.5 0.0 
2 15 30.5009916819139 1546397.73033443 0.02043 26.5 0.0 
2 14 30.5229216462472 1546397.73033444 0.02043 26.5 0.0 
2 13 30.5448516105806 1546397.73033443 0.02043 26.5 0.0 
2 12 30.566781574914 1546397.73033327 0.02043 26.5 0.0 
2 11 30.5887115392473 1546397.73033444 0.02043 26.5 0.0 
2 10 30.6106415035807 1546397.73033443 0.02043 26.5 0.0 
2 9 30.6325714679141 1546397.73033444 0.02043 26.5 0.0 
2 8 30.6545014322474 1546397.73033443 0.02043 26.5 0.0 
2 7 30.6764313965808 1546397.73033327 0.02043 26.5 0.0 
2 6 30.6983613609141 1546397.73033444 0.02043 26.5 0.0 
2 5 30.7202913252475 1546397.73033443 0.02043 26.5 0.0 
2 4 30.7422212895809 1546397.73033443 0.02043 26.5 0.0 
2 3 30.7641512539142 1546397.73033327 0.02043 26.5 0.0 
2 2 30.7860812182476 1546397.73033443 0.02043 26.5 0.0 
2 1 30.8027166485942 799706.562414698 0.02043 26.5 0.0 
2 483 29.9847789408356 860239.293403004 0.02043 26.5 0.0 
2 434 29.9800759377151 1558470.36254563 0.02043 26.5 0.0 
2 403 29.9740152756093 1558470.36254562 0.02043 26.5 0.0 
2 372 29.9679546135036 1558470.36254446 0.02043 26.5 0.0 
2 341 29.9618939513979 1558470.36254562 0.02043 26.5 0.0 
2 310 29.9558332892922 1558470.36254562 0.02043 26.5 0.0 
2 279 29.9497726271865 1558470.36254446 0.02043 26.5 0.0 
2 248 29.9437119650808 1558470.36254563 0.02043 26.5 0.0 
2 217 29.937651302975 1558470.36254562 0.02043 26.5 0.0 
2 186 29.9315906408693 1558470.36254446 0.02043 26.5 0.0 
2 155 29.9255299787636 1558470.36254562 0.02043 26.5 0.0 
2 124 29.9194693166579 1558470.36254562 0.02043 26.5 0.0 
2 93 29.9134086545522 1558470.36254563 0.02043 26.5 0.0 
2 62 29.9073479924465 1558470.36254446 0.02043 26.5 0.0 
2 31 29.9021588306968 1110266.04025697 0.02043 26.5 0.0 
2 942 30.2535270361842 840069.361765821 0.02043 26.5 0.0 
2 943 30.2213931927982 1546373.04399086 0.02043 26.5 0.0 
2 944 30.1797488530127 1546373.04399086 0.02043 26.5 0.0 
2 945 30.1381045132272 1546373.04399086 0.02043 26.5 0.0 
2 946 30.0964601734417 1546373.0439897 0.02043 26.5 0.0 
2 947 30.0548158336563 1546373.04399086 0.02043 26.5 0.0 
2 948 30.0131714938708 1546373.04399086 0.02043 26.5 0.0 
2 949 29.9715271540853 1546373.04399086 0.02043 26.5 0.0 
2 950 29.9298828142998 1546373.04399086 0.02043 26.5 0.0 
2 951 29.8882384745143 1546373.0439897 0.02043 26.5 0.0 
2 952 29.8465941347289 1546373.04399086 0.02043 26.5 0.0 
2 953 29.8049497949434 1546373.04399086 0.02043 26.5 0.0 
2 954 29.7633054551579 1546373.04399086 0.02043 26.5 0.0 
2 955 29.7216611153724 1546373.0439897 0.02043 26.5 0.0 
2 956 29.6800167755869 1546373.04399086 0.02043 26.5 0.0 
2 957 29.6497585931697 700772.085034537 0.02043 26.5 0.0 
3 1 47.321053453886 838072.934824464 0.024 25.5 0.0 
3 32 47.3276985595584 1558462.26128169 0.024 25.5 0.0 
3 63 47.3363411586152 1558462.26128285 0.024 25.5 0.0 
3 94 47.344983757672 1558462.26128285 0.024 25.5 0.0 
3 125 47.3536263567288 1558462.26128285 0.024 25.5 0.0 
3 156 47.3622689557856 1558462.26128169 0.024 25.5 0.0 
3 187 47.3709115548424 1558462.26128285 0.024 25.5 0.0 
3 218 47.3795541538993 1558462.26128285 0.024 25.5 0.0 
3 249 47.3881967529561 1558462.26128169 0.024 25.5 0.0 
3 280 47.3968393520129 1558462.26128285 0.024 25.5 0.0 
3 311 47.4054819510697 1558462.26128285 0.024 25.5 0.0 
3 342 47.4141245501265 1558462.26128169 0.024 25.5 0.0 
3 373 47.4227671491833 1558462.26128285 0.024 25.5 0.0 
3 404 47.4314097482401 1558462.26128285 0.024 25.5 0.0 
3 435 47.4381150083197 859767.421137307 0.024 25.5 0.0 
3 31 47.3845158052464 900786.691800257 0.024 25.5 0.0 
3 30 47.380766019744 1546397.73033443 0.024 25.5 0.0 
3 29 47.3760269737305 1546397.73033327 0.024 25.5 0.0 
3 28 47.3712879277169 1546397.73033443 0.024 25.5 0.0 
3 27 47.3665488817034 1546397.73033444 0.024 25.5 0.0 
3 26 47.3618098356898 1546397.73033443 0.024 25.5 0.0 
3 25 47.3570707896763 1546397.73033327 0.024 25.5 0.0 
3 24 47.3523317436628 1546397.73033444 0.024 25.5 0.0 
3 23 47.3475926976492 1546397.73033443 0.024 25.5 0.0 
3 22 47.3428536516357 1546397.73033444 0.024 25.5 0.0 
3 21 47.3381146056221 1546397.73033443 0.024 25.5 0.0 
3 20 47.3333755596086 1546397.73033327 0.024 25.5 0.0 
3 19 47.328636513595 1546397.73033444 0.024 25.5 0.0 
3 18 47.3238974675815 1546397.73033443 0.024 25.5 0.0 
3 17 47.3191584215679 1546397.73033443 0.024 25.5 0.0 
3 16 47.3155027560548 839362.119326778 0.024 25.5 0.0 
3 957 47.6273161539373 793002.980710612 0.024 25.5 0.0 
3 926 47.621023109309 1558470.36254446 0.024 25.5 0.0 
3 895 47.6126815105649 1558470.36254562 0.024 25.5 0.0 
3 864 47.6043399118209 1558470.36254562 0.024 25.5 0.0 
3 833 47.5959983130768 1558470.36254446 0.024 25.5 0.0 
3 802 47.5876567143328 1558470.36254562 0.024 25.5 0.0 
3 771 47.5793151155888 1558470.36254562 0.024 25.5 0.0 
3 740 47.5709735168447 1558470.36254562 0.024 25.5 0.0 
3 709 47.5626319181007 1558470.36254446 0.024 25.5 0.0 
3 678 47.5542903193566 1558470.36254563 0.024 25.5 0.0 
3 647 47.5459487206126 1558470.36254562 0.024 25.5 0.0 
3 616 47.5376071218685 1558470.36254446 0.024 25.5 0.0 
3 585 47.5292655231245 1558470.36254562 0.024 25.5 0.0 
3 554 47.5209239243804 1558470.36254562 0.024 25.5 0.0 
3 523 47.5125823256364 1558470.36254446 0.024 25.5 0.0 
3 483 47.5065429108741 698231.06914262 0.024 25.5 0.0 
3 927 47.583973600789 934462.350052176 0.024 25.5 0.0 
3 928 47.5845438257846 1546373.04399086 0.024 25.5 0.0 
3 929 47.5852546996816 1546373.04398969 0.024 25.5 0.0 
3 930 47.5859655735785 1546373.04399086 0.024 25.5 0.0 
3 931 47.5866764474755 1546373.04399086 0.024 25.5 0.0 
3 932 47.5873873213725 1546373.04399086 0.024 25.5 0.0 
3 933 47.5880981952695 1546373.0439897 0.024 25.5 0.0 
3 934 47.5888090691664 1546373.04399086 0.024 25.5 0.0 
3 935 47.5895199430634 1546373.04399086 0.024 25.5 0.0 
3 936 47.5902308169604 1546373.04399086 0.024 25.5 0.0 
3 937 47.5909416908574 1546373.04399086 0.024 25.5 0.0 
3 938 47.5916525647543 1546373.0439897 0.024 25.5 0.0 
3 939 47.5923634386513 1546373.04399086 0.024 25.5 0.0 
3 940 47.5930743125483 1546373.04399086 0.024 25.5 0.0 
3 941 47.5937851864453 1546373.04399086 0.024 25.5 0.0 
3 942 47.594302968713 706303.682223875 0.024 25.5 0.0 
3 435 47.4426524586056 698694.840145542 0.024 25.5 0.0 
3 484 47.4496093793785 1558462.26128169 0.024 25.5 0.0 
3 524 47.4592162414552 1558462.26128285 0.024 25.5 0.0 
3 555 47.4688231035319 1558462.26128285 0.024 25.5 0.0 
3 586 47.4784299656085 1558462.26128169 0.024 25.5 0.0 
3 617 47.4880368276852 1558462.26128285 0.024 25.5 0.0 
3 648 47.4976436897618 1558462.26128285 0.024 25.5 0.0 
3 679 47.5072505518385 1558462.26128169 0.024 25.5 0.0 
3 710 47.5168574139151 1558462.26128285 0.024 25.5 0.0 
3 741 47.5264642759918 1558462.26128285 0.024 25.5 0.0 
3 772 47.5360711380684 1558462.26128285 0.024 25.5 0.0 
3 803 47.5456780001451 1558462.26128169 0.024 25.5 0.0 
3 834 47.5552848622217 1558462.26128285 0.024 25.5 0.0 
3 865 47.5648917242984 1558462.26128285 0.024 25.5 0.0 
3 896 47.574498586375 1558462.26128169 0.024 25.5 0.0 
3 927 47.5815304150776 722998.547333626 0.024 25.5 0.0 
3 16 47.3142855121733 707035.611006496 0.024 25.5 0.0 
3 15 47.3145051028928 1546397.73033443 0.024 25.5 0.0 
3 14 47.314806487082 1546397.73033444 0.024 25.5 0.0 
3 13 47.3151078712712 1546397.73033443 0.024 25.5 0.0 
3 12 47.3154092554603 1546397.73033327 0.024 25.5 0.0 
3 11 47.3157106396495 1546397.73033444 0.024 25.5 0.0 
3 10 47.3160120238387 1546397.73033443 0.024 25.5 0.0 
3 9 47.3163134080279 1546397.73033444 0.024 25.5 0.0 
3 8 47.3166147922171 1546397.73033443 0.024 25.5 0.0 
3 7 47.3169161764063 1546397.73033327 0.024 25.5 0.0 
3 6 47.3172175605954 1546397.73033444 0.024 25.5 0.0 
3 5 47.3175189447846 1546397.73033443 0.024 25.5 0.0 
3 4 47.3178203289738 1546397.73033443 0.024 25.5 0.0 
3 3 47.318121713163 1546397.73033327 0.024 25.5 0.0 
3 2 47.3184230973522 1546397.73033443 0.024 25.5 0.0 
3 1 47.3186517185944 799706.562414698 0.024 25.5 0.0 
3 483 47.5023761657311 860239.293403004 0.024 25.5 0.0 
3 434 47.4959145815343 1558470.36254563 0.024 25.5 0.0 
3 403 47.4875876726464 1558470.36254562 0.024 25.5 0.0 
3 372 47.4792607637585 1558470.36254446 0.024 25.5 0.0 
3 341 47.4709338548706 1558470.36254562 0.024 25.5 0.0 
3 310 47.4626069459826 1558470.36254562 0.024 25.5 0.0 
3 279 47.4542800370947 1558470.36254446 0.024 25.5 0.0 
3 248 47.4459531282068 1558470.36254563 0.024 25.5 0.0 
3 217 47.4376262193188 1558470.36254562 0.024 25.5 0.0 
3 186 47.4292993104309 1558470.36254446 0.024 25.5 0.0 
3 155 47.420972401543 1558470.36254562 0.024 25.5 0.0 
3 124 47.412645492655 1558470.36254562 0.024 25.5 0.0 
3 93 47.4043185837671 1558470.36254563 0.024 25.5 0.0 
3 62 47.3959916748792 1558470.36254446 0.024 25.5 0.0 
3 31 47.3888621440886 1110266.04025697 0.024 25.5 0.0 
3 942 47.5950987710432 840069.361765821 0.024 25.5 0.0 
3 943 47.5968982756342 1546373.04399086 0.024 25.5 0.0 
3 944 47.5992303707941 1546373.04399086 0.024 25.5 0.0 
3 945 47.601562465954 1546373.04399086 0.024 25.5 0.0 
3 946 47.6038945611139 1546373.0439897 0.024 25.5 0.0 
3 947 47.6062266562738 1546373.04399086 0.024 25.5 0.0 
3 948 47.6085587514337 1546373.04399086 0.024 25.5 0.0 
3 949 47.6108908465936 1546373.04399086 0.024 25.5 0.0 
3 950 47.6132229417535 1546373.04399086 0.024 25.5 0.0 
3 951 47.6155550369134 1546373.0439897 0.024 25.5 0.0 
3 952 47.6178871320734 1546373.04399086 0.024 25.5 0.0 
3 953 47.6202192272333 1546373.04399086 0.024 25.5 0.0 
3 954 47.6225513223932 1546373.04399086 0.024 25.5 0.0 
3 955 47.6248834175531 1546373.0439897 0.024 25.5 0.0 
3 956 47.627215512713 1546373.04399086 0.024 25.5 0.0 
3 957 47.6289099797433 700772.085034537 0.024 25.5 0.0 
4 1 47.386280113177 838072.934824464 0.0277 27 0.0 
4 32 47.3895677536295 1558462.26128169 0.0277 27 0.0 
4 63 47.393843646245 1558462.26128285 0.0277 27 0.0 
4 94 47.3981195388605 1558462.26128285 0.0277 27 0.0 
4 125 47.402395431476 1558462.26128285 0.0 0.0 0.0 
1 1 0.0 1.0 0.0277 27 0.0 
4 156 47.4066713240915 1558462.26128169 0.0 0.0 0.0 
1 1 0.0 1.0 0.0277 27 0.0 
4 187 47.410947216707 1558462.26128285 0.0 0.0 0.0 
1 1 0.0 1.0 0.0277 27 0.0 
4 218 47.4152231093225 1558462.26128285 0.0 0.0 0.0 
1 1 0.0 1.0 0.0277 27 0.0 
4 249 47.419499001938 1558462.26128169 0.0 0.0 0.0 
1 1 0.0 1.0 0.0277 27 0.0 
4 280 47.4237748945534 1558462.26128285 0.0 0.0 0.0 
1 1 0.0 1.0 0.0277 27 0.0 
4 311 47.4280507871689 1558462.26128285 0.0 0.0 0.0 
1 1 0.0 1.0 0.0277 27 0.0 
4 342 47.4323266797844 1558462.26128169 0.0 0.0 0.0 
1 1 0.0 1.0 0.0277 27 0.0 
4 373 47.4366025723999 1558462.26128285 0.0 0.0 0.0 
1 1 0.0 1.0 0.0277 27 0.0 
4 404 47.4408784650154 1558462.26128285 0.0 0.0 0.0 
1 1 0.0 1.0 0.0277 27 0.0 
4 435 47.4441958666293 859767.421137307 0.0 0.0 0.0 
1 1 0.0 1.0 0.0277 27 0.0 
4 31 47.430550373456 900786.691800257 0.0 0.0 0.0 
1 1 0.0 1.0 0.0277 27 0.0 
4 30 47.4297325347124 1546397.73033443 0.0 0.0 0.0 
1 1 0.0 1.0 0.0277 27 0.0 
4 29 47.4286989354746 1546397.73033327 0.0 0.0 0.0 
1 1 0.0 1.0 0.0277 27 0.0 
4 28 47.4276653362367 1546397.73033443 0.0 0.0 0.0 
1 1 0.0 1.0 0.0277 27 0.0 
4 27 47.4266317369988 1546397.73033444 0.0 0.0 0.0 
1 1 0.0 1.0 0.0277 27 0.0 
4 26 47.4255981377609 1546397.73033443 0.0 0.0 0.0 
1 1 0.0 1.0 0.0277 27 0.0 
4 25 47.424564538523 1546397.73033327 0.0 0.0 0.0 
1 1 0.0 1.0 0.0277 27 0.0 
4 24 47.4235309392851 1546397.73033444 0.0 0.0 0.0 
1 1 0.0 1.0 0.0277 27 0.0 
4 23 47.4224973400472 1546397.73033443 0.0 0.0 0.0 
1 1 0.0 1.0 0.0277 27 0.0 
4 22 47.4214637408093 1546397.73033444 0.0 0.0 0.0 
1 1 0.0 1.0 0.0277 27 0.0 
4 21 47.4204301415714 1546397.73033443 0.0 0.0 0.0 
1 1 0.0 1.0 0.0277 27 0.0 
4 20 47.4193965423336 1546397.73033327 0.0 0.0 0.0 
1 1 0.0 1.0 0.0277 27 0.0 
4 19 47.4183629430957 1546397.73033444 0.0 0.0 0.0 
1 1 0.0 1.0 0.0277 27 0.0 
4 18 47.4173293438578 1546397.73033443 0.0 0.0 0.0 
1 1 0.0 1.0 0.0277 27 0.0 
4 17 47.4162957446199 1546397.73033443 0.0 0.0 0.0 
1 1 0.0 1.0 0.0277 27 0.0 
4 16 47.4154984337102 839362.119326778 0.0 0.0 0.0 
1 1 0.0 1.0 0.0277 27 0.0 
4 957 47.5551872138611 793002.980710612 0.0 0.0 0.0 
1 1 0.0 1.0 0.0277 27 0.0 
4 926 47.5518121128181 1558470.36254446 0.0 0.0 0.0 
1 1 0.0 1.0 0.0277 27 0.0 
4 895 47.5473383262355 1558470.36254562 0.0 0.0 0.0 
1 1 0.0 1.0 0.0277 27 0.0 
4 864 47.5428645396528 1558470.36254562 0.0 0.0 0.0 
1 1 0.0 1.0 0.0277 27 0.0 
4 833 47.5383907530702 1558470.36254446 0.0 0.0 0.0 
1 1 0.0 1.0 0.0277 27 0.0 
4 802 47.5339169664876 1558470.36254562 0.0 0.0 0.0 
1 1 0.0 1.0 0.0277 27 0.0 
4 771 47.529443179905 1558470.36254562 0.0 0.0 0.0 
1 1 0.0 1.0 0.0277 27 0.0 
4 740 47.5249693933223 1558470.36254562 0.0 0.0 0.0 
1 1 0.0 1.0 0.0277 27 0.0 
4 709 47.5204956067397 1558470.36254446 0.0 0.0 0.0 
1 1 0.0 1.0 0.0277 27 0.0 
4 678 47.5160218201571 1558470.36254563 0.0 0.0 0.0 
1 1 0.0 1.0 0.0277 27 0.0 
4 647 47.5115480335745 1558470.36254562 0.0 0.0 0.0 
1 1 0.0 1.0 0.0277 27 0.0 
4 616 47.5070742469919 1558470.36254446 0.0 0.0 0.0 
1 1 0.0 1.0 0.0277 27 0.0 
4 585 47.5026004604092 1558470.36254562 0.0 0.0 0.0 
1 1 0.0 1.0 0.0277 27 0.0 
4 554 47.4981266738266 1558470.36254562 0.0 0.0 0.0 
1 1 0.0 1.0 0.0277 27 0.0 
4 523 47.493652887244 1558470.36254446 0.0 0.0 0.0 
1 1 0.0 1.0 0.0277 27 0.0 
4 483 47.4904138135892 698231.06914262 0.0 0.0 0.0 
1 1 0.0 1.0 0.0277 27 0.0 
4 927 47.5049126153326 934462.350052176 0.0 0.0 0.0 
1 1 0.0 1.0 0.0277 27 0.0 
4 928 47.5062816704102 1546373.04399086 0.0 0.0 0.0 
1 1 0.0 1.0 0.0277 27 0.0 
4 929 47.5079884099003 1546373.04398969 0.0 0.0 0.0 
1 1 0.0 1.0 0.0277 27 0.0 
4 930 47.5096951493905 1546373.04399086 0.0 0.0 0.0 
1 1 0.0 1.0 0.0277 27 0.0 
4 931 47.5114018888806 1546373.04399086 0.0 0.0 0.0 
1 1 0.0 1.0 0.0277 27 0.0 
4 932 47.5131086283707 1546373.04399086 0.0 0.0 0.0 
1 1 0.0 1.0 0.0277 27 0.0 
4 933 47.5148153678609 1546373.0439897 0.0 0.0 0.0 
1 1 0.0 1.0 0.0277 27 0.0 
4 934 47.516522107351 1546373.04399086 0.0 0.0 0.0 
1 1 0.0 1.0 0.0277 27 0.0 
4 935 47.5182288468412 1546373.04399086 0.0 0.0 0.0 
1 1 0.0 1.0 0.0277 27 0.0 
4 936 47.5199355863313 1546373.04399086 0.0 0.0 0.0 
1 1 0.0 1.0 0.0277 27 0.0 
4 937 47.5216423258214 1546373.04399086 0.0 0.0 0.0 
1 1 0.0 1.0 0.0277 27 0.0 
4 938 47.5233490653116 1546373.0439897 0.0 0.0 0.0 
1 1 0.0 1.0 0.0277 27 0.0 
4 939 47.5250558048017 1546373.04399086 0.0 0.0 0.0 
1 1 0.0 1.0 0.0277 27 0.0 
4 940 47.5267625442919 1546373.04399086 0.0 0.0 0.0 
1 1 0.0 1.0 0.0277 27 0.0 
4 941 47.528469283782 1546373.04399086 0.0 0.0 0.0 
1 1 0.0 1.0 0.0277 27 0.0 
4 942 47.529712428941 706303.682223875 0.0 0.0 0.0 
1 1 0.0 1.0 0.0277 27 0.0 
4 435 47.4462625379456 698694.840145542 0.0 0.0 0.0 
1 1 0.0 1.0 0.0277 27 0.0 
4 484 47.4491287190058 1558462.26128169 0.0 0.0 0.0 
1 1 0.0 1.0 0.0277 27 0.0 
4 524 47.4530866491061 1558462.26128285 0.0 0.0 0.0 
1 1 0.0 1.0 0.0277 27 0.0 
4 555 47.4570445792064 1558462.26128285 0.0 0.0 0.0 
1 1 0.0 1.0 0.0277 27 0.0 
4 586 47.4610025093067 1558462.26128169 0.0 0.0 0.0 
1 1 0.0 1.0 0.0277 27 0.0 
4 617 47.464960439407 1558462.26128285 0.0 0.0 0.0 
1 1 0.0 1.0 0.0277 27 0.0 
4 648 47.4689183695072 1558462.26128285 0.0 0.0 0.0 
1 1 0.0 1.0 0.0277 27 0.0 
4 679 47.4728762996075 1558462.26128169 0.0 0.0 0.0 
1 1 0.0 1.0 0.0277 27 0.0 
4 710 47.4768342297078 1558462.26128285 0.0 0.0 0.0 
1 1 0.0 1.0 0.0277 27 0.0 
4 741 47.4807921598081 1558462.26128285 0.0 0.0 0.0 
1 1 0.0 1.0 0.0277 27 0.0 
4 772 47.4847500899084 1558462.26128285 0.0 0.0 0.0 
1 1 0.0 1.0 0.0277 27 0.0 
4 803 47.4887080200086 1558462.26128169 0.0 0.0 0.0 
1 1 0.0 1.0 0.0277 27 0.0 
4 834 47.4926659501089 1558462.26128285 0.0 0.0 0.0 
1 1 0.0 1.0 0.0277 27 0.0 
4 865 47.4966238802092 1558462.26128285 0.0 0.0 0.0 
1 1 0.0 1.0 0.0277 27 0.0 
4 896 47.5005818103095 1558462.26128169 0.0 0.0 0.0 
1 1 0.0 1.0 0.0277 27 0.0 
4 927 47.5034788526798 722998.547333626 0.0 0.0 0.0 
1 1 0.0 1.0 0.0277 27 0.0 
4 16 47.4147585889596 707035.611006496 0.0 0.0 0.0 
1 1 0.0 1.0 0.0277 27 0.0 
4 15 47.413294621209 1546397.73033443 0.0 0.0 0.0 
1 1 0.0 1.0 0.0277 27 0.0 
4 14 47.4112853526274 1546397.73033444 0.0 0.0 0.0 
1 1 0.0 1.0 0.0277 27 0.0 
4 13 47.4092760840458 1546397.73033443 0.0 0.0 0.0 
1 1 0.0 1.0 0.0277 27 0.0 
4 12 47.4072668154641 1546397.73033327 0.0 0.0 0.0 
1 1 0.0 1.0 0.0277 27 0.0 
4 11 47.4052575468825 1546397.73033444 0.0 0.0 0.0 
1 1 0.0 1.0 0.0277 27 0.0 
4 10 47.4032482783009 1546397.73033443 0.0 0.0 0.0 
1 1 0.0 1.0 0.0277 27 0.0 
4 9 47.4012390097193 1546397.73033444 0.0 0.0 0.0 
1 1 0.0 1.0 0.0277 27 0.0 
4 8 47.3992297411377 1546397.73033443 0.0 0.0 0.0 
1 1 0.0 1.0 0.0277 27 0.0 
4 7 47.397220472556 1546397.73033327 0.0 0.0 0.0 
1 1 0.0 1.0 0.0277 27 0.0 
4 6 47.3952112039744 1546397.73033444 0.0 0.0 0.0 
1 1 0.0 1.0 0.0277 27 0.0 
4 5 47.3932019353928 1546397.73033443 0.0 0.0 0.0 
1 1 0.0 1.0 0.0277 27 0.0 
4 4 47.3911926668112 1546397.73033443 0.0 0.0 0.0 
1 1 0.0 1.0 0.0277 27 0.0 
4 3 47.3891833982295 1546397.73033327 0.0 0.0 0.0 
1 1 0.0 1.0 0.0277 27 0.0 
4 2 47.3871741296479 1546397.73033443 0.0 0.0 0.0 
1 1 0.0 1.0 0.0277 27 0.0 
4 1 47.3856499571947 799706.562414698 0.0 0.0 0.0 
1 1 0.0 1.0 0.0277 27 0.0 
4 483 47.4882786058356 860239.293403004 0.0 0.0 0.0 
1 1 0.0 1.0 0.0277 27 0.0 
4 434 47.4850929058679 1558470.36254563 0.0 0.0 0.0 
1 1 0.0 1.0 0.0277 27 0.0 
4 403 47.480987560713 1558470.36254562 0.0 0.0 0.0 
1 1 0.0 1.0 0.0277 27 0.0 
4 372 47.4768822155581 1558470.36254446 0.0 0.0 0.0 
1 1 0.0 1.0 0.0277 27 0.0 
4 341 47.4727768704032 1558470.36254562 0.0 0.0 0.0 
1 1 0.0 1.0 0.0277 27 0.0 
4 310 47.4686715252483 1558470.36254562 0.0 0.0 0.0 
1 1 0.0 1.0 0.0277 27 0.0 
4 279 47.4645661800933 1558470.36254446 0.0 0.0 0.0 
1 1 0.0 1.0 0.0277 27 0.0 
4 248 47.4604608349384 1558470.36254563 0.0 0.0 0.0 
1 1 0.0 1.0 0.0277 27 0.0 
4 217 47.4563554897835 1558470.36254562 0.0 0.0 0.0 
1 1 0.0 1.0 0.0277 27 0.0 
4 186 47.4522501446286 1558470.36254446 0.0 0.0 0.0 
1 1 0.0 1.0 0.0277 27 0.0 
4 155 47.4481447994737 1558470.36254562 0.0 0.0 0.0 
1 1 0.0 1.0 0.0277 27 0.0 
4 124 47.4440394543188 1558470.36254562 0.0 0.0 0.0 
1 1 0.0 1.0 0.0277 27 0.0 
4 93 47.4399341091639 1558470.36254563 0.0 0.0 0.0 
1 1 0.0 1.0 0.0277 27 0.0 
4 62 47.435828764009 1558470.36254446 0.0 0.0 0.0 
1 1 0.0 1.0 0.0277 27 0.0 
4 31 47.4323137520061 1110266.04025697 0.0 0.0 0.0 
1 1 0.0 1.0 0.0277 27 0.0 
4 942 47.5305771776306 840069.361765821 0.0 0.0 0.0 
1 1 0.0 1.0 0.0277 27 0.0 
4 943 47.5319264666518 1546373.04399086 0.0 0.0 0.0 
1 1 0.0 1.0 0.0277 27 0.0 
4 944 47.5336750981426 1546373.04399086 0.0 0.0 0.0 
1 1 0.0 1.0 0.0277 27 0.0 
4 945 47.5354237296334 1546373.04399086 0.0 0.0 0.0 
1 1 0.0 1.0 0.0277 27 0.0 
4 946 47.5371723611243 1546373.0439897 0.0 0.0 0.0 
1 1 0.0 1.0 0.0277 27 0.0 
4 947 47.5389209926151 1546373.04399086 0.0 0.0 0.0 
1 1 0.0 1.0 0.0277 27 0.0 
4 948 47.540669624106 1546373.04399086 0.0 0.0 0.0 
1 1 0.0 1.0 0.0277 27 0.0 
4 949 47.5424182555968 1546373.04399086 0.0 0.0 0.0 
1 1 0.0 1.0 0.0277 27 0.0 
4 950 47.5441668870876 1546373.04399086 0.0 0.0 0.0 
1 1 0.0 1.0 0.0277 27 0.0 
4 951 47.5459155185785 1546373.0439897 0.0 0.0 0.0 
1 1 0.0 1.0 0.0277 27 0.0 
4 952 47.5476641500693 1546373.04399086 0.0 0.0 0.0 
1 1 0.0 1.0 0.0277 27 0.0 
4 953 47.5494127815602 1546373.04399086 0.0 0.0 0.0 
1 1 0.0 1.0 0.0277 27 0.0 
4 954 47.551161413051 1546373.04399086 0.0 0.0 0.0 
1 1 0.0 1.0 0.0277 27 0.0 
4 955 47.5529100445418 1546373.0439897 0.0 0.0 0.0 
1 1 0.0 1.0 0.0277 27 0.0 
4 956 47.5546586760327 1546373.04399086 0.0 0.0 0.0 
1 1 0.0 1.0 0.0277 27 0.0 
4 957 47.5559292066955 700772.085034537 0.0 0.0 0.0 
1 1 0.0 1.0 0.0277 27 0.0 
