2 1 31.5446055783304 838072.934824464 0.02043 26.5 0.0 
2 32 31.5482436625434 1558462.26128169 0.02043 26.5 0.0 
2 63 31.5529753409753 1558462.26128285 0.02043 26.5 0.0 
2 94 31.5577070194072 1558462.26128285 0.02043 26.5 0.0 
2 125 31.5624386978391 1558462.26128285 0.02043 26.5 0.0 
2 156 31.567170376271 1558462.26128169 0.02043 26.5 0.0 
2 187 31.5719020547029 1558462.26128285 0.02043 26.5 0.0 
2 218 31.5766337331348 1558462.26128285 0.02043 26.5 0.0 
2 249 31.5813654115667 1558462.26128169 0.02043 26.5 0.0 
2 280 31.5860970899986 1558462.26128285 0.02043 26.5 0.0 
2 311 31.5908287684305 1558462.26128285 0.02043 26.5 0.0 
2 342 31.5955604468624 1558462.26128169 0.02043 26.5 0.0 
2 373 31.6002921252943 1558462.26128285 0.02043 26.5 0.0 
2 404 31.6050238037262 1558462.26128285 0.02043 26.5 0.0 
2 435 31.6086948214711 859767.421137307 0.02043 26.5 0.0 
2 31 30.699660113809 900786.691800257 0.02043 26.5 0.0 
2 30 30.7259039296254 1546397.73033443 0.02043 26.5 0.0 
2 29 30.7590713336402 1546397.73033327 0.02043 26.5 0.0 
2 28 30.7922387376549 1546397.73033443 0.02043 26.5 0.0 
2 27 30.8254061416697 1546397.73033444 0.02043 26.5 0.0 
2 26 30.8585735456845 1546397.73033443 0.02043 26.5 0.0 
2 25 30.8917409496992 1546397.73033327 0.02043 26.5 0.0 
2 24 30.924908353714 1546397.73033444 0.02043 26.5 0.0 
2 23 30.9580757577288 1546397.73033443 0.02043 26.5 0.0 
2 22 30.9912431617435 1546397.73033444 0.02043 26.5 0.0 
2 21 31.0244105657583 1546397.73033443 0.02043 26.5 0.0 
2 20 31.0575779697731 1546397.73033327 0.02043 26.5 0.0 
2 19 31.0907453737878 1546397.73033444 0.02043 26.5 0.0 
2 18 31.1239127778026 1546397.73033443 0.02043 26.5 0.0 
2 17 31.1570801818174 1546397.73033443 0.02043 26.5 0.0 
2 16 31.1826652752457 839362.119326778 0.02043 26.5 0.0 
2 957 30.7992748763169 793002.980710612 0.02043 26.5 0.0 
2 926 30.8070089398895 1558470.36254446 0.02043 26.5 0.0 
2 895 30.8172606477343 1558470.36254562 0.02043 26.5 0.0 
2 864 30.8275123555792 1558470.36254562 0.02043 26.5 0.0 
2 833 30.837764063424 1558470.36254446 0.02043 26.5 0.0 
2 802 30.8480157712688 1558470.36254562 0.02043 26.5 0.0 
2 771 30.8582674791136 1558470.36254562 0.02043 26.5 0.0 
2 740 30.8685191869585 1558470.36254562 0.02043 26.5 0.0 
2 709 30.8787708948033 1558470.36254446 0.02043 26.5 0.0 
2 678 30.8890226026481 1558470.36254563 0.02043 26.5 0.0 
2 647 30.899274310493 1558470.36254562 0.02043 26.5 0.0 
2 616 30.9095260183378 1558470.36254446 0.02043 26.5 0.0 
2 585 30.9197777261826 1558470.36254562 0.02043 26.5 0.0 
2 554 30.9300294340274 1558470.36254562 0.02043 26.5 0.0 
2 523 30.9402811418723 1558470.36254446 0.02043 26.5 0.0 
2 483 30.9477034978973 698231.06914262 0.02043 26.5 0.0 
2 927 31.4981405461783 934462.350052176 0.02043 26.5 0.0 
2 928 31.4755051757108 1546373.04399086 0.02043 26.5 0.0 
2 929 31.4472866757526 1546373.04398969 0.02043 26.5 0.0 
2 930 31.4190681757943 1546373.04399086 0.02043 26.5 0.0 
2 931 31.390849675836 1546373.04399086 0.02043 26.5 0.0 
2 932 31.3626311758777 1546373.04399086 0.02043 26.5 0.0 
2 933 31.3344126759195 1546373.0439897 0.02043 26.5 0.0 
2 934 31.3061941759612 1546373.04399086 0.02043 26.5 0.0 
2 935 31.2779756760029 1546373.04399086 0.02043 26.5 0.0 
2 936 31.2497571760446 1546373.04399086 0.02043 26.5 0.0 
2 937 31.2215386760863 1546373.04399086 0.02043 26.5 0.0 
2 938 31.1933201761281 1546373.0439897 0.02043 26.5 0.0 
2 939 31.1651016761698 1546373.04399086 0.02043 26.5 0.0 
2 940 31.1368831762115 1546373.04399086 0.02043 26.5 0.0 
2 941 31.1086646762532 1546373.04399086 0.02043 26.5 0.0 
2 942 31.0881110464704 706303.682223875 0.02043 26.5 0.0 
2 435 31.6084466877349 698694.840145542 0.02043 26.5 0.0 
2 484 31.6034286603954 1558462.26128169 0.02043 26.5 0.0 
2 524 31.5964992302464 1558462.26128285 0.02043 26.5 0.0 
2 555 31.5895698000975 1558462.26128285 0.02043 26.5 0.0 
2 586 31.5826403699485 1558462.26128169 0.02043 26.5 0.0 
2 617 31.5757109397995 1558462.26128285 0.02043 26.5 0.0 
2 648 31.5687815096506 1558462.26128285 0.02043 26.5 0.0 
2 679 31.5618520795016 1558462.26128169 0.02043 26.5 0.0 
2 710 31.5549226493527 1558462.26128285 0.02043 26.5 0.0 
2 741 31.5479932192037 1558462.26128285 0.02043 26.5 0.0 
2 772 31.5410637890548 1558462.26128285 0.02043 26.5 0.0 
2 803 31.5341343589058 1558462.26128169 0.02043 26.5 0.0 
2 834 31.5272049287569 1558462.26128285 0.02043 26.5 0.0 
2 865 31.5202754986079 1558462.26128285 0.02043 26.5 0.0 
2 896 31.5133460684589 1558462.26128169 0.02043 26.5 0.0 
2 927 31.5082740100256 722998.547333626 0.02043 26.5 0.0 
2 16 31.1970354160974 707035.611006496 0.02043 26.5 0.0 
2 15 31.214146462246 1546397.73033443 0.02043 26.5 0.0 
2 14 31.2376310556816 1546397.73033444 0.02043 26.5 0.0 
2 13 31.2611156491172 1546397.73033443 0.02043 26.5 0.0 
2 12 31.2846002425528 1546397.73033327 0.02043 26.5 0.0 
2 11 31.3080848359883 1546397.73033444 0.02043 26.5 0.0 
2 10 31.3315694294239 1546397.73033443 0.02043 26.5 0.0 
2 9 31.3550540228595 1546397.73033444 0.02043 26.5 0.0 
2 8 31.3785386162951 1546397.73033443 0.02043 26.5 0.0 
2 7 31.4020232097307 1546397.73033327 0.02043 26.5 0.0 
2 6 31.4255078031662 1546397.73033444 0.02043 26.5 0.0 
2 5 31.4489923966018 1546397.73033443 0.02043 26.5 0.0 
2 4 31.4724769900374 1546397.73033443 0.02043 26.5 0.0 
2 3 31.495961583473 1546397.73033327 0.02043 26.5 0.0 
2 2 31.5194461769086 1546397.73033443 0.02043 26.5 0.0 
2 1 31.5372609034798 799706.562414698 0.02043 26.5 0.0 
2 483 30.9449695011697 860239.293403004 0.02043 26.5 0.0 
2 434 30.9308253947699 1558470.36254563 0.02043 26.5 0.0 
2 403 30.9125981796311 1558470.36254562 0.02043 26.5 0.0 
2 372 30.8943709644923 1558470.36254446 0.02043 26.5 0.0 
2 341 30.8761437493534 1558470.36254562 0.02043 26.5 0.0 
2 310 30.8579165342146 1558470.36254562 0.02043 26.5 0.0 
2 279 30.8396893190758 1558470.36254446 0.02043 26.5 0.0 
2 248 30.8214621039369 1558470.36254563 0.02043 26.5 0.0 
2 217 30.8032348887981 1558470.36254562 0.02043 26.5 0.0 
2 186 30.7850076736593 1558470.36254446 0.02043 26.5 0.0 
2 155 30.7667804585204 1558470.36254562 0.02043 26.5 0.0 
2 124 30.7485532433816 1558470.36254562 0.02043 26.5 0.0 
2 93 30.7303260282428 1558470.36254563 0.02043 26.5 0.0 
2 62 30.7120988131039 1558470.36254446 0.02043 26.5 0.0 
2 31 30.6964926027673 1110266.04025697 0.02043 26.5 0.0 
2 942 31.0765045470741 840069.361765821 0.02043 26.5 0.0 
2 943 31.0618401614173 1546373.04399086 0.02043 26.5 0.0 
2 944 31.0428356292889 1546373.04399086 0.02043 26.5 0.0 
2 945 31.0238310971606 1546373.04399086 0.02043 26.5 0.0 
2 946 31.0048265650323 1546373.0439897 0.02043 26.5 0.0 
2 947 30.9858220329039 1546373.04399086 0.02043 26.5 0.0 
2 948 30.9668175007756 1546373.04399086 0.02043 26.5 0.0 
2 949 30.9478129686472 1546373.04399086 0.02043 26.5 0.0 
2 950 30.9288084365189 1546373.04399086 0.02043 26.5 0.0 
2 951 30.9098039043905 1546373.0439897 0.02043 26.5 0.0 
2 952 30.8907993722622 1546373.04399086 0.02043 26.5 0.0 
2 953 30.8717948401339 1546373.04399086 0.02043 26.5 0.0 
2 954 30.8527903080055 1546373.04399086 0.02043 26.5 0.0 
2 955 30.8337857758772 1546373.0439897 0.02043 26.5 0.0 
2 956 30.8147812437488 1546373.04399086 0.02043 26.5 0.0 
2 957 30.8009728221757 700772.085034537 0.02043 26.5 0.0 
3 1 48.116045529575 838072.934824464 0.024 25.5 0.0 
3 32 48.1224575655955 1558462.26128169 0.024 25.5 0.0 
3 63 48.1307970351531 1558462.26128285 0.024 25.5 0.0 
3 94 48.1391365047108 1558462.26128285 0.024 25.5 0.0 
3 125 48.1474759742684 1558462.26128285 0.024 25.5 0.0 
3 156 48.1558154438261 1558462.26128169 0.024 25.5 0.0 
3 187 48.1641549133837 1558462.26128285 0.024 25.5 0.0 
3 218 48.1724943829414 1558462.26128285 0.024 25.5 0.0 
3 249 48.180833852499 1558462.26128169 0.024 25.5 0.0 
3 280 48.1891733220567 1558462.26128285 0.024 25.5 0.0 
3 311 48.1975127916143 1558462.26128285 0.024 25.5 0.0 
3 342 48.205852261172 1558462.26128169 0.024 25.5 0.0 
3 373 48.2141917307296 1558462.26128285 0.024 25.5 0.0 
3 404 48.2225312002873 1558462.26128285 0.024 25.5 0.0 
3 435 48.2290012808664 859767.421137307 0.024 25.5 0.0 
3 31 48.1736621165838 900786.691800257 0.024 25.5 0.0 
3 30 48.1700468016487 1546397.73033443 0.024 25.5 0.0 
3 29 48.1654777019441 1546397.73033327 0.024 25.5 0.0 
3 28 48.1609086022395 1546397.73033443 0.024 25.5 0.0 
3 27 48.1563395025349 1546397.73033444 0.024 25.5 0.0 
3 26 48.1517704028303 1546397.73033443 0.024 25.5 0.0 
3 25 48.1472013031257 1546397.73033327 0.024 25.5 0.0 
3 24 48.1426322034211 1546397.73033444 0.024 25.5 0.0 
3 23 48.1380631037165 1546397.73033443 0.024 25.5 0.0 
3 22 48.1334940040119 1546397.73033444 0.024 25.5 0.0 
3 21 48.1289249043073 1546397.73033443 0.024 25.5 0.0 
3 20 48.1243558046027 1546397.73033327 0.024 25.5 0.0 
3 19 48.1197867048981 1546397.73033444 0.024 25.5 0.0 
3 18 48.1152176051934 1546397.73033443 0.024 25.5 0.0 
3 17 48.1106485054888 1546397.73033443 0.024 25.5 0.0 
3 16 48.1071239353183 839362.119326778 0.024 25.5 0.0 
3 957 48.408237891929 793002.980710612 0.024 25.5 0.0 
3 926 48.4021573010372 1558470.36254446 0.024 25.5 0.0 
3 895 48.3940973153957 1558470.36254562 0.024 25.5 0.0 
3 864 48.3860373297541 1558470.36254562 0.024 25.5 0.0 
3 833 48.3779773441126 1558470.36254446 0.024 25.5 0.0 
3 802 48.369917358471 1558470.36254562 0.024 25.5 0.0 
3 771 48.3618573728294 1558470.36254562 0.024 25.5 0.0 
3 740 48.3537973871879 1558470.36254562 0.024 25.5 0.0 
3 709 48.3457374015463 1558470.36254446 0.024 25.5 0.0 
3 678 48.3376774159047 1558470.36254563 0.024 25.5 0.0 
3 647 48.3296174302632 1558470.36254562 0.024 25.5 0.0 
3 616 48.3215574446216 1558470.36254446 0.024 25.5 0.0 
3 585 48.31349745898 1558470.36254562 0.024 25.5 0.0 
3 554 48.3054374733385 1558470.36254562 0.024 25.5 0.0 
3 523 48.2973774876969 1558470.36254446 0.024 25.5 0.0 
3 483 48.2915419641047 698231.06914262 0.024 25.5 0.0 
3 927 48.3705043630138 934462.350052176 0.024 25.5 0.0 
3 928 48.3709178469656 1546373.04399086 0.024 25.5 0.0 
3 929 48.3714333188414 1546373.04398969 0.024 25.5 0.0 
3 930 48.3719487907172 1546373.04399086 0.024 25.5 0.0 
3 931 48.3724642625931 1546373.04399086 0.024 25.5 0.0 
3 932 48.3729797344689 1546373.04399086 0.024 25.5 0.0 
3 933 48.3734952063447 1546373.0439897 0.024 25.5 0.0 
3 934 48.3740106782206 1546373.04399086 0.024 25.5 0.0 
3 935 48.3745261500964 1546373.04399086 0.024 25.5 0.0 
3 936 48.3750416219722 1546373.04399086 0.024 25.5 0.0 
3 937 48.375557093848 1546373.04399086 0.024 25.5 0.0 
3 938 48.3760725657239 1546373.0439897 0.024 25.5 0.0 
3 939 48.3765880375997 1546373.04399086 0.024 25.5 0.0 
3 940 48.3771035094755 1546373.04399086 0.024 25.5 0.0 
3 941 48.3776189813514 1546373.04399086 0.024 25.5 0.0 
3 942 48.3779944378113 706303.682223875 0.024 25.5 0.0 
3 435 48.2333917885286 698694.840145542 0.024 25.5 0.0 
3 484 48.2401441264861 1558462.26128169 0.024 25.5 0.0 
3 524 48.2494684786772 1558462.26128285 0.024 25.5 0.0 
3 555 48.2587928308683 1558462.26128285 0.024 25.5 0.0 
3 586 48.2681171830593 1558462.26128169 0.024 25.5 0.0 
3 617 48.2774415352504 1558462.26128285 0.024 25.5 0.0 
3 648 48.2867658874415 1558462.26128285 0.024 25.5 0.0 
3 679 48.2960902396326 1558462.26128169 0.024 25.5 0.0 
3 710 48.3054145918237 1558462.26128285 0.024 25.5 0.0 
3 741 48.3147389440147 1558462.26128285 0.024 25.5 0.0 
3 772 48.3240632962058 1558462.26128285 0.024 25.5 0.0 
3 803 48.3333876483969 1558462.26128169 0.024 25.5 0.0 
3 834 48.342712000588 1558462.26128285 0.024 25.5 0.0 
3 865 48.3520363527791 1558462.26128285 0.024 25.5 0.0 
3 896 48.3613607049701 1558462.26128169 0.024 25.5 0.0 
3 927 48.3681857480328 722998.547333626 0.024 25.5 0.0 
3 16 48.1060048158785 707035.611006496 0.024 25.5 0.0 
3 15 48.1063901459333 1546397.73033443 0.024 25.5 0.0 
3 14 48.1069190042856 1546397.73033444 0.024 25.5 0.0 
3 13 48.107447862638 1546397.73033443 0.024 25.5 0.0 
3 12 48.1079767209904 1546397.73033327 0.024 25.5 0.0 
3 11 48.1085055793428 1546397.73033444 0.024 25.5 0.0 
3 10 48.1090344376952 1546397.73033443 0.024 25.5 0.0 
3 9 48.1095632960476 1546397.73033444 0.024 25.5 0.0 
3 8 48.1100921544 1546397.73033443 0.024 25.5 0.0 
3 7 48.1106210127524 1546397.73033327 0.024 25.5 0.0 
3 6 48.1111498711047 1546397.73033444 0.024 25.5 0.0 
3 5 48.1116787294571 1546397.73033443 0.024 25.5 0.0 
3 4 48.1122075878095 1546397.73033443 0.024 25.5 0.0 
3 3 48.1127364461619 1546397.73033327 0.024 25.5 0.0 
3 2 48.1132653045143 1546397.73033443 0.024 25.5 0.0 
3 1 48.1136664810119 799706.562414698 0.024 25.5 0.0 
3 483 48.2875163667855 860239.293403004 0.024 25.5 0.0 
3 434 48.2812742706183 1558470.36254563 0.024 25.5 0.0 
3 403 48.2732302113798 1558470.36254562 0.024 25.5 0.0 
3 372 48.2651861521412 1558470.36254446 0.024 25.5 0.0 
3 341 48.2571420929027 1558470.36254562 0.024 25.5 0.0 
3 310 48.2490980336641 1558470.36254562 0.024 25.5 0.0 
3 279 48.2410539744256 1558470.36254446 0.024 25.5 0.0 
3 248 48.233009915187 1558470.36254563 0.024 25.5 0.0 
3 217 48.2249658559485 1558470.36254562 0.024 25.5 0.0 
3 186 48.21692179671 1558470.36254446 0.024 25.5 0.0 
3 155 48.2088777374714 1558470.36254562 0.024 25.5 0.0 
3 124 48.2008336782329 1558470.36254562 0.024 25.5 0.0 
3 93 48.1927896189943 1558470.36254563 0.024 25.5 0.0 
3 62 48.1847455597558 1558470.36254446 0.024 25.5 0.0 
3 31 48.1778582059016 1110266.04025697 0.024 25.5 0.0 
3 942 48.3786949585864 840069.361765821 0.024 25.5 0.0 
3 943 48.3803505590656 1546373.04399086 0.024 25.5 0.0 
3 944 48.382496159518 1546373.04399086 0.024 25.5 0.0 
3 945 48.3846417599704 1546373.04399086 0.024 25.5 0.0 
3 946 48.3867873604228 1546373.0439897 0.024 25.5 0.0 
3 947 48.3889329608752 1546373.04399086 0.024 25.5 0.0 
3 948 48.3910785613275 1546373.04399086 0.024 25.5 0.0 
3 949 48.3932241617799 1546373.04399086 0.024 25.5 0.0 
3 950 48.3953697622323 1546373.04399086 0.024 25.5 0.0 
3 951 48.3975153626847 1546373.0439897 0.024 25.5 0.0 
3 952 48.3996609631371 1546373.04399086 0.024 25.5 0.0 
3 953 48.4018065635895 1546373.04399086 0.024 25.5 0.0 
3 954 48.4039521640419 1546373.04399086 0.024 25.5 0.0 
3 955 48.4060977644943 1546373.0439897 0.024 25.5 0.0 
3 956 48.4082433649467 1546373.04399086 0.024 25.5 0.0 
3 957 48.4098023275864 700772.085034537 0.024 25.5 0.0 
4 1 48.1796010996481 838072.934824464 0.0277 27 0.0 
4 32 48.1826520113486 1558462.26128169 0.0277 27 0.0 
4 63 48.1866200154535 1558462.26128285 0.0277 27 0.0 
4 94 48.1905880195583 1558462.26128285 0.0277 27 0.0 
4 125 48.1945560236631 1558462.26128285 0.0 0.0 0.0 
1 1 0.0 1.0 0.0277 27 0.0 
4 156 48.1985240277679 1558462.26128169 0.0 0.0 0.0 
1 1 0.0 1.0 0.0277 27 0.0 
4 187 48.2024920318728 1558462.26128285 0.0 0.0 0.0 
1 1 0.0 1.0 0.0277 27 0.0 
4 218 48.2064600359776 1558462.26128285 0.0 0.0 0.0 
1 1 0.0 1.0 0.0277 27 0.0 
4 249 48.2104280400824 1558462.26128169 0.0 0.0 0.0 
1 1 0.0 1.0 0.0277 27 0.0 
4 280 48.2143960441873 1558462.26128285 0.0 0.0 0.0 
1 1 0.0 1.0 0.0277 27 0.0 
4 311 48.2183640482921 1558462.26128285 0.0 0.0 0.0 
1 1 0.0 1.0 0.0277 27 0.0 
4 342 48.2223320523969 1558462.26128169 0.0 0.0 0.0 
1 1 0.0 1.0 0.0277 27 0.0 
4 373 48.2263000565018 1558462.26128285 0.0 0.0 0.0 
1 1 0.0 1.0 0.0277 27 0.0 
4 404 48.2302680606066 1558462.26128285 0.0 0.0 0.0 
1 1 0.0 1.0 0.0277 27 0.0 
4 435 48.2333465904962 859767.421137307 0.0 0.0 0.0 
1 1 0.0 1.0 0.0277 27 0.0 
4 31 48.2180036785102 900786.691800257 0.0 0.0 0.0 
1 1 0.0 1.0 0.0277 27 0.0 
4 30 48.2173251104743 1546397.73033443 0.0 0.0 0.0 
1 1 0.0 1.0 0.0277 27 0.0 
4 29 48.2164675240487 1546397.73033327 0.0 0.0 0.0 
1 1 0.0 1.0 0.0277 27 0.0 
4 28 48.2156099376231 1546397.73033443 0.0 0.0 0.0 
1 1 0.0 1.0 0.0277 27 0.0 
4 27 48.2147523511976 1546397.73033444 0.0 0.0 0.0 
1 1 0.0 1.0 0.0277 27 0.0 
4 26 48.213894764772 1546397.73033443 0.0 0.0 0.0 
1 1 0.0 1.0 0.0277 27 0.0 
4 25 48.2130371783465 1546397.73033327 0.0 0.0 0.0 
1 1 0.0 1.0 0.0277 27 0.0 
4 24 48.2121795919209 1546397.73033444 0.0 0.0 0.0 
1 1 0.0 1.0 0.0277 27 0.0 
4 23 48.2113220054953 1546397.73033443 0.0 0.0 0.0 
1 1 0.0 1.0 0.0277 27 0.0 
4 22 48.2104644190698 1546397.73033444 0.0 0.0 0.0 
1 1 0.0 1.0 0.0277 27 0.0 
4 21 48.2096068326442 1546397.73033443 0.0 0.0 0.0 
1 1 0.0 1.0 0.0277 27 0.0 
4 20 48.2087492462187 1546397.73033327 0.0 0.0 0.0 
1 1 0.0 1.0 0.0277 27 0.0 
4 19 48.2078916597931 1546397.73033444 0.0 0.0 0.0 
1 1 0.0 1.0 0.0277 27 0.0 
4 18 48.2070340733675 1546397.73033443 0.0 0.0 0.0 
1 1 0.0 1.0 0.0277 27 0.0 
4 17 48.206176486942 1546397.73033443 0.0 0.0 0.0 
1 1 0.0 1.0 0.0277 27 0.0 
4 16 48.2055149510313 839362.119326778 0.0 0.0 0.0 
1 1 0.0 1.0 0.0277 27 0.0 
4 957 48.3342676646481 793002.980710612 0.0 0.0 0.0 
1 1 0.0 1.0 0.0277 27 0.0 
4 926 48.3311090359279 1558470.36254446 0.0 0.0 0.0 
1 1 0.0 1.0 0.0277 27 0.0 
4 895 48.3269221891913 1558470.36254562 0.0 0.0 0.0 
1 1 0.0 1.0 0.0277 27 0.0 
4 864 48.3227353424547 1558470.36254562 0.0 0.0 0.0 
1 1 0.0 1.0 0.0277 27 0.0 
4 833 48.3185484957181 1558470.36254446 0.0 0.0 0.0 
1 1 0.0 1.0 0.0277 27 0.0 
4 802 48.3143616489815 1558470.36254562 0.0 0.0 0.0 
1 1 0.0 1.0 0.0277 27 0.0 
4 771 48.3101748022449 1558470.36254562 0.0 0.0 0.0 
1 1 0.0 1.0 0.0277 27 0.0 
4 740 48.3059879555083 1558470.36254562 0.0 0.0 0.0 
1 1 0.0 1.0 0.0277 27 0.0 
4 709 48.3018011087717 1558470.36254446 0.0 0.0 0.0 
1 1 0.0 1.0 0.0277 27 0.0 
4 678 48.2976142620351 1558470.36254563 0.0 0.0 0.0 
1 1 0.0 1.0 0.0277 27 0.0 
4 647 48.2934274152985 1558470.36254562 0.0 0.0 0.0 
1 1 0.0 1.0 0.0277 27 0.0 
4 616 48.2892405685619 1558470.36254446 0.0 0.0 0.0 
1 1 0.0 1.0 0.0277 27 0.0 
4 585 48.2850537218253 1558470.36254562 0.0 0.0 0.0 
1 1 0.0 1.0 0.0277 27 0.0 
4 554 48.2808668750887 1558470.36254562 0.0 0.0 0.0 
1 1 0.0 1.0 0.0277 27 0.0 
4 523 48.2766800283521 1558470.36254446 0.0 0.0 0.0 
1 1 0.0 1.0 0.0277 27 0.0 
4 483 48.2736487024919 698231.06914262 0.0 0.0 0.0 
1 1 0.0 1.0 0.0277 27 0.0 
4 927 48.2895722858905 934462.350052176 0.0 0.0 0.0 
1 1 0.0 1.0 0.0277 27 0.0 
4 928 48.2907872740192 1546373.04399086 0.0 0.0 0.0 
1 1 0.0 1.0 0.0277 27 0.0 
4 929 48.2923019451621 1546373.04398969 0.0 0.0 0.0 
1 1 0.0 1.0 0.0277 27 0.0 
4 930 48.2938166163051 1546373.04399086 0.0 0.0 0.0 
1 1 0.0 1.0 0.0277 27 0.0 
4 931 48.295331287448 1546373.04399086 0.0 0.0 0.0 
1 1 0.0 1.0 0.0277 27 0.0 
4 932 48.296845958591 1546373.04399086 0.0 0.0 0.0 
1 1 0.0 1.0 0.0277 27 0.0 
4 933 48.298360629734 1546373.0439897 0.0 0.0 0.0 
1 1 0.0 1.0 0.0277 27 0.0 
4 934 48.2998753008769 1546373.04399086 0.0 0.0 0.0 
1 1 0.0 1.0 0.0277 27 0.0 
4 935 48.3013899720199 1546373.04399086 0.0 0.0 0.0 
1 1 0.0 1.0 0.0277 27 0.0 
4 936 48.3029046431629 1546373.04399086 0.0 0.0 0.0 
1 1 0.0 1.0 0.0277 27 0.0 
4 937 48.3044193143058 1546373.04399086 0.0 0.0 0.0 
1 1 0.0 1.0 0.0277 27 0.0 
4 938 48.3059339854488 1546373.0439897 0.0 0.0 0.0 
1 1 0.0 1.0 0.0277 27 0.0 
4 939 48.3074486565918 1546373.04399086 0.0 0.0 0.0 
1 1 0.0 1.0 0.0277 27 0.0 
4 940 48.3089633277347 1546373.04399086 0.0 0.0 0.0 
1 1 0.0 1.0 0.0277 27 0.0 
4 941 48.3104779988777 1546373.04399086 0.0 0.0 0.0 
1 1 0.0 1.0 0.0277 27 0.0 
4 942 48.3115812463913 706303.682223875 0.0 0.0 0.0 
1 1 0.0 1.0 0.0277 27 0.0 
4 435 48.2352629735729 698694.840145542 0.0 0.0 0.0 
1 1 0.0 1.0 0.0277 27 0.0 
4 484 48.2379180044731 1558462.26128169 0.0 0.0 0.0 
1 1 0.0 1.0 0.0277 27 0.0 
4 524 48.2415843557943 1558462.26128285 0.0 0.0 0.0 
1 1 0.0 1.0 0.0277 27 0.0 
4 555 48.2452507071155 1558462.26128285 0.0 0.0 0.0 
1 1 0.0 1.0 0.0277 27 0.0 
4 586 48.2489170584367 1558462.26128169 0.0 0.0 0.0 
1 1 0.0 1.0 0.0277 27 0.0 
4 617 48.2525834097579 1558462.26128285 0.0 0.0 0.0 
1 1 0.0 1.0 0.0277 27 0.0 
4 648 48.2562497610791 1558462.26128285 0.0 0.0 0.0 
1 1 0.0 1.0 0.0277 27 0.0 
4 679 48.2599161124003 1558462.26128169 0.0 0.0 0.0 
1 1 0.0 1.0 0.0277 27 0.0 
4 710 48.2635824637215 1558462.26128285 0.0 0.0 0.0 
1 1 0.0 1.0 0.0277 27 0.0 
4 741 48.2672488150427 1558462.26128285 0.0 0.0 0.0 
1 1 0.0 1.0 0.0277 27 0.0 
4 772 48.2709151663639 1558462.26128285 0.0 0.0 0.0 
1 1 0.0 1.0 0.0277 27 0.0 
4 803 48.2745815176851 1558462.26128169 0.0 0.0 0.0 
1 1 0.0 1.0 0.0277 27 0.0 
4 834 48.2782478690063 1558462.26128285 0.0 0.0 0.0 
1 1 0.0 1.0 0.0277 27 0.0 
4 865 48.2819142203275 1558462.26128285 0.0 0.0 0.0 
1 1 0.0 1.0 0.0277 27 0.0 
4 896 48.2855805716487 1558462.26128169 0.0 0.0 0.0 
1 1 0.0 1.0 0.0277 27 0.0 
4 927 48.2882641903213 722998.547333626 0.0 0.0 0.0 
1 1 0.0 1.0 0.0277 27 0.0 
4 16 48.2048738574095 707035.611006496 0.0 0.0 0.0 
1 1 0.0 1.0 0.0277 27 0.0 
4 15 48.2035723789941 1546397.73033443 0.0 0.0 0.0 
1 1 0.0 1.0 0.0277 27 0.0 
4 14 48.2017861240109 1546397.73033444 0.0 0.0 0.0 
1 1 0.0 1.0 0.0277 27 0.0 
4 13 48.1999998690277 1546397.73033443 0.0 0.0 0.0 
1 1 0.0 1.0 0.0277 27 0.0 
4 12 48.1982136140445 1546397.73033327 0.0 0.0 0.0 
1 1 0.0 1.0 0.0277 27 0.0 
4 11 48.1964273590612 1546397.73033444 0.0 0.0 0.0 
1 1 0.0 1.0 0.0277 27 0.0 
4 10 48.194641104078 1546397.73033443 0.0 0.0 0.0 
1 1 0.0 1.0 0.0277 27 0.0 
4 9 48.1928548490948 1546397.73033444 0.0 0.0 0.0 
1 1 0.0 1.0 0.0277 27 0.0 
4 8 48.1910685941116 1546397.73033443 0.0 0.0 0.0 
1 1 0.0 1.0 0.0277 27 0.0 
4 7 48.1892823391284 1546397.73033327 0.0 0.0 0.0 
1 1 0.0 1.0 0.0277 27 0.0 
4 6 48.1874960841452 1546397.73033444 0.0 0.0 0.0 
1 1 0.0 1.0 0.0277 27 0.0 
4 5 48.1857098291619 1546397.73033443 0.0 0.0 0.0 
1 1 0.0 1.0 0.0277 27 0.0 
4 4 48.1839235741787 1546397.73033443 0.0 0.0 0.0 
1 1 0.0 1.0 0.0277 27 0.0 
4 3 48.1821373191955 1546397.73033327 0.0 0.0 0.0 
1 1 0.0 1.0 0.0277 27 0.0 
4 2 48.1803510642123 1546397.73033443 0.0 0.0 0.0 
1 1 0.0 1.0 0.0277 27 0.0 
4 1 48.1789960633603 799706.562414698 0.0 0.0 0.0 
1 1 0.0 1.0 0.0277 27 0.0 
4 483 48.2716571553127 860239.293403004 0.0 0.0 0.0 
1 1 0.0 1.0 0.0277 27 0.0 
4 434 48.2686946533684 1558470.36254563 0.0 0.0 0.0 
1 1 0.0 1.0 0.0277 27 0.0 
4 403 48.2648769388546 1558470.36254562 0.0 0.0 0.0 
1 1 0.0 1.0 0.0277 27 0.0 
4 372 48.2610592243409 1558470.36254446 0.0 0.0 0.0 
1 1 0.0 1.0 0.0277 27 0.0 
4 341 48.2572415098271 1558470.36254562 0.0 0.0 0.0 
1 1 0.0 1.0 0.0277 27 0.0 
4 310 48.2534237953133 1558470.36254562 0.0 0.0 0.0 
1 1 0.0 1.0 0.0277 27 0.0 
4 279 48.2496060807995 1558470.36254446 0.0 0.0 0.0 
1 1 0.0 1.0 0.0277 27 0.0 
4 248 48.2457883662857 1558470.36254563 0.0 0.0 0.0 
1 1 0.0 1.0 0.0277 27 0.0 
4 217 48.2419706517719 1558470.36254562 0.0 0.0 0.0 
1 1 0.0 1.0 0.0277 27 0.0 
4 186 48.2381529372582 1558470.36254446 0.0 0.0 0.0 
1 1 0.0 1.0 0.0277 27 0.0 
4 155 48.2343352227444 1558470.36254562 0.0 0.0 0.0 
1 1 0.0 1.0 0.0277 27 0.0 
4 124 48.2305175082306 1558470.36254562 0.0 0.0 0.0 
1 1 0.0 1.0 0.0277 27 0.0 
4 93 48.2266997937168 1558470.36254563 0.0 0.0 0.0 
1 1 0.0 1.0 0.0277 27 0.0 
4 62 48.222882079203 1558470.36254446 0.0 0.0 0.0 
1 1 0.0 1.0 0.0277 27 0.0 
4 31 48.2196133376397 1110266.04025697 0.0 0.0 0.0 
1 1 0.0 1.0 0.0277 27 0.0 
4 942 48.3123510989747 840069.361765821 0.0 0.0 0.0 
1 1 0.0 1.0 0.0277 27 0.0 
4 943 48.3135554161061 1546373.04399086 0.0 0.0 0.0 
1 1 0.0 1.0 0.0277 27 0.0 
4 944 48.3151161690863 1546373.04399086 0.0 0.0 0.0 
1 1 0.0 1.0 0.0277 27 0.0 
4 945 48.3166769220665 1546373.04399086 0.0 0.0 0.0 
1 1 0.0 1.0 0.0277 27 0.0 
4 946 48.3182376750466 1546373.0439897 0.0 0.0 0.0 
1 1 0.0 1.0 0.0277 27 0.0 
4 947 48.3197984280268 1546373.04399086 0.0 0.0 0.0 
1 1 0.0 1.0 0.0277 27 0.0 
4 948 48.321359181007 1546373.04399086 0.0 0.0 0.0 
1 1 0.0 1.0 0.0277 27 0.0 
4 949 48.3229199339872 1546373.04399086 0.0 0.0 0.0 
1 1 0.0 1.0 0.0277 27 0.0 
4 950 48.3244806869674 1546373.04399086 0.0 0.0 0.0 
1 1 0.0 1.0 0.0277 27 0.0 
4 951 48.3260414399476 1546373.0439897 0.0 0.0 0.0 
1 1 0.0 1.0 0.0277 27 0.0 
4 952 48.3276021929278 1546373.04399086 0.0 0.0 0.0 
1 1 0.0 1.0 0.0277 27 0.0 
4 953 48.329162945908 1546373.04399086 0.0 0.0 0.0 
1 1 0.0 1.0 0.0277 27 0.0 
4 954 48.3307236988882 1546373.04399086 0.0 0.0 0.0 
1 1 0.0 1.0 0.0277 27 0.0 
4 955 48.3322844518684 1546373.0439897 0.0 0.0 0.0 
1 1 0.0 1.0 0.0277 27 0.0 
4 956 48.3338452048486 1546373.04399086 0.0 0.0 0.0 
1 1 0.0 1.0 0.0277 27 0.0 
4 957 48.3349792256694 700772.085034537 0.0 0.0 0.0 
1 1 0.0 1.0 0.0277 27 0.0 
