2 1 30.4405258526919 838072.934824464 0.02043 26.5 0.0 
2 32 30.443618224273 1558462.26128169 0.02043 26.5 0.0 
2 63 30.4476401509401 1558462.26128285 0.02043 26.5 0.0 
2 94 30.4516620776072 1558462.26128285 0.02043 26.5 0.0 
2 125 30.4556840042744 1558462.26128285 0.02043 26.5 0.0 
2 156 30.4597059309415 1558462.26128169 0.02043 26.5 0.0 
2 187 30.4637278576086 1558462.26128285 0.02043 26.5 0.0 
2 218 30.4677497842757 1558462.26128285 0.02043 26.5 0.0 
2 249 30.4717717109428 1558462.26128169 0.02043 26.5 0.0 
2 280 30.47579363761 1558462.26128285 0.02043 26.5 0.0 
2 311 30.4798155642771 1558462.26128285 0.02043 26.5 0.0 
2 342 30.4838374909442 1558462.26128169 0.02043 26.5 0.0 
2 373 30.4878594176113 1558462.26128285 0.02043 26.5 0.0 
2 404 30.4918813442784 1558462.26128285 0.02043 26.5 0.0 
2 435 30.4950017093615 859767.421137307 0.02043 26.5 0.0 
2 31 29.6228938443608 900786.691800257 0.02043 26.5 0.0 
2 30 29.6493701635288 1546397.73033443 0.02043 26.5 0.0 
2 29 29.6828314094396 1546397.73033327 0.02043 26.5 0.0 
2 28 29.7162926553504 1546397.73033443 0.02043 26.5 0.0 
2 27 29.7497539012612 1546397.73033444 0.02043 26.5 0.0 
2 26 29.783215147172 1546397.73033443 0.02043 26.5 0.0 
2 25 29.8166763930828 1546397.73033327 0.02043 26.5 0.0 
2 24 29.8501376389936 1546397.73033444 0.02043 26.5 0.0 
2 23 29.8835988849044 1546397.73033443 0.02043 26.5 0.0 
2 22 29.9170601308152 1546397.73033444 0.02043 26.5 0.0 
2 21 29.950521376726 1546397.73033443 0.02043 26.5 0.0 
2 20 29.9839826226368 1546397.73033327 0.02043 26.5 0.0 
2 19 30.0174438685476 1546397.73033444 0.02043 26.5 0.0 
2 18 30.0509051144584 1546397.73033443 0.02043 26.5 0.0 
2 17 30.0843663603692 1546397.73033443 0.02043 26.5 0.0 
2 16 30.110178121292 839362.119326778 0.02043 26.5 0.0 
2 957 30.5167686645447 793002.980710612 0.02043 26.5 0.0 
2 926 30.4868692231244 1558470.36254446 0.02043 26.5 0.0 
2 895 30.4472367148982 1558470.36254562 0.02043 26.5 0.0 
2 864 30.407604206672 1558470.36254562 0.02043 26.5 0.0 
2 833 30.3679716984458 1558470.36254446 0.02043 26.5 0.0 
2 802 30.3283391902196 1558470.36254562 0.02043 26.5 0.0 
2 771 30.2887066819934 1558470.36254562 0.02043 26.5 0.0 
2 740 30.2490741737672 1558470.36254562 0.02043 26.5 0.0 
2 709 30.209441665541 1558470.36254446 0.02043 26.5 0.0 
2 678 30.1698091573148 1558470.36254563 0.02043 26.5 0.0 
2 647 30.1301766490886 1558470.36254562 0.02043 26.5 0.0 
2 616 30.0905441408624 1558470.36254446 0.02043 26.5 0.0 
2 585 30.0509116326362 1558470.36254562 0.02043 26.5 0.0 
2 554 30.01127912441 1558470.36254562 0.02043 26.5 0.0 
2 523 29.9716466161838 1558470.36254446 0.02043 26.5 0.0 
2 483 29.9429522180724 698231.06914262 0.02043 26.5 0.0 
2 927 30.3980496447018 934462.350052176 0.02043 26.5 0.0 
2 928 30.3800892919257 1546373.04399086 0.02043 26.5 0.0 
2 929 30.3576989265993 1546373.04398969 0.02043 26.5 0.0 
2 930 30.335308561273 1546373.04399086 0.02043 26.5 0.0 
2 931 30.3129181959466 1546373.04399086 0.02043 26.5 0.0 
2 932 30.2905278306202 1546373.04399086 0.02043 26.5 0.0 
2 933 30.2681374652938 1546373.0439897 0.02043 26.5 0.0 
2 934 30.2457470999675 1546373.04399086 0.02043 26.5 0.0 
2 935 30.2233567346411 1546373.04399086 0.02043 26.5 0.0 
2 936 30.2009663693147 1546373.04399086 0.02043 26.5 0.0 
2 937 30.1785760039883 1546373.04399086 0.02043 26.5 0.0 
2 938 30.156185638662 1546373.0439897 0.02043 26.5 0.0 
2 939 30.1337952733356 1546373.04399086 0.02043 26.5 0.0 
2 940 30.1114049080092 1546373.04399086 0.02043 26.5 0.0 
2 941 30.0890145426828 1546373.04399086 0.02043 26.5 0.0 
2 942 30.0727059763061 706303.682223875 0.02043 26.5 0.0 
2 435 30.4947387402389 698694.840145542 0.02043 26.5 0.0 
2 484 30.4903052501343 1558462.26128169 0.02043 26.5 0.0 
2 524 30.4841830116693 1558462.26128285 0.02043 26.5 0.0 
2 555 30.4780607732044 1558462.26128285 0.02043 26.5 0.0 
2 586 30.4719385347394 1558462.26128169 0.02043 26.5 0.0 
2 617 30.4658162962745 1558462.26128285 0.02043 26.5 0.0 
2 648 30.4596940578096 1558462.26128285 0.02043 26.5 0.0 
2 679 30.4535718193446 1558462.26128169 0.02043 26.5 0.0 
2 710 30.4474495808797 1558462.26128285 0.02043 26.5 0.0 
2 741 30.4413273424148 1558462.26128285 0.02043 26.5 0.0 
2 772 30.4352051039498 1558462.26128285 0.02043 26.5 0.0 
2 803 30.4290828654849 1558462.26128169 0.02043 26.5 0.0 
2 834 30.4229606270199 1558462.26128285 0.02043 26.5 0.0 
2 865 30.416838388555 1558462.26128285 0.02043 26.5 0.0 
2 896 30.4107161500901 1558462.26128169 0.02043 26.5 0.0 
2 927 30.4062349228362 722998.547333626 0.02043 26.5 0.0 
2 16 30.1241473939437 707035.611006496 0.02043 26.5 0.0 
2 15 30.139726645545 1546397.73033443 0.02043 26.5 0.0 
2 14 30.1611088793787 1546397.73033444 0.02043 26.5 0.0 
2 13 30.1824911132124 1546397.73033443 0.02043 26.5 0.0 
2 12 30.203873347046 1546397.73033327 0.02043 26.5 0.0 
2 11 30.2252555808797 1546397.73033444 0.02043 26.5 0.0 
2 10 30.2466378147133 1546397.73033443 0.02043 26.5 0.0 
2 9 30.268020048547 1546397.73033444 0.02043 26.5 0.0 
2 8 30.2894022823807 1546397.73033443 0.02043 26.5 0.0 
2 7 30.3107845162143 1546397.73033327 0.02043 26.5 0.0 
2 6 30.332166750048 1546397.73033444 0.02043 26.5 0.0 
2 5 30.3535489838816 1546397.73033443 0.02043 26.5 0.0 
2 4 30.3749312177153 1546397.73033443 0.02043 26.5 0.0 
2 3 30.396313451549 1546397.73033327 0.02043 26.5 0.0 
2 2 30.4176956853826 1546397.73033443 0.02043 26.5 0.0 
2 1 30.4339156233719 799706.562414698 0.02043 26.5 0.0 
2 483 29.9278647760164 860239.293403004 0.02043 26.5 0.0 
2 434 29.9104062743136 1558470.36254563 0.02043 26.5 0.0 
2 403 29.8879078670233 1558470.36254562 0.02043 26.5 0.0 
2 372 29.865409459733 1558470.36254446 0.02043 26.5 0.0 
2 341 29.8429110524427 1558470.36254562 0.02043 26.5 0.0 
2 310 29.8204126451524 1558470.36254562 0.02043 26.5 0.0 
2 279 29.797914237862 1558470.36254446 0.02043 26.5 0.0 
2 248 29.7754158305717 1558470.36254563 0.02043 26.5 0.0 
2 217 29.7529174232814 1558470.36254562 0.02043 26.5 0.0 
2 186 29.7304190159911 1558470.36254446 0.02043 26.5 0.0 
2 155 29.7079206087008 1558470.36254562 0.02043 26.5 0.0 
2 124 29.6854222014105 1558470.36254562 0.02043 26.5 0.0 
2 93 29.6629237941202 1558470.36254563 0.02043 26.5 0.0 
2 62 29.6404253868298 1558470.36254446 0.02043 26.5 0.0 
2 31 29.6211621656664 1110266.04025697 0.02043 26.5 0.0 
2 942 30.075911017927 840069.361765821 0.02043 26.5 0.0 
2 943 30.0995417368541 1546373.04399086 0.02043 26.5 0.0 
2 944 30.1301663240395 1546373.04399086 0.02043 26.5 0.0 
2 945 30.1607909112249 1546373.04399086 0.02043 26.5 0.0 
2 946 30.1914154984102 1546373.0439897 0.02043 26.5 0.0 
2 947 30.2220400855956 1546373.04399086 0.02043 26.5 0.0 
2 948 30.252664672781 1546373.04399086 0.02043 26.5 0.0 
2 949 30.2832892599663 1546373.04399086 0.02043 26.5 0.0 
2 950 30.3139138471517 1546373.04399086 0.02043 26.5 0.0 
2 951 30.3445384343371 1546373.0439897 0.02043 26.5 0.0 
2 952 30.3751630215225 1546373.04399086 0.02043 26.5 0.0 
2 953 30.4057876087078 1546373.04399086 0.02043 26.5 0.0 
2 954 30.4364121958932 1546373.04399086 0.02043 26.5 0.0 
2 955 30.4670367830786 1546373.0439897 0.02043 26.5 0.0 
2 956 30.497661370264 1546373.04399086 0.02043 26.5 0.0 
2 957 30.5199127578542 700772.085034537 0.02043 26.5 0.0 
3 1 47.3617281922544 838072.934824464 0.024 25.5 0.0 
3 32 47.3680591716576 1558462.26128169 0.024 25.5 0.0 
3 63 47.3762932192883 1558462.26128285 0.024 25.5 0.0 
3 94 47.3845272669191 1558462.26128285 0.024 25.5 0.0 
3 125 47.3927613145499 1558462.26128285 0.024 25.5 0.0 
3 156 47.4009953621806 1558462.26128169 0.024 25.5 0.0 
3 187 47.4092294098114 1558462.26128285 0.024 25.5 0.0 
3 218 47.4174634574421 1558462.26128285 0.024 25.5 0.0 
3 249 47.4256975050729 1558462.26128169 0.024 25.5 0.0 
3 280 47.4339315527036 1558462.26128285 0.024 25.5 0.0 
3 311 47.4421656003344 1558462.26128285 0.024 25.5 0.0 
3 342 47.4503996479651 1558462.26128169 0.024 25.5 0.0 
3 373 47.4586336955959 1558462.26128285 0.024 25.5 0.0 
3 404 47.4668677432267 1558462.26128285 0.024 25.5 0.0 
3 435 47.4732560334284 859767.421137307 0.024 25.5 0.0 
3 31 47.4792760760092 900786.691800257 0.024 25.5 0.0 
3 30 47.4724693470634 1546397.73033443 0.024 25.5 0.0 
3 29 47.4638668812275 1546397.73033327 0.024 25.5 0.0 
3 28 47.4552644153916 1546397.73033443 0.024 25.5 0.0 
3 27 47.4466619495557 1546397.73033444 0.024 25.5 0.0 
3 26 47.4380594837197 1546397.73033443 0.024 25.5 0.0 
3 25 47.4294570178838 1546397.73033327 0.024 25.5 0.0 
3 24 47.4208545520479 1546397.73033444 0.024 25.5 0.0 
3 23 47.412252086212 1546397.73033443 0.024 25.5 0.0 
3 22 47.4036496203761 1546397.73033444 0.024 25.5 0.0 
3 21 47.3950471545402 1546397.73033443 0.024 25.5 0.0 
3 20 47.3864446887043 1546397.73033327 0.024 25.5 0.0 
3 19 47.3778422228683 1546397.73033444 0.024 25.5 0.0 
3 18 47.3692397570324 1546397.73033443 0.024 25.5 0.0 
3 17 47.3606372911965 1546397.73033443 0.024 25.5 0.0 
3 16 47.3540014118245 839362.119326778 0.024 25.5 0.0 
3 957 47.7616470790456 793002.980710612 0.024 25.5 0.0 
3 926 47.7529265293594 1558470.36254446 0.024 25.5 0.0 
3 895 47.7413672078215 1558470.36254562 0.024 25.5 0.0 
3 864 47.7298078862837 1558470.36254562 0.024 25.5 0.0 
3 833 47.7182485647459 1558470.36254446 0.024 25.5 0.0 
3 802 47.7066892432081 1558470.36254562 0.024 25.5 0.0 
3 771 47.6951299216703 1558470.36254562 0.024 25.5 0.0 
3 740 47.6835706001325 1558470.36254562 0.024 25.5 0.0 
3 709 47.6720112785947 1558470.36254446 0.024 25.5 0.0 
3 678 47.6604519570569 1558470.36254563 0.024 25.5 0.0 
3 647 47.6488926355191 1558470.36254562 0.024 25.5 0.0 
3 616 47.6373333139813 1558470.36254446 0.024 25.5 0.0 
3 585 47.6257739924435 1558470.36254562 0.024 25.5 0.0 
3 554 47.6142146709057 1558470.36254562 0.024 25.5 0.0 
3 523 47.6026553493679 1558470.36254446 0.024 25.5 0.0 
3 483 47.594286265781 698231.06914262 0.024 25.5 0.0 
3 927 47.6642927610956 934462.350052176 0.024 25.5 0.0 
3 928 47.6646724553214 1546373.04399086 0.024 25.5 0.0 
3 929 47.6651458030632 1546373.04398969 0.024 25.5 0.0 
3 930 47.6656191508049 1546373.04399086 0.024 25.5 0.0 
3 931 47.6660924985466 1546373.04399086 0.024 25.5 0.0 
3 932 47.6665658462884 1546373.04399086 0.024 25.5 0.0 
3 933 47.6670391940301 1546373.0439897 0.024 25.5 0.0 
3 934 47.6675125417718 1546373.04399086 0.024 25.5 0.0 
3 935 47.6679858895136 1546373.04399086 0.024 25.5 0.0 
3 936 47.6684592372553 1546373.04399086 0.024 25.5 0.0 
3 937 47.668932584997 1546373.04399086 0.024 25.5 0.0 
3 938 47.6694059327388 1546373.0439897 0.024 25.5 0.0 
3 939 47.6698792804805 1546373.04399086 0.024 25.5 0.0 
3 940 47.6703526282222 1546373.04399086 0.024 25.5 0.0 
3 941 47.670825975964 1546373.04399086 0.024 25.5 0.0 
3 942 47.6711707502878 706303.682223875 0.024 25.5 0.0 
3 435 47.478362682566 698694.840145542 0.024 25.5 0.0 
3 484 47.4875224815862 1558462.26128169 0.024 25.5 0.0 
3 524 47.5001713141242 1558462.26128285 0.024 25.5 0.0 
3 555 47.5128201466621 1558462.26128285 0.024 25.5 0.0 
3 586 47.5254689792001 1558462.26128169 0.024 25.5 0.0 
3 617 47.538117811738 1558462.26128285 0.024 25.5 0.0 
3 648 47.550766644276 1558462.26128285 0.024 25.5 0.0 
3 679 47.5634154768139 1558462.26128169 0.024 25.5 0.0 
3 710 47.5760643093519 1558462.26128285 0.024 25.5 0.0 
3 741 47.5887131418898 1558462.26128285 0.024 25.5 0.0 
3 772 47.6013619744278 1558462.26128285 0.024 25.5 0.0 
3 803 47.6140108069657 1558462.26128169 0.024 25.5 0.0 
3 834 47.6266596395037 1558462.26128285 0.024 25.5 0.0 
3 865 47.6393084720416 1558462.26128285 0.024 25.5 0.0 
3 896 47.6519573045796 1558462.26128169 0.024 25.5 0.0 
3 927 47.6612157307947 722998.547333626 0.024 25.5 0.0 
3 16 47.3517865694663 707035.611006496 0.024 25.5 0.0 
3 15 47.3521684039028 1546397.73033443 0.024 25.5 0.0 
3 14 47.352692464584 1546397.73033444 0.024 25.5 0.0 
3 13 47.3532165252652 1546397.73033443 0.024 25.5 0.0 
3 12 47.3537405859464 1546397.73033327 0.024 25.5 0.0 
3 11 47.3542646466276 1546397.73033444 0.024 25.5 0.0 
3 10 47.3547887073088 1546397.73033443 0.024 25.5 0.0 
3 9 47.35531276799 1546397.73033444 0.024 25.5 0.0 
3 8 47.3558368286712 1546397.73033443 0.024 25.5 0.0 
3 7 47.3563608893524 1546397.73033327 0.024 25.5 0.0 
3 6 47.3568849500336 1546397.73033444 0.024 25.5 0.0 
3 5 47.3574090107148 1546397.73033443 0.024 25.5 0.0 
3 4 47.357933071396 1546397.73033443 0.024 25.5 0.0 
3 3 47.3584571320772 1546397.73033327 0.024 25.5 0.0 
3 2 47.3589811927584 1546397.73033443 0.024 25.5 0.0 
3 1 47.3593787298829 799706.562414698 0.024 25.5 0.0 
3 483 47.5895701943406 860239.293403004 0.024 25.5 0.0 
3 434 47.5835907586216 1558470.36254563 0.024 25.5 0.0 
3 403 47.5758851844285 1558470.36254562 0.024 25.5 0.0 
3 372 47.5681796102353 1558470.36254446 0.024 25.5 0.0 
3 341 47.5604740360422 1558470.36254562 0.024 25.5 0.0 
3 310 47.5527684618491 1558470.36254562 0.024 25.5 0.0 
3 279 47.545062887656 1558470.36254446 0.024 25.5 0.0 
3 248 47.5373573134629 1558470.36254563 0.024 25.5 0.0 
3 217 47.5296517392698 1558470.36254562 0.024 25.5 0.0 
3 186 47.5219461650767 1558470.36254446 0.024 25.5 0.0 
3 155 47.5142405908836 1558470.36254562 0.024 25.5 0.0 
3 124 47.5065350166904 1558470.36254562 0.024 25.5 0.0 
3 93 47.4988294424973 1558470.36254563 0.024 25.5 0.0 
3 62 47.4911238683042 1558470.36254446 0.024 25.5 0.0 
3 31 47.4845263266223 1110266.04025697 0.024 25.5 0.0 
3 942 47.6729689308186 840069.361765821 0.024 25.5 0.0 
3 943 47.6777700567142 1546373.04399086 0.024 25.5 0.0 
3 944 47.6839921483497 1546373.04399086 0.024 25.5 0.0 
3 945 47.6902142399852 1546373.04399086 0.024 25.5 0.0 
3 946 47.6964363316207 1546373.0439897 0.024 25.5 0.0 
3 947 47.7026584232562 1546373.04399086 0.024 25.5 0.0 
3 948 47.7088805148916 1546373.04399086 0.024 25.5 0.0 
3 949 47.7151026065271 1546373.04399086 0.024 25.5 0.0 
3 950 47.7213246981626 1546373.04399086 0.024 25.5 0.0 
3 951 47.7275467897981 1546373.0439897 0.024 25.5 0.0 
3 952 47.7337688814336 1546373.04399086 0.024 25.5 0.0 
3 953 47.7399909730691 1546373.04399086 0.024 25.5 0.0 
3 954 47.7462130647046 1546373.04399086 0.024 25.5 0.0 
3 955 47.7524351563401 1546373.0439897 0.024 25.5 0.0 
3 956 47.7586572479756 1546373.04399086 0.024 25.5 0.0 
3 957 47.7631781308782 700772.085034537 0.024 25.5 0.0 
4 1 47.4582209552195 838072.934824464 0.0277 27 0.0 
4 32 47.4614082783833 1558462.26128169 0.0277 27 0.0 
4 63 47.4655536987162 1558462.26128285 0.0277 27 0.0 
4 94 47.469699119049 1558462.26128285 0.0277 27 0.0 
4 125 47.4738445393819 1558462.26128285 0.0 0.0 0.0 
1 1 0.0 1.0 0.0277 27 0.0 
4 156 47.4779899597148 1558462.26128169 0.0 0.0 0.0 
1 1 0.0 1.0 0.0277 27 0.0 
4 187 47.4821353800477 1558462.26128285 0.0 0.0 0.0 
1 1 0.0 1.0 0.0277 27 0.0 
4 218 47.4862808003806 1558462.26128285 0.0 0.0 0.0 
1 1 0.0 1.0 0.0277 27 0.0 
4 249 47.4904262207134 1558462.26128169 0.0 0.0 0.0 
1 1 0.0 1.0 0.0277 27 0.0 
4 280 47.4945716410463 1558462.26128285 0.0 0.0 0.0 
1 1 0.0 1.0 0.0277 27 0.0 
4 311 47.4987170613792 1558462.26128285 0.0 0.0 0.0 
1 1 0.0 1.0 0.0277 27 0.0 
4 342 47.5028624817121 1558462.26128169 0.0 0.0 0.0 
1 1 0.0 1.0 0.0277 27 0.0 
4 373 47.507007902045 1558462.26128285 0.0 0.0 0.0 
1 1 0.0 1.0 0.0277 27 0.0 
4 404 47.5111533223778 1558462.26128285 0.0 0.0 0.0 
1 1 0.0 1.0 0.0277 27 0.0 
4 435 47.514369498587 859767.421137307 0.0 0.0 0.0 
1 1 0.0 1.0 0.0277 27 0.0 
4 31 47.5545455707269 900786.691800257 0.0 0.0 0.0 
1 1 0.0 1.0 0.0277 27 0.0 
4 30 47.5511492054284 1546397.73033443 0.0 0.0 0.0 
1 1 0.0 1.0 0.0277 27 0.0 
4 29 47.5468568181922 1546397.73033327 0.0 0.0 0.0 
1 1 0.0 1.0 0.0277 27 0.0 
4 28 47.542564430956 1546397.73033443 0.0 0.0 0.0 
1 1 0.0 1.0 0.0277 27 0.0 
4 27 47.5382720437198 1546397.73033444 0.0 0.0 0.0 
1 1 0.0 1.0 0.0277 27 0.0 
4 26 47.5339796564836 1546397.73033443 0.0 0.0 0.0 
1 1 0.0 1.0 0.0277 27 0.0 
4 25 47.5296872692474 1546397.73033327 0.0 0.0 0.0 
1 1 0.0 1.0 0.0277 27 0.0 
4 24 47.5253948820112 1546397.73033444 0.0 0.0 0.0 
1 1 0.0 1.0 0.0277 27 0.0 
4 23 47.521102494775 1546397.73033443 0.0 0.0 0.0 
1 1 0.0 1.0 0.0277 27 0.0 
4 22 47.5168101075388 1546397.73033444 0.0 0.0 0.0 
1 1 0.0 1.0 0.0277 27 0.0 
4 21 47.5125177203026 1546397.73033443 0.0 0.0 0.0 
1 1 0.0 1.0 0.0277 27 0.0 
4 20 47.5082253330664 1546397.73033327 0.0 0.0 0.0 
1 1 0.0 1.0 0.0277 27 0.0 
4 19 47.5039329458302 1546397.73033444 0.0 0.0 0.0 
1 1 0.0 1.0 0.0277 27 0.0 
4 18 47.499640558594 1546397.73033443 0.0 0.0 0.0 
1 1 0.0 1.0 0.0277 27 0.0 
4 17 47.4953481713578 1546397.73033443 0.0 0.0 0.0 
1 1 0.0 1.0 0.0277 27 0.0 
4 16 47.4920370551662 839362.119326778 0.0 0.0 0.0 
1 1 0.0 1.0 0.0277 27 0.0 
4 957 47.7181251565148 793002.980710612 0.0 0.0 0.0 
1 1 0.0 1.0 0.0277 27 0.0 
4 926 47.7126915526491 1558470.36254446 0.0 0.0 0.0 
1 1 0.0 1.0 0.0277 27 0.0 
4 895 47.7054891655919 1558470.36254562 0.0 0.0 0.0 
1 1 0.0 1.0 0.0277 27 0.0 
4 864 47.6982867785346 1558470.36254562 0.0 0.0 0.0 
1 1 0.0 1.0 0.0277 27 0.0 
4 833 47.6910843914773 1558470.36254446 0.0 0.0 0.0 
1 1 0.0 1.0 0.0277 27 0.0 
4 802 47.6838820044201 1558470.36254562 0.0 0.0 0.0 
1 1 0.0 1.0 0.0277 27 0.0 
4 771 47.6766796173628 1558470.36254562 0.0 0.0 0.0 
1 1 0.0 1.0 0.0277 27 0.0 
4 740 47.6694772303055 1558470.36254562 0.0 0.0 0.0 
1 1 0.0 1.0 0.0277 27 0.0 
4 709 47.6622748432483 1558470.36254446 0.0 0.0 0.0 
1 1 0.0 1.0 0.0277 27 0.0 
4 678 47.655072456191 1558470.36254563 0.0 0.0 0.0 
1 1 0.0 1.0 0.0277 27 0.0 
4 647 47.6478700691338 1558470.36254562 0.0 0.0 0.0 
1 1 0.0 1.0 0.0277 27 0.0 
4 616 47.6406676820765 1558470.36254446 0.0 0.0 0.0 
1 1 0.0 1.0 0.0277 27 0.0 
4 585 47.6334652950192 1558470.36254562 0.0 0.0 0.0 
1 1 0.0 1.0 0.0277 27 0.0 
4 554 47.626262907962 1558470.36254562 0.0 0.0 0.0 
1 1 0.0 1.0 0.0277 27 0.0 
4 523 47.6190605209047 1558470.36254446 0.0 0.0 0.0 
1 1 0.0 1.0 0.0277 27 0.0 
4 483 47.613845908688 698231.06914262 0.0 0.0 0.0 
1 1 0.0 1.0 0.0277 27 0.0 
4 927 47.6162727672788 934462.350052176 0.0 0.0 0.0 
1 1 0.0 1.0 0.0277 27 0.0 
4 928 47.6178027999774 1546373.04399086 0.0 0.0 0.0 
1 1 0.0 1.0 0.0277 27 0.0 
4 929 47.6197102230392 1546373.04398969 0.0 0.0 0.0 
1 1 0.0 1.0 0.0277 27 0.0 
4 930 47.6216176461009 1546373.04399086 0.0 0.0 0.0 
1 1 0.0 1.0 0.0277 27 0.0 
4 931 47.6235250691627 1546373.04399086 0.0 0.0 0.0 
1 1 0.0 1.0 0.0277 27 0.0 
4 932 47.6254324922245 1546373.04399086 0.0 0.0 0.0 
1 1 0.0 1.0 0.0277 27 0.0 
4 933 47.6273399152862 1546373.0439897 0.0 0.0 0.0 
1 1 0.0 1.0 0.0277 27 0.0 
4 934 47.629247338348 1546373.04399086 0.0 0.0 0.0 
1 1 0.0 1.0 0.0277 27 0.0 
4 935 47.6311547614097 1546373.04399086 0.0 0.0 0.0 
1 1 0.0 1.0 0.0277 27 0.0 
4 936 47.6330621844715 1546373.04399086 0.0 0.0 0.0 
1 1 0.0 1.0 0.0277 27 0.0 
4 937 47.6349696075333 1546373.04399086 0.0 0.0 0.0 
1 1 0.0 1.0 0.0277 27 0.0 
4 938 47.636877030595 1546373.0439897 0.0 0.0 0.0 
1 1 0.0 1.0 0.0277 27 0.0 
4 939 47.6387844536568 1546373.04399086 0.0 0.0 0.0 
1 1 0.0 1.0 0.0277 27 0.0 
4 940 47.6406918767186 1546373.04399086 0.0 0.0 0.0 
1 1 0.0 1.0 0.0277 27 0.0 
4 941 47.6425992997803 1546373.04399086 0.0 0.0 0.0 
1 1 0.0 1.0 0.0277 27 0.0 
4 942 47.6439886176926 706303.682223875 0.0 0.0 0.0 
1 1 0.0 1.0 0.0277 27 0.0 
4 435 47.517018928151 698694.840145542 0.0 0.0 0.0 
1 1 0.0 1.0 0.0277 27 0.0 
4 484 47.5218839937869 1558462.26128169 0.0 0.0 0.0 
1 1 0.0 1.0 0.0277 27 0.0 
4 524 47.528602198016 1558462.26128285 0.0 0.0 0.0 
1 1 0.0 1.0 0.0277 27 0.0 
4 555 47.5353204022451 1558462.26128285 0.0 0.0 0.0 
1 1 0.0 1.0 0.0277 27 0.0 
4 586 47.5420386064742 1558462.26128169 0.0 0.0 0.0 
1 1 0.0 1.0 0.0277 27 0.0 
4 617 47.5487568107033 1558462.26128285 0.0 0.0 0.0 
1 1 0.0 1.0 0.0277 27 0.0 
4 648 47.5554750149323 1558462.26128285 0.0 0.0 0.0 
1 1 0.0 1.0 0.0277 27 0.0 
4 679 47.5621932191614 1558462.26128169 0.0 0.0 0.0 
1 1 0.0 1.0 0.0277 27 0.0 
4 710 47.5689114233905 1558462.26128285 0.0 0.0 0.0 
1 1 0.0 1.0 0.0277 27 0.0 
4 741 47.5756296276196 1558462.26128285 0.0 0.0 0.0 
1 1 0.0 1.0 0.0277 27 0.0 
4 772 47.5823478318487 1558462.26128285 0.0 0.0 0.0 
1 1 0.0 1.0 0.0277 27 0.0 
4 803 47.5890660360778 1558462.26128169 0.0 0.0 0.0 
1 1 0.0 1.0 0.0277 27 0.0 
4 834 47.5957842403068 1558462.26128285 0.0 0.0 0.0 
1 1 0.0 1.0 0.0277 27 0.0 
4 865 47.6025024445359 1558462.26128285 0.0 0.0 0.0 
1 1 0.0 1.0 0.0277 27 0.0 
4 896 47.609220648765 1558462.26128169 0.0 0.0 0.0 
1 1 0.0 1.0 0.0277 27 0.0 
4 927 47.6141380984953 722998.547333626 0.0 0.0 0.0 
1 1 0.0 1.0 0.0277 27 0.0 
4 16 47.4903566442481 707035.611006496 0.0 0.0 0.0 
1 1 0.0 1.0 0.0277 27 0.0 
4 15 47.4887137020757 1546397.73033443 0.0 0.0 0.0 
1 1 0.0 1.0 0.0277 27 0.0 
4 14 47.4864587944201 1546397.73033444 0.0 0.0 0.0 
1 1 0.0 1.0 0.0277 27 0.0 
4 13 47.4842038867646 1546397.73033443 0.0 0.0 0.0 
1 1 0.0 1.0 0.0277 27 0.0 
4 12 47.481948979109 1546397.73033327 0.0 0.0 0.0 
1 1 0.0 1.0 0.0277 27 0.0 
4 11 47.4796940714534 1546397.73033444 0.0 0.0 0.0 
1 1 0.0 1.0 0.0277 27 0.0 
4 10 47.4774391637978 1546397.73033443 0.0 0.0 0.0 
1 1 0.0 1.0 0.0277 27 0.0 
4 9 47.4751842561422 1546397.73033444 0.0 0.0 0.0 
1 1 0.0 1.0 0.0277 27 0.0 
4 8 47.4729293484867 1546397.73033443 0.0 0.0 0.0 
1 1 0.0 1.0 0.0277 27 0.0 
4 7 47.4706744408311 1546397.73033327 0.0 0.0 0.0 
1 1 0.0 1.0 0.0277 27 0.0 
4 6 47.4684195331755 1546397.73033444 0.0 0.0 0.0 
1 1 0.0 1.0 0.0277 27 0.0 
4 5 47.4661646255199 1546397.73033443 0.0 0.0 0.0 
1 1 0.0 1.0 0.0277 27 0.0 
4 4 47.4639097178643 1546397.73033443 0.0 0.0 0.0 
1 1 0.0 1.0 0.0277 27 0.0 
4 3 47.4616548102088 1546397.73033327 0.0 0.0 0.0 
1 1 0.0 1.0 0.0277 27 0.0 
4 2 47.4593999025532 1546397.73033443 0.0 0.0 0.0 
1 1 0.0 1.0 0.0277 27 0.0 
4 1 47.4576893954738 799706.562414698 0.0 0.0 0.0 
1 1 0.0 1.0 0.0277 27 0.0 
4 483 47.6111405477202 860239.293403004 0.0 0.0 0.0 
1 1 0.0 1.0 0.0277 27 0.0 
4 434 47.6080703655556 1558470.36254563 0.0 0.0 0.0 
1 1 0.0 1.0 0.0277 27 0.0 
4 403 47.6041138857859 1558470.36254562 0.0 0.0 0.0 
1 1 0.0 1.0 0.0277 27 0.0 
4 372 47.6001574060163 1558470.36254446 0.0 0.0 0.0 
1 1 0.0 1.0 0.0277 27 0.0 
4 341 47.5962009262466 1558470.36254562 0.0 0.0 0.0 
1 1 0.0 1.0 0.0277 27 0.0 
4 310 47.592244446477 1558470.36254562 0.0 0.0 0.0 
1 1 0.0 1.0 0.0277 27 0.0 
4 279 47.5882879667074 1558470.36254446 0.0 0.0 0.0 
1 1 0.0 1.0 0.0277 27 0.0 
4 248 47.5843314869377 1558470.36254563 0.0 0.0 0.0 
1 1 0.0 1.0 0.0277 27 0.0 
4 217 47.5803750071681 1558470.36254562 0.0 0.0 0.0 
1 1 0.0 1.0 0.0277 27 0.0 
4 186 47.5764185273984 1558470.36254446 0.0 0.0 0.0 
1 1 0.0 1.0 0.0277 27 0.0 
4 155 47.5724620476288 1558470.36254562 0.0 0.0 0.0 
1 1 0.0 1.0 0.0277 27 0.0 
4 124 47.5685055678592 1558470.36254562 0.0 0.0 0.0 
1 1 0.0 1.0 0.0277 27 0.0 
4 93 47.5645490880895 1558470.36254563 0.0 0.0 0.0 
1 1 0.0 1.0 0.0277 27 0.0 
4 62 47.5605926083199 1558470.36254446 0.0 0.0 0.0 
1 1 0.0 1.0 0.0277 27 0.0 
4 31 47.5572050554212 1110266.04025697 0.0 0.0 0.0 
1 1 0.0 1.0 0.0277 27 0.0 
4 942 47.6457923368764 840069.361765821 0.0 0.0 0.0 
1 1 0.0 1.0 0.0277 27 0.0 
4 943 47.6496788283446 1546373.04399086 0.0 0.0 0.0 
1 1 0.0 1.0 0.0277 27 0.0 
4 944 47.6547155856764 1546373.04399086 0.0 0.0 0.0 
1 1 0.0 1.0 0.0277 27 0.0 
4 945 47.6597523430083 1546373.04399086 0.0 0.0 0.0 
1 1 0.0 1.0 0.0277 27 0.0 
4 946 47.6647891003402 1546373.0439897 0.0 0.0 0.0 
1 1 0.0 1.0 0.0277 27 0.0 
4 947 47.669825857672 1546373.04399086 0.0 0.0 0.0 
1 1 0.0 1.0 0.0277 27 0.0 
4 948 47.6748626150039 1546373.04399086 0.0 0.0 0.0 
1 1 0.0 1.0 0.0277 27 0.0 
4 949 47.6798993723357 1546373.04399086 0.0 0.0 0.0 
1 1 0.0 1.0 0.0277 27 0.0 
4 950 47.6849361296676 1546373.04399086 0.0 0.0 0.0 
1 1 0.0 1.0 0.0277 27 0.0 
4 951 47.6899728869995 1546373.0439897 0.0 0.0 0.0 
1 1 0.0 1.0 0.0277 27 0.0 
4 952 47.6950096443313 1546373.04399086 0.0 0.0 0.0 
1 1 0.0 1.0 0.0277 27 0.0 
4 953 47.7000464016632 1546373.04399086 0.0 0.0 0.0 
1 1 0.0 1.0 0.0277 27 0.0 
4 954 47.7050831589951 1546373.04399086 0.0 0.0 0.0 
1 1 0.0 1.0 0.0277 27 0.0 
4 955 47.7101199163269 1546373.0439897 0.0 0.0 0.0 
1 1 0.0 1.0 0.0277 27 0.0 
4 956 47.7151566736588 1546373.04399086 0.0 0.0 0.0 
1 1 0.0 1.0 0.0277 27 0.0 
4 957 47.7188163095883 700772.085034537 0.0 0.0 0.0 
1 1 0.0 1.0 0.0277 27 0.0 
