30.5365
30.5246
30.5113
30.4978
30.4834
30.4685
30.4528
30.436
30.4183
30.3977
30.3746
30.3485
30.3182
30.2864
30.2534
30.2194
30.1852
30.151
30.1169
30.083
30.0493
30.0164
29.985
29.955
29.9251
29.8952
29.8648
29.8333
29.8001
29.7645
29.7246
30.5639
30.5508
30.5371
30.522
30.5071
30.4919
30.4762
30.4598
30.442
30.422
30.4
30.3743
30.3448
30.3131
30.2802
30.2468
30.2139
30.1806
30.1479
30.1155
30.0833
30.0517
30.0214
29.9913
29.9612
29.9316
29.9013
29.8707
29.8383
29.8035
29.7654
30.5859
30.5724
30.5575
30.541
30.5256
30.5102
30.4943
30.4786
30.461
30.4422
30.4208
30.3957
30.3671
30.3362
30.3046
30.2725
30.2405
30.2091
30.1779
30.1468
30.1164
30.0858
30.0557
30.0255
29.9953
29.9649
29.9349
29.9041
29.8726
29.8389
29.8018
30.6021
30.5883
30.5719
30.5561
30.5398
30.5235
30.5082
30.4927
30.4759
30.4579
30.4373
30.4136
30.3868
30.3572
30.327
30.2967
30.2665
30.2366
30.207
30.1775
30.1478
30.1177
30.0876
30.0572
30.0265
29.9959
29.9651
29.9342
29.9022
29.8689
29.8333
30.6127
30.5985
30.5825
30.5657
30.5495
30.5335
30.5182
30.5029
30.4873
30.4698
30.4503
30.4284
30.4038
30.3766
30.3475
30.3194
30.2914
30.2634
30.2356
30.2072
30.178
30.148
30.1177
30.0869
30.0558
30.0244
29.9927
29.9611
29.9288
29.895
29.8591
30.6185
30.6041
30.5879
30.5718
30.5554
30.54
30.5251
30.5101
30.4948
30.4787
30.4607
30.4406
30.418
30.393
30.3665
30.341
30.3155
30.2896
30.2632
30.2358
30.2072
30.1773
30.1465
30.1149
30.0831
30.0508
30.0183
29.9856
29.9524
29.9182
29.8823
30.6203
30.6061
30.5907
30.5747
30.5592
30.5441
30.5292
30.5148
30.5004
30.4854
30.4691
30.4507
30.4302
30.4076
30.3842
30.3609
30.3385
30.3149
30.29
30.2637
30.2357
30.2057
30.1743
30.142
30.1089
30.0756
30.0422
30.0085
29.9744
29.9393
29.9031
30.6197
30.606
30.5911
30.5759
30.5608
30.5462
30.5321
30.5183
30.5046
30.4905
30.4757
30.4591
30.4405
30.4201
30.3994
30.3794
30.3586
30.3376
30.3151
30.2903
30.2629
30.2332
30.2015
30.1682
30.134
30.0995
30.0652
30.0306
29.9957
29.9601
29.9236
30.6175
30.6046
30.5903
30.5757
30.5613
30.5474
30.5341
30.5212
30.5081
30.4948
30.4809
30.4658
30.4491
30.4308
30.4127
30.3944
30.3763
30.3575
30.3371
30.314
30.2877
30.2585
30.2267
30.1929
30.1581
30.123
30.0879
30.0528
30.0177
29.9816
29.9447
30.6144
30.6025
30.5889
30.575
30.5616
30.5486
30.5361
30.5237
30.5113
30.4985
30.4851
30.4709
30.4557
30.4391
30.4227
30.4067
30.3906
30.3735
30.3548
30.3336
30.3086
30.2802
30.2488
30.2151
30.1803
30.145
30.1099
30.0752
30.0406
30.0051
29.9687
30.611
30.5998
30.5875
30.5747
30.562
30.5499
30.5381
30.5263
30.5142
30.5016
30.4884
30.4745
30.4598
30.4444
30.4298
30.4153
30.4006
30.3852
30.3683
30.3484
30.3248
30.2976
30.267
30.2342
30.1999
30.1654
30.131
30.0973
30.0639
30.0299
29.9948
30.6069
30.5971
30.5861
30.5744
30.5627
30.5514
30.5402
30.5287
30.5168
30.5042
30.4908
30.4765
30.4612
30.4467
30.4334
30.42
30.4067
30.3928
30.377
30.3582
30.3364
30.3107
30.2816
30.2502
30.2174
30.1843
30.1516
30.1196
30.088
30.0565
30.0237
30.6025
30.5942
30.5846
30.5742
30.5635
30.5527
30.542
30.5308
30.519
30.5061
30.4921
30.4771
30.4612
30.4467
30.4337
30.4213
30.4089
30.3958
30.3809
30.3637
30.3431
30.3193
30.2924
30.2633
30.2331
30.2027
30.1726
30.1432
30.1142
30.0853
30.0544
30.5977
30.5907
30.5824
30.5734
30.5638
30.5537
30.5433
30.5323
30.5204
30.5072
30.4925
30.4765
30.46
30.4446
30.4311
30.4228
30.4168
30.4208
30.4148
30.407
30.3946
30.3807
30.3646
30.3458
30.3244
30.3007
30.275
30.2484
30.2215
30.1949
30.1691
30.1432
30.1154
30.0847
30.5928
30.5869
30.5798
30.5718
30.5631
30.5539
30.5438
30.5329
30.5209
30.5073
30.4918
30.4744
30.4569
30.4407
30.4311
30.4244
30.4284
30.4216
30.4182
30.4145
30.4115
30.4129
30.41
30.4175
30.4144
30.4158
30.4139
30.4124
30.4131
30.4121
30.4114
30.4117
30.411
30.4125
30.411
30.4116
30.4102
30.4085
30.4114
30.4107
30.411
30.4103
30.4094
30.4109
30.4105
30.4107
30.4103
30.4101
30.4098
30.4099
30.4096
30.4105
30.4103
30.4101
30.4102
30.41
30.4099
30.41
30.4099
30.4103
30.4101
30.4098
30.4099
30.4097
30.4099
30.4097
30.4098
30.4096
30.4093
30.4095
30.4091
30.4091
30.4083
30.4086
30.4079
30.4079
30.4063
30.4069
30.4054
30.4063
30.4005
30.4055
30.4025
30.4036
30.4007
30.3972
30.3898
30.3769
30.3623
30.3455
30.3269
30.3067
30.2854
30.2634
30.2412
30.219
30.1972
30.173
30.1458
30.1149
30.5877
30.5825
30.5762
30.569
30.5613
30.5527
30.5432
30.5325
30.5203
30.5064
30.4901
30.4716
30.4529
30.4357
30.4256
30.4184
30.4222
30.4149
30.4141
30.4122
30.4113
30.4105
30.4109
30.41
30.4114
30.4097
30.4123
30.409
30.4101
30.4096
30.4098
30.4094
30.4089
30.4092
30.4084
30.4075
30.4081
30.4065
30.4047
30.4058
30.4027
30.4077
30.4012
30.3993
30.3934
30.3949
30.3891
30.3826
30.3707
30.3577
30.3435
30.3283
30.3124
30.2963
30.2797
30.2625
30.2447
30.2247
30.2016
30.175
30.1451
30.5819
30.5773
30.5717
30.5652
30.558
30.55
30.5411
30.5308
30.5185
30.5041
30.4872
30.4676
30.448
30.4296
30.4126
30.3978
30.3848
30.3733
30.3626
30.3518
30.3408
30.3297
30.3189
30.308
30.2971
30.2843
30.2691
30.2506
30.2287
30.2036
30.1752
30.5757
30.5713
30.5658
30.5598
30.553
30.5456
30.5372
30.5272
30.5151
30.5002
30.4825
30.4621
30.4416
30.4219
30.4037
30.3877
30.3739
30.3624
30.3531
30.3451
30.3378
30.3315
30.3261
30.321
30.3138
30.3041
30.2911
30.2745
30.2546
30.2314
30.2052
30.569
30.5646
30.559
30.5528
30.5463
30.5391
30.5309
30.5211
30.5091
30.494
30.4756
30.4546
30.4333
30.4123
30.3933
30.376
30.3616
30.3503
30.3424
30.3371
30.3349
30.3337
30.3337
30.332
30.3279
30.3207
30.3102
30.2959
30.2783
30.2577
30.2346
30.5618
30.5568
30.551
30.5446
30.5377
30.5305
30.5223
30.5125
30.5003
30.4849
30.4657
30.444
30.422
30.4009
30.3804
30.3628
30.3478
30.3369
30.3302
30.328
30.3306
30.3344
30.3377
30.339
30.3378
30.3334
30.3257
30.3144
30.2995
30.2817
30.2621
30.5543
30.5485
30.542
30.535
30.5276
30.5199
30.5113
30.5011
30.4886
30.4726
30.4526
30.4307
30.4085
30.3863
30.3658
30.3472
30.3324
30.322
30.3172
30.3171
30.3229
30.3296
30.3364
30.3412
30.3434
30.3428
30.3383
30.3303
30.3188
30.3046
30.2892
30.5461
30.5395
30.5323
30.5246
30.5164
30.5076
30.4981
30.4872
30.4737
30.457
30.4364
30.4145
30.3918
30.3694
30.3482
30.3296
30.3148
30.3052
30.3011
30.3022
30.3086
30.3188
30.329
30.3381
30.3453
30.3486
30.3483
30.3442
30.3367
30.3268
30.3158
30.5375
30.5299
30.5219
30.5134
30.5044
30.4946
30.4835
30.4712
30.4565
30.4388
30.4178
30.3957
30.3728
30.3501
30.3286
30.3098
30.2956
30.2858
30.2817
30.2834
30.2896
30.3018
30.3166
30.3311
30.343
30.3515
30.3563
30.3568
30.3538
30.3495
30.3437
30.5286
30.52
30.5112
30.5019
30.4919
30.4807
30.4683
30.4542
30.4381
30.4192
30.398
30.3755
30.3524
30.3294
30.3075
30.2888
30.2728
30.262
30.2565
30.2586
30.2666
30.2806
30.2996
30.3193
30.3376
30.3525
30.3631
30.3692
30.3719
30.3732
30.3731
30.5197
30.5101
30.5005
30.4901
30.4789
30.4666
30.4529
30.4373
30.4199
30.4004
30.3782
30.3551
30.3318
30.3086
30.2862
30.2652
30.2475
30.2348
30.229
30.2302
30.2402
30.2573
30.28
30.3057
30.3303
30.3526
30.3699
30.3818
30.3917
30.3991
30.4054
30.512
30.5008
30.4899
30.4787
30.4665
30.4527
30.4378
30.4211
30.4024
30.3817
30.359
30.3357
30.3123
30.2885
30.2642
30.2411
30.221
30.2061
30.1992
30.2019
30.2138
30.2341
30.2618
30.2921
30.3235
30.3531
30.3773
30.3971
30.4142
30.428
30.4422
30.505
30.4927
30.4805
30.4676
30.454
30.4393
30.4231
30.4052
30.3857
30.3647
30.3417
30.3182
30.2943
30.2691
30.243
30.2177
30.1953
30.1789
30.172
30.176
30.1898
30.215
30.2466
30.2815
30.3191
30.3557
30.387
30.4157
30.4396
30.4607
30.4821
30.4997
30.4857
30.4719
30.4577
30.4425
30.4259
30.4085
30.39
30.3701
30.3488
30.3265
30.3026
30.2778
30.2515
30.2245
30.1982
30.1746
30.1578
30.1516
30.1564
30.1733
30.2024
30.2378
30.2778
30.321
30.3622
30.4017
30.437
30.4681
30.4973
30.5243
30.4968
30.4806
30.4647
30.4481
30.4309
30.4131
30.3942
30.3749
30.3552
30.3345
30.3116
30.2876
30.2627
30.2368
30.2101
30.1845
30.1611
30.1457
30.1404
30.147
30.1677
30.1996
30.2389
30.2836
30.3306
30.376
30.422
30.4636
30.5013
30.5363
30.5674
30.4952
30.4769
30.4586
30.4397
30.4199
30.3998
30.3799
30.3599
30.34
30.3194
30.2975
30.2737
30.2498
30.2254
30.2013
30.1775
30.1566
30.1442
30.1413
30.1498
30.1747
30.2093
30.2517
30.3011
30.3504
30.3999
30.4479
30.4943
30.5374
30.5752
30.6076
