2 1 27.0801576414895 838072.934824464 0.02043 26.5 0.0 
2 32 27.0433317837011 1558462.26128169 0.02043 26.5 0.0 
2 63 26.9954362137168 1558462.26128285 0.02043 26.5 0.0 
2 94 26.9475406437324 1558462.26128285 0.02043 26.5 0.0 
2 125 26.899645073748 1558462.26128285 0.02043 26.5 0.0 
2 156 26.8517495037637 1558462.26128169 0.02043 26.5 0.0 
2 187 26.8038539337793 1558462.26128285 0.02043 26.5 0.0 
2 218 26.755958363795 1558462.26128285 0.02043 26.5 0.0 
2 249 26.7080627938106 1558462.26128169 0.02043 26.5 0.0 
2 280 26.6601672238263 1558462.26128285 0.02043 26.5 0.0 
2 311 26.6122716538419 1558462.26128285 0.02043 26.5 0.0 
2 342 26.5643760838575 1558462.26128169 0.02043 26.5 0.0 
2 373 26.5164805138732 1558462.26128285 0.02043 26.5 0.0 
2 404 26.4685849438888 1558462.26128285 0.02043 26.5 0.0 
2 435 26.4314257223055 859767.421137307 0.02043 26.5 0.0 
2 31 26.5095490673474 900786.691800257 0.02043 26.5 0.0 
2 30 26.4860081029938 1546397.73033443 0.02043 26.5 0.0 
2 29 26.4562566110204 1546397.73033327 0.02043 26.5 0.0 
2 28 26.4265051190471 1546397.73033443 0.02043 26.5 0.0 
2 27 26.3967536270737 1546397.73033444 0.02043 26.5 0.0 
2 26 26.3670021351003 1546397.73033443 0.02043 26.5 0.0 
2 25 26.3372506431269 1546397.73033327 0.02043 26.5 0.0 
2 24 26.3074991511536 1546397.73033444 0.02043 26.5 0.0 
2 23 26.2777476591802 1546397.73033443 0.02043 26.5 0.0 
2 22 26.2479961672068 1546397.73033444 0.02043 26.5 0.0 
2 21 26.2182446752334 1546397.73033443 0.02043 26.5 0.0 
2 20 26.18849318326 1546397.73033327 0.02043 26.5 0.0 
2 19 26.1587416912867 1546397.73033444 0.02043 26.5 0.0 
2 18 26.1289901993133 1546397.73033443 0.02043 26.5 0.0 
2 17 26.0992387073399 1546397.73033443 0.02043 26.5 0.0 
2 16 26.0762886235337 839362.119326778 0.02043 26.5 0.0 
2 957 27.2889951821225 793002.980710612 0.02043 26.5 0.0 
2 926 27.2388888983634 1558470.36254446 0.02043 26.5 0.0 
2 895 27.1724716808858 1558470.36254562 0.02043 26.5 0.0 
2 864 27.1060544634081 1558470.36254562 0.02043 26.5 0.0 
2 833 27.0396372459305 1558470.36254446 0.02043 26.5 0.0 
2 802 26.9732200284529 1558470.36254562 0.02043 26.5 0.0 
2 771 26.9068028109753 1558470.36254562 0.02043 26.5 0.0 
2 740 26.8403855934977 1558470.36254562 0.02043 26.5 0.0 
2 709 26.7739683760201 1558470.36254446 0.02043 26.5 0.0 
2 678 26.7075511585424 1558470.36254563 0.02043 26.5 0.0 
2 647 26.6411339410648 1558470.36254562 0.02043 26.5 0.0 
2 616 26.5747167235872 1558470.36254446 0.02043 26.5 0.0 
2 585 26.5082995061096 1558470.36254562 0.02043 26.5 0.0 
2 554 26.441882288632 1558470.36254562 0.02043 26.5 0.0 
2 523 26.3754650711544 1558470.36254446 0.02043 26.5 0.0 
2 483 26.3273782312078 698231.06914262 0.02043 26.5 0.0 
2 927 27.1284237320686 934462.350052176 0.02043 26.5 0.0 
2 928 27.0716165607231 1546373.04399086 0.02043 26.5 0.0 
2 929 27.0007976110379 1546373.04398969 0.02043 26.5 0.0 
2 930 26.9299786613527 1546373.04399086 0.02043 26.5 0.0 
2 931 26.8591597116675 1546373.04399086 0.02043 26.5 0.0 
2 932 26.7883407619822 1546373.04399086 0.02043 26.5 0.0 
2 933 26.717521812297 1546373.0439897 0.02043 26.5 0.0 
2 934 26.6467028626118 1546373.04399086 0.02043 26.5 0.0 
2 935 26.5758839129266 1546373.04399086 0.02043 26.5 0.0 
2 936 26.5050649632414 1546373.04399086 0.02043 26.5 0.0 
2 937 26.4342460135562 1546373.04399086 0.02043 26.5 0.0 
2 938 26.363427063871 1546373.0439897 0.02043 26.5 0.0 
2 939 26.2926081141858 1546373.04399086 0.02043 26.5 0.0 
2 940 26.2217891645005 1546373.04399086 0.02043 26.5 0.0 
2 941 26.1509702148153 1546373.04399086 0.02043 26.5 0.0 
2 942 26.0993875128435 706303.682223875 0.02043 26.5 0.0 
2 435 26.4292118439229 698694.840145542 0.02043 26.5 0.0 
2 484 26.4647398243552 1558462.26128169 0.02043 26.5 0.0 
2 524 26.5138006688026 1558462.26128285 0.02043 26.5 0.0 
2 555 26.5628615132501 1558462.26128285 0.02043 26.5 0.0 
2 586 26.6119223576976 1558462.26128169 0.02043 26.5 0.0 
2 617 26.660983202145 1558462.26128285 0.02043 26.5 0.0 
2 648 26.7100440465925 1558462.26128285 0.02043 26.5 0.0 
2 679 26.75910489104 1558462.26128169 0.02043 26.5 0.0 
2 710 26.8081657354874 1558462.26128285 0.02043 26.5 0.0 
2 741 26.8572265799349 1558462.26128285 0.02043 26.5 0.0 
2 772 26.9062874243824 1558462.26128285 0.02043 26.5 0.0 
2 803 26.9553482688299 1558462.26128169 0.02043 26.5 0.0 
2 834 27.0044091132773 1558462.26128285 0.02043 26.5 0.0 
2 865 27.0534699577248 1558462.26128285 0.02043 26.5 0.0 
2 896 27.1025308021723 1558462.26128169 0.02043 26.5 0.0 
2 927 27.1384413264837 722998.547333626 0.02043 26.5 0.0 
2 16 26.0838598102488 707035.611006496 0.02043 26.5 0.0 
2 15 26.1337245498459 1546397.73033443 0.02043 26.5 0.0 
2 14 26.2021629799712 1546397.73033444 0.02043 26.5 0.0 
2 13 26.2706014100966 1546397.73033443 0.02043 26.5 0.0 
2 12 26.3390398402219 1546397.73033327 0.02043 26.5 0.0 
2 11 26.4074782703472 1546397.73033444 0.02043 26.5 0.0 
2 10 26.4759167004725 1546397.73033443 0.02043 26.5 0.0 
2 9 26.5443551305979 1546397.73033444 0.02043 26.5 0.0 
2 8 26.6127935607232 1546397.73033443 0.02043 26.5 0.0 
2 7 26.6812319908485 1546397.73033327 0.02043 26.5 0.0 
2 6 26.7496704209738 1546397.73033444 0.02043 26.5 0.0 
2 5 26.8181088510992 1546397.73033443 0.02043 26.5 0.0 
2 4 26.8865472812245 1546397.73033443 0.02043 26.5 0.0 
2 3 26.9549857113498 1546397.73033327 0.02043 26.5 0.0 
2 2 27.0234241414751 1546397.73033443 0.02043 26.5 0.0 
2 1 27.0753395354117 799706.562414698 0.02043 26.5 0.0 
2 483 26.3164801748987 860239.293403004 0.02043 26.5 0.0 
2 434 26.327671116226 1558470.36254563 0.02043 26.5 0.0 
2 403 26.3420926490831 1558470.36254562 0.02043 26.5 0.0 
2 372 26.3565141819402 1558470.36254446 0.02043 26.5 0.0 
2 341 26.3709357147973 1558470.36254562 0.02043 26.5 0.0 
2 310 26.3853572476544 1558470.36254562 0.02043 26.5 0.0 
2 279 26.3997787805115 1558470.36254446 0.02043 26.5 0.0 
2 248 26.4142003133686 1558470.36254563 0.02043 26.5 0.0 
2 217 26.4286218462257 1558470.36254562 0.02043 26.5 0.0 
2 186 26.4430433790828 1558470.36254446 0.02043 26.5 0.0 
2 155 26.4574649119399 1558470.36254562 0.02043 26.5 0.0 
2 124 26.471886444797 1558470.36254562 0.02043 26.5 0.0 
2 93 26.4863079776541 1558470.36254563 0.02043 26.5 0.0 
2 62 26.5007295105112 1558470.36254446 0.02043 26.5 0.0 
2 31 26.513077281327 1110266.04025697 0.02043 26.5 0.0 
2 942 26.1053602962723 840069.361765821 0.02043 26.5 0.0 
2 943 26.1682719808537 1546373.04399086 0.02043 26.5 0.0 
2 944 26.2498033289006 1546373.04399086 0.02043 26.5 0.0 
2 945 26.3313346769474 1546373.04399086 0.02043 26.5 0.0 
2 946 26.4128660249942 1546373.0439897 0.02043 26.5 0.0 
2 947 26.4943973730411 1546373.04399086 0.02043 26.5 0.0 
2 948 26.5759287210879 1546373.04399086 0.02043 26.5 0.0 
2 949 26.6574600691348 1546373.04399086 0.02043 26.5 0.0 
2 950 26.7389914171816 1546373.04399086 0.02043 26.5 0.0 
2 951 26.8205227652285 1546373.0439897 0.02043 26.5 0.0 
2 952 26.9020541132753 1546373.04399086 0.02043 26.5 0.0 
2 953 26.9835854613222 1546373.04399086 0.02043 26.5 0.0 
2 954 27.065116809369 1546373.04399086 0.02043 26.5 0.0 
2 955 27.1466481574158 1546373.0439897 0.02043 26.5 0.0 
2 956 27.2281795054627 1546373.04399086 0.02043 26.5 0.0 
2 957 27.2874190183145 700772.085034537 0.02043 26.5 0.0 
3 1 40.303066564713 838072.934824464 0.024 25.5 0.0 
3 32 40.2387408571294 1558462.26128169 0.024 25.5 0.0 
3 63 40.1550790875361 1558462.26128285 0.024 25.5 0.0 
3 94 40.0714173179429 1558462.26128285 0.024 25.5 0.0 
3 125 39.9877555483496 1558462.26128285 0.024 25.5 0.0 
3 156 39.9040937787564 1558462.26128169 0.024 25.5 0.0 
3 187 39.8204320091632 1558462.26128285 0.024 25.5 0.0 
3 218 39.7367702395699 1558462.26128285 0.024 25.5 0.0 
3 249 39.6531084699767 1558462.26128169 0.024 25.5 0.0 
3 280 39.5694467003835 1558462.26128285 0.024 25.5 0.0 
3 311 39.4857849307902 1558462.26128285 0.024 25.5 0.0 
3 342 39.402123161197 1558462.26128169 0.024 25.5 0.0 
3 373 39.3184613916038 1558462.26128285 0.024 25.5 0.0 
3 404 39.2347996220105 1558462.26128285 0.024 25.5 0.0 
3 435 39.1698916099462 859767.421137307 0.024 25.5 0.0 
3 31 40.3834446477056 900786.691800257 0.024 25.5 0.0 
3 30 40.2873973760449 1546397.73033443 0.024 25.5 0.0 
3 29 40.1660111155266 1546397.73033327 0.024 25.5 0.0 
3 28 40.0446248550082 1546397.73033443 0.024 25.5 0.0 
3 27 39.9232385944897 1546397.73033444 0.024 25.5 0.0 
3 26 39.8018523339713 1546397.73033443 0.024 25.5 0.0 
3 25 39.6804660734529 1546397.73033327 0.024 25.5 0.0 
3 24 39.5590798129345 1546397.73033444 0.024 25.5 0.0 
3 23 39.4376935524161 1546397.73033443 0.024 25.5 0.0 
3 22 39.3163072918977 1546397.73033444 0.024 25.5 0.0 
3 21 39.1949210313792 1546397.73033443 0.024 25.5 0.0 
3 20 39.0735347708609 1546397.73033327 0.024 25.5 0.0 
3 19 38.9521485103425 1546397.73033444 0.024 25.5 0.0 
3 18 38.830762249824 1546397.73033443 0.024 25.5 0.0 
3 17 38.7093759893056 1546397.73033443 0.024 25.5 0.0 
3 16 38.6157395137196 839362.119326778 0.024 25.5 0.0 
3 957 40.7670091673416 793002.980710612 0.024 25.5 0.0 
3 926 40.6812566214211 1558470.36254446 0.024 25.5 0.0 
3 895 40.5675893313255 1558470.36254562 0.024 25.5 0.0 
3 864 40.45392204123 1558470.36254562 0.024 25.5 0.0 
3 833 40.3402547511344 1558470.36254446 0.024 25.5 0.0 
3 802 40.2265874610389 1558470.36254562 0.024 25.5 0.0 
3 771 40.1129201709433 1558470.36254562 0.024 25.5 0.0 
3 740 39.9992528808478 1558470.36254562 0.024 25.5 0.0 
3 709 39.8855855907522 1558470.36254446 0.024 25.5 0.0 
3 678 39.7719183006567 1558470.36254563 0.024 25.5 0.0 
3 647 39.6582510105611 1558470.36254562 0.024 25.5 0.0 
3 616 39.5445837204656 1558470.36254446 0.024 25.5 0.0 
3 585 39.4309164303701 1558470.36254562 0.024 25.5 0.0 
3 554 39.3172491402745 1558470.36254562 0.024 25.5 0.0 
3 523 39.203581850179 1558470.36254446 0.024 25.5 0.0 
3 483 39.1212854066727 698231.06914262 0.024 25.5 0.0 
3 927 40.6655807373015 934462.350052176 0.024 25.5 0.0 
3 928 40.5773638015068 1546373.04399086 0.024 25.5 0.0 
3 929 40.4673877088857 1546373.04398969 0.024 25.5 0.0 
3 930 40.3574116162647 1546373.04399086 0.024 25.5 0.0 
3 931 40.2474355236436 1546373.04399086 0.024 25.5 0.0 
3 932 40.1374594310225 1546373.04399086 0.024 25.5 0.0 
3 933 40.0274833384015 1546373.0439897 0.024 25.5 0.0 
3 934 39.9175072457804 1546373.04399086 0.024 25.5 0.0 
3 935 39.8075311531594 1546373.04399086 0.024 25.5 0.0 
3 936 39.6975550605383 1546373.04399086 0.024 25.5 0.0 
3 937 39.5875789679172 1546373.04399086 0.024 25.5 0.0 
3 938 39.4776028752962 1546373.0439897 0.024 25.5 0.0 
3 939 39.3676267826751 1546373.04399086 0.024 25.5 0.0 
3 940 39.257650690054 1546373.04399086 0.024 25.5 0.0 
3 941 39.147674597433 1546373.04399086 0.024 25.5 0.0 
3 942 39.0675708394005 706303.682223875 0.024 25.5 0.0 
3 435 39.1701441577691 698694.840145542 0.024 25.5 0.0 
3 484 39.2455114551625 1558462.26128169 0.024 25.5 0.0 
3 524 39.3495866997683 1558462.26128285 0.024 25.5 0.0 
3 555 39.4536619443742 1558462.26128285 0.024 25.5 0.0 
3 586 39.5577371889801 1558462.26128169 0.024 25.5 0.0 
3 617 39.661812433586 1558462.26128285 0.024 25.5 0.0 
3 648 39.7658876781919 1558462.26128285 0.024 25.5 0.0 
3 679 39.8699629227978 1558462.26128169 0.024 25.5 0.0 
3 710 39.9740381674036 1558462.26128285 0.024 25.5 0.0 
3 741 40.0781134120096 1558462.26128285 0.024 25.5 0.0 
3 772 40.1821886566155 1558462.26128285 0.024 25.5 0.0 
3 803 40.2862639012213 1558462.26128169 0.024 25.5 0.0 
3 834 40.3903391458272 1558462.26128285 0.024 25.5 0.0 
3 865 40.4944143904331 1558462.26128285 0.024 25.5 0.0 
3 896 40.598489635039 1558462.26128169 0.024 25.5 0.0 
3 927 40.6746684420638 722998.547333626 0.024 25.5 0.0 
3 16 38.6094022435911 707035.611006496 0.024 25.5 0.0 
3 15 38.6941999765492 1546397.73033443 0.024 25.5 0.0 
3 14 38.8105832920689 1546397.73033444 0.024 25.5 0.0 
3 13 38.9269666075885 1546397.73033443 0.024 25.5 0.0 
3 12 39.0433499231081 1546397.73033327 0.024 25.5 0.0 
3 11 39.1597332386277 1546397.73033444 0.024 25.5 0.0 
3 10 39.2761165541474 1546397.73033443 0.024 25.5 0.0 
3 9 39.392499869667 1546397.73033444 0.024 25.5 0.0 
3 8 39.5088831851867 1546397.73033443 0.024 25.5 0.0 
3 7 39.6252665007063 1546397.73033327 0.024 25.5 0.0 
3 6 39.7416498162259 1546397.73033444 0.024 25.5 0.0 
3 5 39.8580331317456 1546397.73033443 0.024 25.5 0.0 
3 4 39.9744164472652 1546397.73033443 0.024 25.5 0.0 
3 3 40.0907997627848 1546397.73033327 0.024 25.5 0.0 
3 2 40.2071830783044 1546397.73033443 0.024 25.5 0.0 
3 1 40.2954680617821 799706.562414698 0.024 25.5 0.0 
3 483 39.1214196471778 860239.293403004 0.024 25.5 0.0 
3 434 39.1933900928196 1558470.36254563 0.024 25.5 0.0 
3 403 39.2861369061761 1558470.36254562 0.024 25.5 0.0 
3 372 39.3788837195326 1558470.36254446 0.024 25.5 0.0 
3 341 39.4716305328891 1558470.36254562 0.024 25.5 0.0 
3 310 39.5643773462456 1558470.36254562 0.024 25.5 0.0 
3 279 39.6571241596021 1558470.36254446 0.024 25.5 0.0 
3 248 39.7498709729585 1558470.36254563 0.024 25.5 0.0 
3 217 39.8426177863151 1558470.36254562 0.024 25.5 0.0 
3 186 39.9353645996715 1558470.36254446 0.024 25.5 0.0 
3 155 40.028111413028 1558470.36254562 0.024 25.5 0.0 
3 124 40.1208582263845 1558470.36254562 0.024 25.5 0.0 
3 93 40.213605039741 1558470.36254563 0.024 25.5 0.0 
3 62 40.3063518530975 1558470.36254446 0.024 25.5 0.0 
3 31 40.3857620244414 1110266.04025697 0.024 25.5 0.0 
3 942 39.0742152575784 840069.361765821 0.024 25.5 0.0 
3 943 39.1644384275388 1546373.04399086 0.024 25.5 0.0 
3 944 39.2813645076602 1546373.04399086 0.024 25.5 0.0 
3 945 39.3982905877816 1546373.04399086 0.024 25.5 0.0 
3 946 39.515216667903 1546373.0439897 0.024 25.5 0.0 
3 947 39.6321427480243 1546373.04399086 0.024 25.5 0.0 
3 948 39.7490688281457 1546373.04399086 0.024 25.5 0.0 
3 949 39.8659949082671 1546373.04399086 0.024 25.5 0.0 
3 950 39.9829209883885 1546373.04399086 0.024 25.5 0.0 
3 951 40.0998470685098 1546373.0439897 0.024 25.5 0.0 
3 952 40.2167731486312 1546373.04399086 0.024 25.5 0.0 
3 953 40.3336992287526 1546373.04399086 0.024 25.5 0.0 
3 954 40.450625308874 1546373.04399086 0.024 25.5 0.0 
3 955 40.5675513889953 1546373.0439897 0.024 25.5 0.0 
3 956 40.6844774691167 1546373.04399086 0.024 25.5 0.0 
3 957 40.7694342886958 700772.085034537 0.024 25.5 0.0 
4 1 42.0545028080793 838072.934824464 0.0277 27 0.0 
4 32 41.9963238426598 1558462.26128169 0.0277 27 0.0 
4 63 41.920656502448 1558462.26128285 0.0277 27 0.0 
4 94 41.8449891622362 1558462.26128285 0.0277 27 0.0 
4 125 41.7693218220244 1558462.26128285 0.0 0.0 0.0 
1 1 0.0 1.0 0.0277 27 0.0 
4 156 41.6936544818126 1558462.26128169 0.0 0.0 0.0 
1 1 0.0 1.0 0.0277 27 0.0 
4 187 41.6179871416008 1558462.26128285 0.0 0.0 0.0 
1 1 0.0 1.0 0.0277 27 0.0 
4 218 41.5423198013889 1558462.26128285 0.0 0.0 0.0 
1 1 0.0 1.0 0.0277 27 0.0 
4 249 41.4666524611771 1558462.26128169 0.0 0.0 0.0 
1 1 0.0 1.0 0.0277 27 0.0 
4 280 41.3909851209653 1558462.26128285 0.0 0.0 0.0 
1 1 0.0 1.0 0.0277 27 0.0 
4 311 41.3153177807535 1558462.26128285 0.0 0.0 0.0 
1 1 0.0 1.0 0.0277 27 0.0 
4 342 41.2396504405417 1558462.26128169 0.0 0.0 0.0 
1 1 0.0 1.0 0.0277 27 0.0 
4 373 41.1639831003299 1558462.26128285 0.0 0.0 0.0 
1 1 0.0 1.0 0.0277 27 0.0 
4 404 41.0883157601181 1558462.26128285 0.0 0.0 0.0 
1 1 0.0 1.0 0.0277 27 0.0 
4 435 41.0296101332204 859767.421137307 0.0 0.0 0.0 
1 1 0.0 1.0 0.0277 27 0.0 
4 31 42.1258254580348 900786.691800257 0.0 0.0 0.0 
1 1 0.0 1.0 0.0277 27 0.0 
4 30 42.055534326617 1546397.73033443 0.0 0.0 0.0 
1 1 0.0 1.0 0.0277 27 0.0 
4 29 41.9666991369975 1546397.73033327 0.0 0.0 0.0 
1 1 0.0 1.0 0.0277 27 0.0 
4 28 41.877863947378 1546397.73033443 0.0 0.0 0.0 
1 1 0.0 1.0 0.0277 27 0.0 
4 27 41.7890287577584 1546397.73033444 0.0 0.0 0.0 
1 1 0.0 1.0 0.0277 27 0.0 
4 26 41.7001935681389 1546397.73033443 0.0 0.0 0.0 
1 1 0.0 1.0 0.0277 27 0.0 
4 25 41.6113583785194 1546397.73033327 0.0 0.0 0.0 
1 1 0.0 1.0 0.0277 27 0.0 
4 24 41.5225231888999 1546397.73033444 0.0 0.0 0.0 
1 1 0.0 1.0 0.0277 27 0.0 
4 23 41.4336879992803 1546397.73033443 0.0 0.0 0.0 
1 1 0.0 1.0 0.0277 27 0.0 
4 22 41.3448528096608 1546397.73033444 0.0 0.0 0.0 
1 1 0.0 1.0 0.0277 27 0.0 
4 21 41.2560176200413 1546397.73033443 0.0 0.0 0.0 
1 1 0.0 1.0 0.0277 27 0.0 
4 20 41.1671824304217 1546397.73033327 0.0 0.0 0.0 
1 1 0.0 1.0 0.0277 27 0.0 
4 19 41.0783472408022 1546397.73033444 0.0 0.0 0.0 
1 1 0.0 1.0 0.0277 27 0.0 
4 18 40.9895120511827 1546397.73033443 0.0 0.0 0.0 
1 1 0.0 1.0 0.0277 27 0.0 
4 17 40.9006768615632 1546397.73033443 0.0 0.0 0.0 
1 1 0.0 1.0 0.0277 27 0.0 
4 16 40.8321500445374 839362.119326778 0.0 0.0 0.0 
1 1 0.0 1.0 0.0277 27 0.0 
4 957 42.3571767806265 793002.980710612 0.0 0.0 0.0 
1 1 0.0 1.0 0.0277 27 0.0 
4 926 42.2942493519681 1558470.36254446 0.0 0.0 0.0 
1 1 0.0 1.0 0.0277 27 0.0 
4 895 42.2108373644695 1558470.36254562 0.0 0.0 0.0 
1 1 0.0 1.0 0.0277 27 0.0 
4 864 42.127425376971 1558470.36254562 0.0 0.0 0.0 
1 1 0.0 1.0 0.0277 27 0.0 
4 833 42.0440133894725 1558470.36254446 0.0 0.0 0.0 
1 1 0.0 1.0 0.0277 27 0.0 
4 802 41.9606014019739 1558470.36254562 0.0 0.0 0.0 
1 1 0.0 1.0 0.0277 27 0.0 
4 771 41.8771894144754 1558470.36254562 0.0 0.0 0.0 
1 1 0.0 1.0 0.0277 27 0.0 
4 740 41.7937774269768 1558470.36254562 0.0 0.0 0.0 
1 1 0.0 1.0 0.0277 27 0.0 
4 709 41.7103654394783 1558470.36254446 0.0 0.0 0.0 
1 1 0.0 1.0 0.0277 27 0.0 
4 678 41.6269534519798 1558470.36254563 0.0 0.0 0.0 
1 1 0.0 1.0 0.0277 27 0.0 
4 647 41.5435414644812 1558470.36254562 0.0 0.0 0.0 
1 1 0.0 1.0 0.0277 27 0.0 
4 616 41.4601294769827 1558470.36254446 0.0 0.0 0.0 
1 1 0.0 1.0 0.0277 27 0.0 
4 585 41.3767174894841 1558470.36254562 0.0 0.0 0.0 
1 1 0.0 1.0 0.0277 27 0.0 
4 554 41.2933055019856 1558470.36254562 0.0 0.0 0.0 
1 1 0.0 1.0 0.0277 27 0.0 
4 523 41.2098935144871 1558470.36254446 0.0 0.0 0.0 
1 1 0.0 1.0 0.0277 27 0.0 
4 483 41.1495022628689 698231.06914262 0.0 0.0 0.0 
1 1 0.0 1.0 0.0277 27 0.0 
4 927 42.2525284113435 934462.350052176 0.0 0.0 0.0 
1 1 0.0 1.0 0.0277 27 0.0 
4 928 42.1876755678682 1546373.04399086 0.0 0.0 0.0 
1 1 0.0 1.0 0.0277 27 0.0 
4 929 42.1068264400162 1546373.04398969 0.0 0.0 0.0 
1 1 0.0 1.0 0.0277 27 0.0 
4 930 42.0259773121641 1546373.04399086 0.0 0.0 0.0 
1 1 0.0 1.0 0.0277 27 0.0 
4 931 41.9451281843121 1546373.04399086 0.0 0.0 0.0 
1 1 0.0 1.0 0.0277 27 0.0 
4 932 41.86427905646 1546373.04399086 0.0 0.0 0.0 
1 1 0.0 1.0 0.0277 27 0.0 
4 933 41.783429928608 1546373.0439897 0.0 0.0 0.0 
1 1 0.0 1.0 0.0277 27 0.0 
4 934 41.702580800756 1546373.04399086 0.0 0.0 0.0 
1 1 0.0 1.0 0.0277 27 0.0 
4 935 41.6217316729039 1546373.04399086 0.0 0.0 0.0 
1 1 0.0 1.0 0.0277 27 0.0 
4 936 41.5408825450519 1546373.04399086 0.0 0.0 0.0 
1 1 0.0 1.0 0.0277 27 0.0 
4 937 41.4600334171998 1546373.04399086 0.0 0.0 0.0 
1 1 0.0 1.0 0.0277 27 0.0 
4 938 41.3791842893478 1546373.0439897 0.0 0.0 0.0 
1 1 0.0 1.0 0.0277 27 0.0 
4 939 41.2983351614958 1546373.04399086 0.0 0.0 0.0 
1 1 0.0 1.0 0.0277 27 0.0 
4 940 41.2174860336437 1546373.04399086 0.0 0.0 0.0 
1 1 0.0 1.0 0.0277 27 0.0 
4 941 41.1366369057916 1546373.04399086 0.0 0.0 0.0 
1 1 0.0 1.0 0.0277 27 0.0 
4 942 41.0777484799507 706303.682223875 0.0 0.0 0.0 
1 1 0.0 1.0 0.0277 27 0.0 
4 435 41.0278021058478 698694.840145542 0.0 0.0 0.0 
1 1 0.0 1.0 0.0277 27 0.0 
4 484 41.0893887688617 1558462.26128169 0.0 0.0 0.0 
1 1 0.0 1.0 0.0277 27 0.0 
4 524 41.1744342360513 1558462.26128285 0.0 0.0 0.0 
1 1 0.0 1.0 0.0277 27 0.0 
4 555 41.259479703241 1558462.26128285 0.0 0.0 0.0 
1 1 0.0 1.0 0.0277 27 0.0 
4 586 41.3445251704305 1558462.26128169 0.0 0.0 0.0 
1 1 0.0 1.0 0.0277 27 0.0 
4 617 41.4295706376201 1558462.26128285 0.0 0.0 0.0 
1 1 0.0 1.0 0.0277 27 0.0 
4 648 41.5146161048098 1558462.26128285 0.0 0.0 0.0 
1 1 0.0 1.0 0.0277 27 0.0 
4 679 41.5996615719993 1558462.26128169 0.0 0.0 0.0 
1 1 0.0 1.0 0.0277 27 0.0 
4 710 41.6847070391889 1558462.26128285 0.0 0.0 0.0 
1 1 0.0 1.0 0.0277 27 0.0 
4 741 41.7697525063786 1558462.26128285 0.0 0.0 0.0 
1 1 0.0 1.0 0.0277 27 0.0 
4 772 41.8547979735682 1558462.26128285 0.0 0.0 0.0 
1 1 0.0 1.0 0.0277 27 0.0 
4 803 41.9398434407578 1558462.26128169 0.0 0.0 0.0 
1 1 0.0 1.0 0.0277 27 0.0 
4 834 42.0248889079474 1558462.26128285 0.0 0.0 0.0 
1 1 0.0 1.0 0.0277 27 0.0 
4 865 42.109934375137 1558462.26128285 0.0 0.0 0.0 
1 1 0.0 1.0 0.0277 27 0.0 
4 896 42.1949798423266 1558462.26128169 0.0 0.0 0.0 
1 1 0.0 1.0 0.0277 27 0.0 
4 927 42.2572296334071 722998.547333626 0.0 0.0 0.0 
1 1 0.0 1.0 0.0277 27 0.0 
4 16 40.8273806446982 707035.611006496 0.0 0.0 0.0 
1 1 0.0 1.0 0.0277 27 0.0 
4 15 40.8890196907107 1546397.73033443 0.0 0.0 0.0 
1 1 0.0 1.0 0.0277 27 0.0 
4 14 40.9736181379824 1546397.73033444 0.0 0.0 0.0 
1 1 0.0 1.0 0.0277 27 0.0 
4 13 41.0582165852541 1546397.73033443 0.0 0.0 0.0 
1 1 0.0 1.0 0.0277 27 0.0 
4 12 41.1428150325257 1546397.73033327 0.0 0.0 0.0 
1 1 0.0 1.0 0.0277 27 0.0 
4 11 41.2274134797973 1546397.73033444 0.0 0.0 0.0 
1 1 0.0 1.0 0.0277 27 0.0 
4 10 41.312011927069 1546397.73033443 0.0 0.0 0.0 
1 1 0.0 1.0 0.0277 27 0.0 
4 9 41.3966103743407 1546397.73033444 0.0 0.0 0.0 
1 1 0.0 1.0 0.0277 27 0.0 
4 8 41.4812088216123 1546397.73033443 0.0 0.0 0.0 
1 1 0.0 1.0 0.0277 27 0.0 
4 7 41.565807268884 1546397.73033327 0.0 0.0 0.0 
1 1 0.0 1.0 0.0277 27 0.0 
4 6 41.6504057161556 1546397.73033444 0.0 0.0 0.0 
1 1 0.0 1.0 0.0277 27 0.0 
4 5 41.7350041634273 1546397.73033443 0.0 0.0 0.0 
1 1 0.0 1.0 0.0277 27 0.0 
4 4 41.819602610699 1546397.73033443 0.0 0.0 0.0 
1 1 0.0 1.0 0.0277 27 0.0 
4 3 41.9042010579706 1546397.73033327 0.0 0.0 0.0 
1 1 0.0 1.0 0.0277 27 0.0 
4 2 41.9887995052422 1546397.73033443 0.0 0.0 0.0 
1 1 0.0 1.0 0.0277 27 0.0 
4 1 42.0529734161355 799706.562414698 0.0 0.0 0.0 
1 1 0.0 1.0 0.0277 27 0.0 
4 483 41.1505691036723 860239.293403004 0.0 0.0 0.0 
1 1 0.0 1.0 0.0277 27 0.0 
4 434 41.2061055016841 1558470.36254563 0.0 0.0 0.0 
1 1 0.0 1.0 0.0277 27 0.0 
4 403 41.2776741003633 1558470.36254562 0.0 0.0 0.0 
1 1 0.0 1.0 0.0277 27 0.0 
4 372 41.3492426990424 1558470.36254446 0.0 0.0 0.0 
1 1 0.0 1.0 0.0277 27 0.0 
4 341 41.4208112977216 1558470.36254562 0.0 0.0 0.0 
1 1 0.0 1.0 0.0277 27 0.0 
4 310 41.4923798964008 1558470.36254562 0.0 0.0 0.0 
1 1 0.0 1.0 0.0277 27 0.0 
4 279 41.5639484950799 1558470.36254446 0.0 0.0 0.0 
1 1 0.0 1.0 0.0277 27 0.0 
4 248 41.6355170937591 1558470.36254563 0.0 0.0 0.0 
1 1 0.0 1.0 0.0277 27 0.0 
4 217 41.7070856924383 1558470.36254562 0.0 0.0 0.0 
1 1 0.0 1.0 0.0277 27 0.0 
4 186 41.7786542911174 1558470.36254446 0.0 0.0 0.0 
1 1 0.0 1.0 0.0277 27 0.0 
4 155 41.8502228897966 1558470.36254562 0.0 0.0 0.0 
1 1 0.0 1.0 0.0277 27 0.0 
4 124 41.9217914884757 1558470.36254562 0.0 0.0 0.0 
1 1 0.0 1.0 0.0277 27 0.0 
4 93 41.9933600871549 1558470.36254563 0.0 0.0 0.0 
1 1 0.0 1.0 0.0277 27 0.0 
4 62 42.0649286858341 1558470.36254446 0.0 0.0 0.0 
1 1 0.0 1.0 0.0277 27 0.0 
4 31 42.1262059899082 1110266.04025697 0.0 0.0 0.0 
1 1 0.0 1.0 0.0277 27 0.0 
4 942 41.0831773273218 840069.361765821 0.0 0.0 0.0 
1 1 0.0 1.0 0.0277 27 0.0 
4 943 41.1510509782651 1546373.04399086 0.0 0.0 0.0 
1 1 0.0 1.0 0.0277 27 0.0 
4 944 41.2390128615795 1546373.04399086 0.0 0.0 0.0 
1 1 0.0 1.0 0.0277 27 0.0 
4 945 41.326974744894 1546373.04399086 0.0 0.0 0.0 
1 1 0.0 1.0 0.0277 27 0.0 
4 946 41.4149366282085 1546373.0439897 0.0 0.0 0.0 
1 1 0.0 1.0 0.0277 27 0.0 
4 947 41.5028985115229 1546373.04399086 0.0 0.0 0.0 
1 1 0.0 1.0 0.0277 27 0.0 
4 948 41.5908603948374 1546373.04399086 0.0 0.0 0.0 
1 1 0.0 1.0 0.0277 27 0.0 
4 949 41.6788222781519 1546373.04399086 0.0 0.0 0.0 
1 1 0.0 1.0 0.0277 27 0.0 
4 950 41.7667841614663 1546373.04399086 0.0 0.0 0.0 
1 1 0.0 1.0 0.0277 27 0.0 
4 951 41.8547460447808 1546373.0439897 0.0 0.0 0.0 
1 1 0.0 1.0 0.0277 27 0.0 
4 952 41.9427079280952 1546373.04399086 0.0 0.0 0.0 
1 1 0.0 1.0 0.0277 27 0.0 
4 953 42.0306698114097 1546373.04399086 0.0 0.0 0.0 
1 1 0.0 1.0 0.0277 27 0.0 
4 954 42.1186316947242 1546373.04399086 0.0 0.0 0.0 
1 1 0.0 1.0 0.0277 27 0.0 
4 955 42.2065935780387 1546373.0439897 0.0 0.0 0.0 
1 1 0.0 1.0 0.0277 27 0.0 
4 956 42.2945554613531 1546373.04399086 0.0 0.0 0.0 
1 1 0.0 1.0 0.0277 27 0.0 
4 957 42.358467309273 700772.085034537 0.0 0.0 0.0 
1 1 0.0 1.0 0.0277 27 0.0 
