13.4645
13.4833
13.5174
13.5662
13.6056
13.6488
13.679
13.7119
13.7476
13.7822
13.8126
13.8358
13.8449
13.8436
13.8355
13.8249
13.8169
13.8125
13.8117
13.8141
13.7914
13.7841
13.7859
13.8426
13.8714
13.8832
13.8998
13.9198
13.9419
13.9619
13.9706
13.468
13.5056
13.5457
13.5677
13.5926
13.6381
13.6786
13.7123
13.7482
13.7824
13.8131
13.8348
13.8439
13.8435
13.8361
13.8277
13.8238
13.8219
13.8247
13.8302
13.834
13.8168
13.8791
13.8882
13.8956
13.9092
13.926
13.9498
13.9761
13.9999
14.0151
13.4973
13.5258
13.5436
13.5624
13.5856
13.6137
13.669
13.7061
13.741
13.7751
13.8046
13.8244
13.8345
13.8361
13.8322
13.8289
13.8285
13.832
13.839
13.8476
13.8652
13.8916
13.9073
13.911
13.9179
13.9285
13.9467
13.9699
13.9978
14.0253
14.0412
13.5111
13.5245
13.5375
13.5546
13.5751
13.6007
13.6327
13.6937
13.7287
13.7622
13.79
13.8094
13.8219
13.8262
13.8279
13.8307
13.8362
13.8446
13.8561
13.8812
13.8997
13.9074
13.9204
13.9331
13.9367
13.9444
13.9583
13.9794
14.0036
14.0287
14.046
13.5109
13.5193
13.5288
13.5415
13.5604
13.5852
13.616
13.6568
13.713
13.7462
13.7735
13.7945
13.8093
13.8182
13.8263
13.8357
13.8475
13.8628
13.8951
13.9122
13.9221
13.9295
13.9339
13.9475
13.9551
13.9584
13.9662
13.9801
13.9995
14.0186
14.0301
13.5079
13.5108
13.5156
13.5258
13.5423
13.5669
13.5976
13.6332
13.6822
13.7302
13.759
13.7822
13.8
13.8144
13.8292
13.8455
13.8694
13.9038
13.9226
13.9384
13.9493
13.955
13.9565
13.9556
13.9691
13.9706
13.9725
13.9793
13.9895
14.0003
14.0061
13.5021
13.5007
13.5017
13.5085
13.5246
13.5489
13.5807
13.6168
13.6534
13.7086
13.7471
13.7732
13.7951
13.8153
13.8366
13.8692
13.9037
13.9283
13.9519
13.9713
13.9836
13.9874
13.9831
13.977
13.9718
13.983
13.9782
13.9776
13.98
13.9824
13.9815
13.4961
13.4913
13.4886
13.494
13.5097
13.5347
13.5678
13.6044
13.6405
13.6757
13.739
13.768
13.7941
13.8196
13.8609
13.8948
13.9244
13.9559
13.9853
14.0082
14.0217
14.022
14.0153
14.0008
13.986
13.9801
13.9863
13.9778
13.9727
13.9685
13.9617
13.4934
13.4865
13.4821
13.4869
13.5022
13.5277
13.5615
13.597
13.6335
13.6684
13.7031
13.7662
13.7988
13.8439
13.8753
13.9082
13.9451
13.9839
14.0201
14.0483
14.0626
14.0612
14.047
14.0259
14.0032
13.9834
13.9816
13.9823
13.9707
13.9588
13.9456
13.4945
13.4878
13.4845
13.4891
13.5042
13.5298
13.5619
13.5976
13.6323
13.6663
13.6994
13.7456
13.8159
13.8466
13.8804
13.9187
13.9615
14.0063
14.0489
14.0819
14.0988
14.0958
14.0763
14.0479
14.0182
13.9923
13.9709
13.9766
13.972
13.9557
13.9364
13.5002
13.4954
13.4948
13.5006
13.5152
13.5398
13.5704
13.6032
13.6367
13.6687
13.7049
13.7396
13.7943
13.8457
13.8819
13.923
13.9689
14.0181
14.0656
14.1017
14.1194
14.1152
14.0929
14.0614
14.0282
13.9991
13.9746
13.9541
13.9715
13.956
13.9321
13.5081
13.5076
13.5095
13.5169
13.5326
13.5557
13.584
13.6145
13.6454
13.6789
13.7078
13.7361
13.7662
13.8326
13.877
13.9187
13.9659
14.0175
14.0652
14.1016
14.1193
14.1151
14.0931
14.0619
14.0297
14.0012
13.9772
13.9564
13.9447
13.9621
13.953
13.5169
13.5211
13.5268
13.5368
13.5528
13.5751
13.6014
13.6299
13.6592
13.6848
13.7086
13.7329
13.7593
13.791
13.8661
13.9069
13.953
14.0016
14.0467
14.0813
14.0983
14.0958
14.0771
14.0504
14.0232
13.9997
13.9795
13.961
13.9407
14.002
14.1373
13.5245
13.5333
13.5427
13.5558
13.5735
13.5954
13.6202
13.646
13.6701
13.6917
13.7114
13.7303
13.7517
13.7779
13.8158
13.8826
13.9029
13.8634
13.8911
13.9297
13.974
14.015
14.0462
14.0626
14.0631
14.0511
14.0329
14.0143
13.9981
13.9842
13.9712
14.0591
14.1266
14.1356
13.5313
13.5439
13.5574
13.573
13.5921
13.6127
13.6362
13.6604
13.6825
13.701
13.716
13.7294
13.7446
13.7641
13.7886
13.8051
13.7795
13.7943
13.8344
13.8726
13.8866
13.8572
13.8776
13.8095
13.8218
13.8034
13.8112
13.8154
13.8081
13.8121
13.8142
13.8105
13.8127
13.8407
13.8509
13.8331
13.8432
13.8624
13.8248
13.8298
13.821
13.826
13.8356
13.8169
13.8194
13.8154
13.8174
13.8219
13.8244
13.82
13.8225
13.8146
13.8156
13.8166
13.8152
13.8157
13.8162
13.8155
13.8158
13.8138
13.8148
13.8153
13.8144
13.8149
13.8179
13.8192
13.8169
13.8182
13.8205
13.816
13.8185
13.8273
13.8322
13.8232
13.8282
13.8457
13.8556
13.8376
13.8475
13.8981
13.918
13.8823
13.8918
13.8665
13.884
13.9023
13.9394
13.9751
14.0033
14.0198
14.0246
14.0205
14.0127
14.0052
13.9994
13.9944
14.1276
14.164
14.1541
14.133
13.5374
13.5523
13.5683
13.585
13.6029
13.6259
13.6504
13.6745
13.6959
13.713
13.7242
13.7319
13.7397
13.7519
13.7704
13.7833
13.7621
13.7729
13.7972
13.8051
13.809
13.8111
13.8074
13.8094
13.8019
13.8059
13.7908
13.7988
13.813
13.814
13.8122
13.8132
13.8151
13.8114
13.8134
13.8197
13.8098
13.8139
13.8306
13.8068
13.8148
13.7853
13.8004
13.8524
13.8856
13.8191
13.858
13.9027
13.9341
13.9601
13.9777
13.9879
13.9933
13.997
14.0019
14.0446
14.1805
14.1899
14.1925
14.1848
14.1687
13.5502
13.5591
13.5736
13.5895
13.6111
13.6354
13.6616
13.6878
13.7103
13.7266
13.7356
13.7379
13.7387
13.7432
13.7544
13.7737
13.7998
13.8626
13.8952
13.9198
13.9406
13.9567
13.9718
13.9879
14.0794
14.187
14.2048
14.2176
14.2232
14.2206
14.2083
13.5606
13.5655
13.5719
13.5925
13.6151
13.6408
13.6693
13.698
13.7232
13.7407
13.7479
13.7464
13.7408
13.7372
13.7397
13.7504
13.7685
13.7923
13.8583
13.8831
13.907
13.9304
13.9558
14.0996
14.1809
14.2081
14.2312
14.248
14.2565
14.2564
14.2477
13.5669
13.5763
13.5785
13.5905
13.6145
13.6411
13.6708
13.7014
13.7292
13.7488
13.7565
13.7525
13.742
13.7308
13.7257
13.7277
13.7382
13.7555
13.7871
13.8469
13.8753
13.9287
14.1064
14.1591
14.1952
14.2284
14.2564
14.2755
14.2851
14.2869
14.2812
13.5718
13.5792
13.5882
13.5888
13.608
13.6355
13.6656
13.6972
13.7258
13.7464
13.7546
13.7497
13.7359
13.7209
13.7073
13.7028
13.7055
13.7172
13.7369
13.783
13.9097
14.0731
14.1163
14.1612
14.205
14.2443
14.276
14.296
14.3052
14.3069
14.3022
13.5744
13.5796
13.5862
13.5947
13.5977
13.6231
13.652
13.682
13.7099
13.7304
13.7386
13.734
13.7196
13.7
13.6832
13.6708
13.6675
13.6738
13.6902
13.7951
13.9705
14.0494
14.1024
14.1564
14.2078
14.2535
14.2878
14.3077
14.3153
14.3156
14.316
13.5734
13.5764
13.582
13.5901
13.5974
13.6054
13.631
13.6577
13.6823
13.7002
13.7078
13.7035
13.6886
13.6682
13.6468
13.6296
13.6201
13.6234
13.7372
13.7978
13.8482
14.0099
14.0764
14.1407
14.2022
14.2539
14.2905
14.3098
14.3172
14.3179
14.3228
13.569
13.57
13.5739
13.5808
13.5899
13.595
13.6059
13.6274
13.6467
13.6601
13.6652
13.6601
13.6453
13.6233
13.5983
13.5758
13.5905
13.6755
13.6958
13.734
13.7851
13.8583
14.0376
14.1149
14.1854
14.2444
14.2846
14.3079
14.3165
14.3231
14.3356
13.5598
13.5603
13.5641
13.5703
13.5774
13.5857
13.5852
13.5942
13.6073
13.6156
13.6176
13.609
13.5926
13.568
13.5386
13.5609
13.596
13.5946
13.6079
13.6473
13.7055
13.7848
13.9061
14.0727
14.1579
14.227
14.276
14.306
14.3226
14.3389
14.3607
13.547
13.5485
13.5539
13.5601
13.566
13.5708
13.5742
13.5632
13.5681
13.5718
13.5686
13.5557
13.5355
13.5066
13.5406
13.5358
13.5083
13.4951
13.5038
13.5366
13.6039
13.6957
13.8039
13.9704
14.1211
14.2052
14.2669
14.3071
14.339
14.3687
14.4047
13.5349
13.5381
13.5452
13.5524
13.5572
13.5578
13.5568
13.5496
13.5303
13.5279
13.5196
13.5035
13.4934
13.5342
13.499
13.4529
13.4092
13.3788
13.3755
13.4126
13.4879
13.5935
13.7231
13.8538
14.0572
14.1833
14.2603
14.3179
14.3674
14.4124
14.4682
13.5276
13.5323
13.541
13.547
13.5492
13.5466
13.5403
13.5303
13.5109
13.4869
13.474
13.4908
13.5238
13.4864
13.4339
13.3717
13.3074
13.2569
13.2435
13.2817
13.3651
13.4943
13.6417
13.7899
13.9315
14.167
14.2607
14.3402
14.406
14.4701
14.5438
13.5296
13.5334
13.5411
13.5457
13.5439
13.5351
13.523
13.5081
13.4905
13.4589
13.4888
13.5099
13.4833
13.4409
13.3802
13.3057
13.2218
13.1548
13.132
13.166
13.262
13.4103
13.575
13.7428
13.9023
14.0483
14.2763
14.37
14.4538
14.5385
14.6699
13.5442
13.544
13.5464
13.5448
13.5363
13.5226
13.5041
13.484
13.4658
13.5054
13.4927
13.474
13.4494
13.4091
13.344
13.267
13.1718
13.0969
13.0647
13.0958
13.2034
13.3611
13.5424
13.7231
13.894
14.0409
14.2159
14.4154
14.5119
14.6817
14.8556
13.5647
13.559
13.5537
13.5442
13.5271
13.5047
13.4802
13.4725
13.5046
13.4885
13.4711
13.4451
13.4258
13.3894
13.3368
13.2597
13.1679
13.0939
13.0627
13.0919
13.2065
13.3654
13.5508
13.7435
13.9163
14.0712
14.2054
14.421
14.6806
14.8343
14.9333
