1 1 12.8761498925 0.0 0.0 0.0 
1 2 12.8761498925 0.0 0.0 0.0 
1 3 12.8761498925 0.0 0.0 0.0 
1 4 12.8761498925 0.0 0.0 0.0 
1 5 12.8761498925 0.0 0.0 0.0 
1 6 12.8761498925 0.0 0.0 0.0 
1 7 12.8761498925 0.0 0.0 0.0 
1 8 12.8761498925 0.0 0.0 0.0 
1 9 12.8761498925 0.0 0.0 0.0 
1 10 12.8761498925 0.0 0.0 0.0 
1 11 12.8761498925 0.0 0.0 0.0 
1 12 12.8761498925 0.0 0.0 0.0 
1 13 12.8761498925 0.0 0.0 0.0 
1 14 12.8761498925 0.0 0.0 0.0 
1 15 12.8761498925 0.0 0.0 0.0 
1 16 12.8761498925 0.0 0.0 0.0 
1 17 12.8761498925 0.0 0.0 0.0 
1 18 12.8761498925 0.0 0.0 0.0 
1 19 12.8761498925 0.0 0.0 0.0 
1 20 12.8761498925 0.0 0.0 0.0 
1 21 12.8761498925 0.0 0.0 0.0 
1 22 12.8761498925 0.0 0.0 0.0 
1 23 12.8761498925 0.0 0.0 0.0 
1 24 12.8761498925 0.0 0.0 0.0 
1 25 12.8761498925 0.0 0.0 0.0 
1 26 12.8761498925 0.0 0.0 0.0 
1 27 12.8761498925 0.0 0.0 0.0 
1 28 12.8761498925 0.0 0.0 0.0 
1 29 12.8761498925 0.0 0.0 0.0 
1 30 12.8761498925 0.0 0.0 0.0 
1 31 12.8761498925 0.0 0.0 0.0 
1 32 12.8761498925 0.0 0.0 0.0 
1 33 12.8761498925 0.0 0.0 0.0 
1 34 12.8761498925 0.0 0.0 0.0 
1 35 12.8761498925 0.0 0.0 0.0 
1 36 12.8761498925 0.0 0.0 0.0 
1 37 12.8761498925 0.0 0.0 0.0 
1 38 12.8761498925 0.0 0.0 0.0 
1 39 12.8761498925 0.0 0.0 0.0 
1 40 12.8761498925 0.0 0.0 0.0 
1 41 12.8761498925 0.0 0.0 0.0 
1 42 12.8761498925 0.0 0.0 0.0 
1 43 12.8761498925 0.0 0.0 0.0 
1 44 12.8761498925 0.0 0.0 0.0 
1 45 12.8761498925 0.0 0.0 0.0 
1 46 12.8761498925 0.0 0.0 0.0 
1 47 12.8761498925 0.0 0.0 0.0 
1 48 12.8761498925 0.0 0.0 0.0 
1 49 12.8761498925 0.0 0.0 0.0 
1 50 12.8761498925 0.0 0.0 0.0 
1 51 12.8761498925 0.0 0.0 0.0 
1 52 12.8761498925 0.0 0.0 0.0 
1 53 12.8761498925 0.0 0.0 0.0 
1 54 12.8761498925 0.0 0.0 0.0 
1 55 12.8761498925 0.0 0.0 0.0 
1 56 12.8761498925 0.0 0.0 0.0 
1 57 12.8761498925 0.0 0.0 0.0 
1 58 12.8761498925 0.0 0.0 0.0 
1 59 12.8761498925 0.0 0.0 0.0 
1 60 12.8761498925 0.0 0.0 0.0 
1 61 12.8761498925 0.0 0.0 0.0 
1 62 12.8761498925 0.0 0.0 0.0 
1 63 12.8761498925 0.0 0.0 0.0 
1 64 12.8761498925 0.0 0.0 0.0 
1 65 12.8761498925 0.0 0.0 0.0 
1 66 12.8761498925 0.0 0.0 0.0 
1 67 12.8761498925 0.0 0.0 0.0 
1 68 12.8761498925 0.0 0.0 0.0 
1 69 12.8761498925 0.0 0.0 0.0 
1 70 12.8761498925 0.0 0.0 0.0 
1 71 12.8761498925 0.0 0.0 0.0 
1 72 12.8761498925 0.0 0.0 0.0 
1 73 12.8761498925 0.0 0.0 0.0 
1 74 12.8761498925 0.0 0.0 0.0 
1 75 12.8761498925 0.0 0.0 0.0 
1 76 12.8761498925 0.0 0.0 0.0 
1 77 12.8761498925 0.0 0.0 0.0 
1 78 12.8761498925 0.0 0.0 0.0 
1 79 12.8761498925 0.0 0.0 0.0 
1 80 12.8761498925 0.0 0.0 0.0 
1 81 12.8761498925 0.0 0.0 0.0 
1 82 12.8761498925 0.0 0.0 0.0 
1 83 12.8761498925 0.0 0.0 0.0 
1 84 12.8761498925 0.0 0.0 0.0 
1 85 12.8761498925 0.0 0.0 0.0 
1 86 12.8761498925 0.0 0.0 0.0 
1 87 12.8761498925 0.0 0.0 0.0 
1 88 12.8761498925 0.0 0.0 0.0 
1 89 12.8761498925 0.0 0.0 0.0 
1 90 12.8761498925 0.0 0.0 0.0 
1 91 12.8761498925 0.0 0.0 0.0 
1 92 12.8761498925 0.0 0.0 0.0 
1 93 12.8761498925 0.0 0.0 0.0 
1 94 12.8761498925 0.0 0.0 0.0 
1 95 12.8761498925 0.0 0.0 0.0 
1 96 12.8761498925 0.0 0.0 0.0 
1 97 12.8761498925 0.0 0.0 0.0 
1 98 12.8761498925 0.0 0.0 0.0 
1 99 12.8761498925 0.0 0.0 0.0 
1 100 12.8761498925 0.0 0.0 0.0 
1 101 12.8761498925 0.0 0.0 0.0 
1 102 12.8761498925 0.0 0.0 0.0 
1 103 12.8761498925 0.0 0.0 0.0 
1 104 12.8761498925 0.0 0.0 0.0 
1 105 12.8761498925 0.0 0.0 0.0 
1 106 12.8761498925 0.0 0.0 0.0 
1 107 12.8761498925 0.0 0.0 0.0 
1 108 12.8761498925 0.0 0.0 0.0 
1 109 12.8761498925 0.0 0.0 0.0 
1 110 12.8761498925 0.0 0.0 0.0 
1 111 12.8761498925 0.0 0.0 0.0 
1 112 12.8761498925 0.0 0.0 0.0 
1 113 12.8761498925 0.0 0.0 0.0 
1 114 12.8761498925 0.0 0.0 0.0 
1 115 12.8761498925 0.0 0.0 0.0 
1 116 12.8761498925 0.0 0.0 0.0 
1 117 12.8761498925 0.0 0.0 0.0 
1 118 12.8761498925 0.0 0.0 0.0 
1 119 12.8761498925 0.0 0.0 0.0 
1 120 12.8761498925 0.0 0.0 0.0 
1 121 12.8761498925 0.0 0.0 0.0 
1 122 12.8761498925 0.0 0.0 0.0 
1 123 12.8761498925 0.0 0.0 0.0 
1 124 12.8761498925 0.0 0.0 0.0 
1 125 12.8761498925 0.0 0.0 0.0 
1 126 12.8761498925 0.0 0.0 0.0 
1 127 12.8761498925 0.0 0.0 0.0 
1 128 12.8761498925 0.0 0.0 0.0 
1 129 12.8761498925 0.0 0.0 0.0 
1 130 12.8761498925 0.0 0.0 0.0 
1 131 12.8761498925 0.0 0.0 0.0 
1 132 12.8761498925 0.0 0.0 0.0 
1 133 12.8761498925 0.0 0.0 0.0 
1 134 12.8761498925 0.0 0.0 0.0 
1 135 12.8761498925 0.0 0.0 0.0 
1 136 12.8761498925 0.0 0.0 0.0 
1 137 12.8761498925 0.0 0.0 0.0 
1 138 12.8761498925 0.0 0.0 0.0 
1 139 12.8761498925 0.0 0.0 0.0 
1 140 12.8761498925 0.0 0.0 0.0 
1 141 12.8761498925 0.0 0.0 0.0 
1 142 12.8761498925 0.0 0.0 0.0 
1 143 12.8761498925 0.0 0.0 0.0 
1 144 12.8761498925 0.0 0.0 0.0 
1 145 12.8761498925 0.0 0.0 0.0 
1 146 12.8761498925 0.0 0.0 0.0 
1 147 12.8761498925 0.0 0.0 0.0 
1 148 12.8761498925 0.0 0.0 0.0 
1 149 12.8761498925 0.0 0.0 0.0 
1 150 12.8761498925 0.0 0.0 0.0 
1 151 12.8761498925 0.0 0.0 0.0 
1 152 12.8761498925 0.0 0.0 0.0 
1 153 12.8761498925 0.0 0.0 0.0 
1 154 12.8761498925 0.0 0.0 0.0 
1 155 12.8761498925 0.0 0.0 0.0 
1 156 12.8761498925 0.0 0.0 0.0 
1 157 12.8761498925 0.0 0.0 0.0 
1 158 12.8761498925 0.0 0.0 0.0 
1 159 12.8761498925 0.0 0.0 0.0 
1 160 12.8761498925 0.0 0.0 0.0 
1 161 12.8761498925 0.0 0.0 0.0 
1 162 12.8761498925 0.0 0.0 0.0 
1 163 12.8761498925 0.0 0.0 0.0 
1 164 12.8761498925 0.0 0.0 0.0 
1 165 12.8761498925 0.0 0.0 0.0 
1 166 12.8761498925 0.0 0.0 0.0 
1 167 12.8761498925 0.0 0.0 0.0 
1 168 12.8761498925 0.0 0.0 0.0 
1 169 12.8761498925 0.0 0.0 0.0 
1 170 12.8761498925 0.0 0.0 0.0 
1 171 12.8761498925 0.0 0.0 0.0 
1 172 12.8761498925 0.0 0.0 0.0 
1 173 12.8761498925 0.0 0.0 0.0 
1 174 12.8761498925 0.0 0.0 0.0 
1 175 12.8761498925 0.0 0.0 0.0 
1 176 12.8761498925 0.0 0.0 0.0 
1 177 12.8761498925 0.0 0.0 0.0 
1 178 12.8761498925 0.0 0.0 0.0 
1 179 12.8761498925 0.0 0.0 0.0 
1 180 12.8761498925 0.0 0.0 0.0 
1 181 12.8761498925 0.0 0.0 0.0 
1 182 12.8761498925 0.0 0.0 0.0 
1 183 12.8761498925 0.0 0.0 0.0 
1 184 12.8761498925 0.0 0.0 0.0 
1 185 12.8761498925 0.0 0.0 0.0 
1 186 12.8761498925 0.0 0.0 0.0 
1 187 12.8761498925 0.0 0.0 0.0 
1 188 12.8761498925 0.0 0.0 0.0 
1 189 12.8761498925 0.0 0.0 0.0 
1 190 12.8761498925 0.0 0.0 0.0 
1 191 12.8761498925 0.0 0.0 0.0 
1 192 12.8761498925 0.0 0.0 0.0 
1 193 12.8761498925 0.0 0.0 0.0 
1 194 12.8761498925 0.0 0.0 0.0 
1 195 12.8761498925 0.0 0.0 0.0 
1 196 12.8761498925 0.0 0.0 0.0 
1 197 12.8761498925 0.0 0.0 0.0 
1 198 12.8761498925 0.0 0.0 0.0 
1 199 12.8761498925 0.0 0.0 0.0 
1 200 12.8761498925 0.0 0.0 0.0 
1 201 12.8761498925 0.0 0.0 0.0 
1 202 12.8761498925 0.0 0.0 0.0 
1 203 12.8761498925 0.0 0.0 0.0 
1 204 12.8761498925 0.0 0.0 0.0 
1 205 12.8761498925 0.0 0.0 0.0 
1 206 12.8761498925 0.0 0.0 0.0 
1 207 12.8761498925 0.0 0.0 0.0 
1 208 12.8761498925 0.0 0.0 0.0 
1 209 12.8761498925 0.0 0.0 0.0 
1 210 12.8761498925 0.0 0.0 0.0 
1 211 12.8761498925 0.0 0.0 0.0 
1 212 12.8761498925 0.0 0.0 0.0 
1 213 12.8761498925 0.0 0.0 0.0 
1 214 12.8761498925 0.0 0.0 0.0 
1 215 12.8761498925 0.0 0.0 0.0 
1 216 12.8761498925 0.0 0.0 0.0 
1 217 12.8761498925 0.0 0.0 0.0 
1 218 12.8761498925 0.0 0.0 0.0 
1 219 12.8761498925 0.0 0.0 0.0 
1 220 12.8761498925 0.0 0.0 0.0 
1 221 12.8761498925 0.0 0.0 0.0 
1 222 12.8761498925 0.0 0.0 0.0 
1 223 12.8761498925 0.0 0.0 0.0 
1 224 12.8761498925 0.0 0.0 0.0 
1 225 12.8761498925 0.0 0.0 0.0 
1 226 12.8761498925 0.0 0.0 0.0 
1 227 12.8761498925 0.0 0.0 0.0 
1 228 12.8761498925 0.0 0.0 0.0 
1 229 12.8761498925 0.0 0.0 0.0 
1 230 12.8761498925 0.0 0.0 0.0 
1 231 12.8761498925 0.0 0.0 0.0 
1 232 12.8761498925 0.0 0.0 0.0 
1 233 12.8761498925 0.0 0.0 0.0 
1 234 12.8761498925 0.0 0.0 0.0 
1 235 12.8761498925 0.0 0.0 0.0 
1 236 12.8761498925 0.0 0.0 0.0 
1 237 12.8761498925 0.0 0.0 0.0 
1 238 12.8761498925 0.0 0.0 0.0 
1 239 12.8761498925 0.0 0.0 0.0 
1 240 12.8761498925 0.0 0.0 0.0 
1 241 12.8761498925 0.0 0.0 0.0 
1 242 12.8761498925 0.0 0.0 0.0 
1 243 12.8761498925 0.0 0.0 0.0 
1 244 12.8761498925 0.0 0.0 0.0 
1 245 12.8761498925 0.0 0.0 0.0 
1 246 12.8761498925 0.0 0.0 0.0 
1 247 12.8761498925 0.0 0.0 0.0 
1 248 12.8761498925 0.0 0.0 0.0 
1 249 12.8761498925 0.0 0.0 0.0 
1 250 12.8761498925 0.0 0.0 0.0 
1 251 12.8761498925 0.0 0.0 0.0 
1 252 12.8761498925 0.0 0.0 0.0 
1 253 12.8761498925 0.0 0.0 0.0 
1 254 12.8761498925 0.0 0.0 0.0 
1 255 12.8761498925 0.0 0.0 0.0 
1 256 12.8761498925 0.0 0.0 0.0 
1 257 12.8761498925 0.0 0.0 0.0 
1 258 12.8761498925 0.0 0.0 0.0 
1 259 12.8761498925 0.0 0.0 0.0 
1 260 12.8761498925 0.0 0.0 0.0 
1 261 12.8761498925 0.0 0.0 0.0 
1 262 12.8761498925 0.0 0.0 0.0 
1 263 12.8761498925 0.0 0.0 0.0 
1 264 12.8761498925 0.0 0.0 0.0 
1 265 12.8761498925 0.0 0.0 0.0 
1 266 12.8761498925 0.0 0.0 0.0 
1 267 12.8761498925 0.0 0.0 0.0 
1 268 12.8761498925 0.0 0.0 0.0 
1 269 12.8761498925 0.0 0.0 0.0 
1 270 12.8761498925 0.0 0.0 0.0 
1 271 12.8761498925 0.0 0.0 0.0 
1 272 12.8761498925 0.0 0.0 0.0 
1 273 12.8761498925 0.0 0.0 0.0 
1 274 12.8761498925 0.0 0.0 0.0 
1 275 12.8761498925 0.0 0.0 0.0 
1 276 12.8761498925 0.0 0.0 0.0 
1 277 12.8761498925 0.0 0.0 0.0 
1 278 12.8761498925 0.0 0.0 0.0 
1 279 12.8761498925 0.0 0.0 0.0 
1 280 12.8761498925 0.0 0.0 0.0 
1 281 12.8761498925 0.0 0.0 0.0 
1 282 12.8761498925 0.0 0.0 0.0 
1 283 12.8761498925 0.0 0.0 0.0 
1 284 12.8761498925 0.0 0.0 0.0 
1 285 12.8761498925 0.0 0.0 0.0 
1 286 12.8761498925 0.0 0.0 0.0 
1 287 12.8761498925 0.0 0.0 0.0 
1 288 12.8761498925 0.0 0.0 0.0 
1 289 12.8761498925 0.0 0.0 0.0 
1 290 12.8761498925 0.0 0.0 0.0 
1 291 12.8761498925 0.0 0.0 0.0 
1 292 12.8761498925 0.0 0.0 0.0 
1 293 12.8761498925 0.0 0.0 0.0 
1 294 12.8761498925 0.0 0.0 0.0 
1 295 12.8761498925 0.0 0.0 0.0 
1 296 12.8761498925 0.0 0.0 0.0 
1 297 12.8761498925 0.0 0.0 0.0 
1 298 12.8761498925 0.0 0.0 0.0 
1 299 12.8761498925 0.0 0.0 0.0 
1 300 12.8761498925 0.0 0.0 0.0 
1 301 12.8761498925 0.0 0.0 0.0 
1 302 12.8761498925 0.0 0.0 0.0 
1 303 12.8761498925 0.0 0.0 0.0 
1 304 12.8761498925 0.0 0.0 0.0 
1 305 12.8761498925 0.0 0.0 0.0 
1 306 12.8761498925 0.0 0.0 0.0 
1 307 12.8761498925 0.0 0.0 0.0 
1 308 12.8761498925 0.0 0.0 0.0 
1 309 12.8761498925 0.0 0.0 0.0 
1 310 12.8761498925 0.0 0.0 0.0 
1 311 12.8761498925 0.0 0.0 0.0 
1 312 12.8761498925 0.0 0.0 0.0 
1 313 12.8761498925 0.0 0.0 0.0 
1 314 12.8761498925 0.0 0.0 0.0 
1 315 12.8761498925 0.0 0.0 0.0 
1 316 12.8761498925 0.0 0.0 0.0 
1 317 12.8761498925 0.0 0.0 0.0 
1 318 12.8761498925 0.0 0.0 0.0 
1 319 12.8761498925 0.0 0.0 0.0 
1 320 12.8761498925 0.0 0.0 0.0 
1 321 12.8761498925 0.0 0.0 0.0 
1 322 12.8761498925 0.0 0.0 0.0 
1 323 12.8761498925 0.0 0.0 0.0 
1 324 12.8761498925 0.0 0.0 0.0 
1 325 12.8761498925 0.0 0.0 0.0 
1 326 12.8761498925 0.0 0.0 0.0 
1 327 12.8761498925 0.0 0.0 0.0 
1 328 12.8761498925 0.0 0.0 0.0 
1 329 12.8761498925 0.0 0.0 0.0 
1 330 12.8761498925 0.0 0.0 0.0 
1 331 12.8761498925 0.0 0.0 0.0 
1 332 12.8761498925 0.0 0.0 0.0 
1 333 12.8761498925 0.0 0.0 0.0 
1 334 12.8761498925 0.0 0.0 0.0 
1 335 12.8761498925 0.0 0.0 0.0 
1 336 12.8761498925 0.0 0.0 0.0 
1 337 12.8761498925 0.0 0.0 0.0 
1 338 12.8761498925 0.0 0.0 0.0 
1 339 12.8761498925 0.0 0.0 0.0 
1 340 12.8761498925 0.0 0.0 0.0 
1 341 12.8761498925 0.0 0.0 0.0 
1 342 12.8761498925 0.0 0.0 0.0 
1 343 12.8761498925 0.0 0.0 0.0 
1 344 12.8761498925 0.0 0.0 0.0 
1 345 12.8761498925 0.0 0.0 0.0 
1 346 12.8761498925 0.0 0.0 0.0 
1 347 12.8761498925 0.0 0.0 0.0 
1 348 12.8761498925 0.0 0.0 0.0 
1 349 12.8761498925 0.0 0.0 0.0 
1 350 12.8761498925 0.0 0.0 0.0 
1 351 12.8761498925 0.0 0.0 0.0 
1 352 12.8761498925 0.0 0.0 0.0 
1 353 12.8761498925 0.0 0.0 0.0 
1 354 12.8761498925 0.0 0.0 0.0 
1 355 12.8761498925 0.0 0.0 0.0 
1 356 12.8761498925 0.0 0.0 0.0 
1 357 12.8761498925 0.0 0.0 0.0 
1 358 12.8761498925 0.0 0.0 0.0 
1 359 12.8761498925 0.0 0.0 0.0 
1 360 12.8761498925 0.0 0.0 0.0 
1 361 12.8761498925 0.0 0.0 0.0 
1 362 12.8761498925 0.0 0.0 0.0 
1 363 12.8761498925 0.0 0.0 0.0 
1 364 12.8761498925 0.0 0.0 0.0 
1 365 12.8761498925 0.0 0.0 0.0 
1 366 12.8761498925 0.0 0.0 0.0 
1 367 12.8761498925 0.0 0.0 0.0 
1 368 12.8761498925 0.0 0.0 0.0 
1 369 12.8761498925 0.0 0.0 0.0 
1 370 12.8761498925 0.0 0.0 0.0 
1 371 12.8761498925 0.0 0.0 0.0 
1 372 12.8761498925 0.0 0.0 0.0 
1 373 12.8761498925 0.0 0.0 0.0 
1 374 12.8761498925 0.0 0.0 0.0 
1 375 12.8761498925 0.0 0.0 0.0 
1 376 12.8761498925 0.0 0.0 0.0 
1 377 12.8761498925 0.0 0.0 0.0 
1 378 12.8761498925 0.0 0.0 0.0 
1 379 12.8761498925 0.0 0.0 0.0 
1 380 12.8761498925 0.0 0.0 0.0 
1 381 12.8761498925 0.0 0.0 0.0 
1 382 12.8761498925 0.0 0.0 0.0 
1 383 12.8761498925 0.0 0.0 0.0 
1 384 12.8761498925 0.0 0.0 0.0 
1 385 12.8761498925 0.0 0.0 0.0 
1 386 12.8761498925 0.0 0.0 0.0 
1 387 12.8761498925 0.0 0.0 0.0 
1 388 12.8761498925 0.0 0.0 0.0 
1 389 12.8761498925 0.0 0.0 0.0 
1 390 12.8761498925 0.0 0.0 0.0 
1 391 12.8761498925 0.0 0.0 0.0 
1 392 12.8761498925 0.0 0.0 0.0 
1 393 12.8761498925 0.0 0.0 0.0 
1 394 12.8761498925 0.0 0.0 0.0 
1 395 12.8761498925 0.0 0.0 0.0 
1 396 12.8761498925 0.0 0.0 0.0 
1 397 12.8761498925 0.0 0.0 0.0 
1 398 12.8761498925 0.0 0.0 0.0 
1 399 12.8761498925 0.0 0.0 0.0 
1 400 12.8761498925 0.0 0.0 0.0 
1 401 12.8761498925 0.0 0.0 0.0 
1 402 12.8761498925 0.0 0.0 0.0 
1 403 12.8761498925 0.0 0.0 0.0 
1 404 12.8761498925 0.0 0.0 0.0 
1 405 12.8761498925 0.0 0.0 0.0 
1 406 12.8761498925 0.0 0.0 0.0 
1 407 12.8761498925 0.0 0.0 0.0 
1 408 12.8761498925 0.0 0.0 0.0 
1 409 12.8761498925 0.0 0.0 0.0 
1 410 12.8761498925 0.0 0.0 0.0 
1 411 12.8761498925 0.0 0.0 0.0 
1 412 12.8761498925 0.0 0.0 0.0 
1 413 12.8761498925 0.0 0.0 0.0 
1 414 12.8761498925 0.0 0.0 0.0 
1 415 12.8761498925 0.0 0.0 0.0 
1 416 12.8761498925 0.0 0.0 0.0 
1 417 12.8761498925 0.0 0.0 0.0 
1 418 12.8761498925 0.0 0.0 0.0 
1 419 12.8761498925 0.0 0.0 0.0 
1 420 12.8761498925 0.0 0.0 0.0 
1 421 12.8761498925 0.0 0.0 0.0 
1 422 12.8761498925 0.0 0.0 0.0 
1 423 12.8761498925 0.0 0.0 0.0 
1 424 12.8761498925 0.0 0.0 0.0 
1 425 12.8761498925 0.0 0.0 0.0 
1 426 12.8761498925 0.0 0.0 0.0 
1 427 12.8761498925 0.0 0.0 0.0 
1 428 12.8761498925 0.0 0.0 0.0 
1 429 12.8761498925 0.0 0.0 0.0 
1 430 12.8761498925 0.0 0.0 0.0 
1 431 12.8761498925 0.0 0.0 0.0 
1 432 12.8761498925 0.0 0.0 0.0 
1 433 12.8761498925 0.0 0.0 0.0 
1 434 12.8761498925 0.0 0.0 0.0 
1 435 12.8761498925 0.0 0.0 0.0 
1 436 12.8761498925 0.0 0.0 0.0 
1 437 12.8761498925 0.0 0.0 0.0 
1 438 12.8761498925 0.0 0.0 0.0 
1 439 12.8761498925 0.0 0.0 0.0 
1 440 12.8761498925 0.0 0.0 0.0 
1 441 12.8761498925 0.0 0.0 0.0 
1 442 12.8761498925 0.0 0.0 0.0 
1 443 12.8761498925 0.0 0.0 0.0 
1 444 12.8761498925 0.0 0.0 0.0 
1 445 12.8761498925 0.0 0.0 0.0 
1 446 12.8761498925 0.0 0.0 0.0 
1 447 12.8761498925 0.0 0.0 0.0 
1 448 12.8761498925 0.0 0.0 0.0 
1 449 12.8761498925 0.0 0.0 0.0 
1 450 12.8761498925 0.0 0.0 0.0 
1 451 12.8761498925 0.0 0.0 0.0 
1 452 12.8761498925 0.0 0.0 0.0 
1 453 12.8761498925 0.0 0.0 0.0 
1 454 12.8761498925 0.0 0.0 0.0 
1 455 12.8761498925 0.0 0.0 0.0 
1 456 12.8761498925 0.0 0.0 0.0 
1 457 12.8761498925 0.0 0.0 0.0 
1 458 12.8761498925 0.0 0.0 0.0 
1 459 12.8761498925 0.0 0.0 0.0 
1 460 12.8761498925 0.0 0.0 0.0 
1 461 12.8761498925 0.0 0.0 0.0 
1 462 12.8761498925 0.0 0.0 0.0 
1 463 12.8761498925 0.0 0.0 0.0 
1 464 12.8761498925 0.0 0.0 0.0 
1 465 12.8761498925 0.0 0.0 0.0 
1 466 12.8761498925 0.0 0.0 0.0 
1 467 12.8761498925 0.0 0.0 0.0 
1 468 12.8761498925 0.0 0.0 0.0 
1 469 12.8761498925 0.0 0.0 0.0 
1 470 12.8761498925 0.0 0.0 0.0 
1 471 12.8761498925 0.0 0.0 0.0 
1 472 12.8761498925 0.0 0.0 0.0 
1 473 12.8761498925 0.0 0.0 0.0 
1 474 12.8761498925 0.0 0.0 0.0 
1 475 12.8761498925 0.0 0.0 0.0 
1 476 12.8761498925 0.0 0.0 0.0 
1 477 12.8761498925 0.0 0.0 0.0 
1 478 12.8761498925 0.0 0.0 0.0 
1 479 12.8761498925 0.0 0.0 0.0 
1 480 12.8761498925 0.0 0.0 0.0 
1 481 12.8761498925 0.0 0.0 0.0 
1 482 12.8761498925 0.0 0.0 0.0 
1 483 12.8761498925 0.0 0.0 0.0 
1 484 12.8761498925 0.0 0.0 0.0 
1 485 12.8761498925 0.0 0.0 0.0 
1 486 12.8761498925 0.0 0.0 0.0 
1 487 12.8761498925 0.0 0.0 0.0 
1 488 12.8761498925 0.0 0.0 0.0 
1 489 12.8761498925 0.0 0.0 0.0 
1 490 12.8761498925 0.0 0.0 0.0 
1 491 12.8761498925 0.0 0.0 0.0 
1 492 12.8761498925 0.0 0.0 0.0 
1 493 12.8761498925 0.0 0.0 0.0 
1 494 12.8761498925 0.0 0.0 0.0 
1 495 12.8761498925 0.0 0.0 0.0 
1 496 12.8761498925 0.0 0.0 0.0 
1 497 12.8761498925 0.0 0.0 0.0 
1 498 12.8761498925 0.0 0.0 0.0 
1 499 12.8761498925 0.0 0.0 0.0 
1 500 12.8761498925 0.0 0.0 0.0 
1 501 12.8761498925 0.0 0.0 0.0 
1 502 12.8761498925 0.0 0.0 0.0 
1 503 12.8761498925 0.0 0.0 0.0 
1 504 12.8761498925 0.0 0.0 0.0 
1 505 12.8761498925 0.0 0.0 0.0 
1 506 12.8761498925 0.0 0.0 0.0 
1 507 12.8761498925 0.0 0.0 0.0 
1 508 12.8761498925 0.0 0.0 0.0 
1 509 12.8761498925 0.0 0.0 0.0 
1 510 12.8761498925 0.0 0.0 0.0 
1 511 12.8761498925 0.0 0.0 0.0 
1 512 12.8761498925 0.0 0.0 0.0 
1 513 12.8761498925 0.0 0.0 0.0 
1 514 12.8761498925 0.0 0.0 0.0 
1 515 12.8761498925 0.0 0.0 0.0 
1 516 12.8761498925 0.0 0.0 0.0 
1 517 12.8761498925 0.0 0.0 0.0 
1 518 12.8761498925 0.0 0.0 0.0 
1 519 12.8761498925 0.0 0.0 0.0 
1 520 12.8761498925 0.0 0.0 0.0 
1 521 12.8761498925 0.0 0.0 0.0 
1 522 12.8761498925 0.0 0.0 0.0 
1 523 12.8761498925 0.0 0.0 0.0 
1 524 12.8761498925 0.0 0.0 0.0 
1 525 12.8761498925 0.0 0.0 0.0 
1 526 12.8761498925 0.0 0.0 0.0 
1 527 12.8761498925 0.0 0.0 0.0 
1 528 12.8761498925 0.0 0.0 0.0 
1 529 12.8761498925 0.0 0.0 0.0 
1 530 12.8761498925 0.0 0.0 0.0 
1 531 12.8761498925 0.0 0.0 0.0 
1 532 12.8761498925 0.0 0.0 0.0 
1 533 12.8761498925 0.0 0.0 0.0 
1 534 12.8761498925 0.0 0.0 0.0 
1 535 12.8761498925 0.0 0.0 0.0 
1 536 12.8761498925 0.0 0.0 0.0 
1 537 12.8761498925 0.0 0.0 0.0 
1 538 12.8761498925 0.0 0.0 0.0 
1 539 12.8761498925 0.0 0.0 0.0 
1 540 12.8761498925 0.0 0.0 0.0 
1 541 12.8761498925 0.0 0.0 0.0 
1 542 12.8761498925 0.0 0.0 0.0 
1 543 12.8761498925 0.0 0.0 0.0 
1 544 12.8761498925 0.0 0.0 0.0 
1 545 12.8761498925 0.0 0.0 0.0 
1 546 12.8761498925 0.0 0.0 0.0 
1 547 12.8761498925 0.0 0.0 0.0 
1 548 12.8761498925 0.0 0.0 0.0 
1 549 12.8761498925 0.0 0.0 0.0 
1 550 12.8761498925 0.0 0.0 0.0 
1 551 12.8761498925 0.0 0.0 0.0 
1 552 12.8761498925 0.0 0.0 0.0 
1 553 12.8761498925 0.0 0.0 0.0 
1 554 12.8761498925 0.0 0.0 0.0 
1 555 12.8761498925 0.0 0.0 0.0 
1 556 12.8761498925 0.0 0.0 0.0 
1 557 12.8761498925 0.0 0.0 0.0 
1 558 12.8761498925 0.0 0.0 0.0 
1 559 12.8761498925 0.0 0.0 0.0 
1 560 12.8761498925 0.0 0.0 0.0 
1 561 12.8761498925 0.0 0.0 0.0 
1 562 12.8761498925 0.0 0.0 0.0 
1 563 12.8761498925 0.0 0.0 0.0 
1 564 12.8761498925 0.0 0.0 0.0 
1 565 12.8761498925 0.0 0.0 0.0 
1 566 12.8761498925 0.0 0.0 0.0 
1 567 12.8761498925 0.0 0.0 0.0 
1 568 12.8761498925 0.0 0.0 0.0 
1 569 12.8761498925 0.0 0.0 0.0 
1 570 12.8761498925 0.0 0.0 0.0 
1 571 12.8761498925 0.0 0.0 0.0 
1 572 12.8761498925 0.0 0.0 0.0 
1 573 12.8761498925 0.0 0.0 0.0 
1 574 12.8761498925 0.0 0.0 0.0 
1 575 12.8761498925 0.0 0.0 0.0 
1 576 12.8761498925 0.0 0.0 0.0 
1 577 12.8761498925 0.0 0.0 0.0 
1 578 12.8761498925 0.0 0.0 0.0 
1 579 12.8761498925 0.0 0.0 0.0 
1 580 12.8761498925 0.0 0.0 0.0 
1 581 12.8761498925 0.0 0.0 0.0 
1 582 12.8761498925 0.0 0.0 0.0 
1 583 12.8761498925 0.0 0.0 0.0 
1 584 12.8761498925 0.0 0.0 0.0 
1 585 12.8761498925 0.0 0.0 0.0 
1 586 12.8761498925 0.0 0.0 0.0 
1 587 12.8761498925 0.0 0.0 0.0 
1 588 12.8761498925 0.0 0.0 0.0 
1 589 12.8761498925 0.0 0.0 0.0 
1 590 12.8761498925 0.0 0.0 0.0 
1 591 12.8761498925 0.0 0.0 0.0 
1 592 12.8761498925 0.0 0.0 0.0 
1 593 12.8761498925 0.0 0.0 0.0 
1 594 12.8761498925 0.0 0.0 0.0 
1 595 12.8761498925 0.0 0.0 0.0 
1 596 12.8761498925 0.0 0.0 0.0 
1 597 12.8761498925 0.0 0.0 0.0 
1 598 12.8761498925 0.0 0.0 0.0 
1 599 12.8761498925 0.0 0.0 0.0 
1 600 12.8761498925 0.0 0.0 0.0 
1 601 12.8761498925 0.0 0.0 0.0 
1 602 12.8761498925 0.0 0.0 0.0 
1 603 12.8761498925 0.0 0.0 0.0 
1 604 12.8761498925 0.0 0.0 0.0 
1 605 12.8761498925 0.0 0.0 0.0 
1 606 12.8761498925 0.0 0.0 0.0 
1 607 12.8761498925 0.0 0.0 0.0 
1 608 12.8761498925 0.0 0.0 0.0 
1 609 12.8761498925 0.0 0.0 0.0 
1 610 12.8761498925 0.0 0.0 0.0 
1 611 12.8761498925 0.0 0.0 0.0 
1 612 12.8761498925 0.0 0.0 0.0 
1 613 12.8761498925 0.0 0.0 0.0 
1 614 12.8761498925 0.0 0.0 0.0 
1 615 12.8761498925 0.0 0.0 0.0 
1 616 12.8761498925 0.0 0.0 0.0 
1 617 12.8761498925 0.0 0.0 0.0 
1 618 12.8761498925 0.0 0.0 0.0 
1 619 12.8761498925 0.0 0.0 0.0 
1 620 12.8761498925 0.0 0.0 0.0 
1 621 12.8761498925 0.0 0.0 0.0 
1 622 12.8761498925 0.0 0.0 0.0 
1 623 12.8761498925 0.0 0.0 0.0 
1 624 12.8761498925 0.0 0.0 0.0 
1 625 12.8761498925 0.0 0.0 0.0 
1 626 12.8761498925 0.0 0.0 0.0 
1 627 12.8761498925 0.0 0.0 0.0 
1 628 12.8761498925 0.0 0.0 0.0 
1 629 12.8761498925 0.0 0.0 0.0 
1 630 12.8761498925 0.0 0.0 0.0 
1 631 12.8761498925 0.0 0.0 0.0 
1 632 12.8761498925 0.0 0.0 0.0 
1 633 12.8761498925 0.0 0.0 0.0 
1 634 12.8761498925 0.0 0.0 0.0 
1 635 12.8761498925 0.0 0.0 0.0 
1 636 12.8761498925 0.0 0.0 0.0 
1 637 12.8761498925 0.0 0.0 0.0 
1 638 12.8761498925 0.0 0.0 0.0 
1 639 12.8761498925 0.0 0.0 0.0 
1 640 12.8761498925 0.0 0.0 0.0 
1 641 12.8761498925 0.0 0.0 0.0 
1 642 12.8761498925 0.0 0.0 0.0 
1 643 12.8761498925 0.0 0.0 0.0 
1 644 12.8761498925 0.0 0.0 0.0 
1 645 12.8761498925 0.0 0.0 0.0 
1 646 12.8761498925 0.0 0.0 0.0 
1 647 12.8761498925 0.0 0.0 0.0 
1 648 12.8761498925 0.0 0.0 0.0 
1 649 12.8761498925 0.0 0.0 0.0 
1 650 12.8761498925 0.0 0.0 0.0 
1 651 12.8761498925 0.0 0.0 0.0 
1 652 12.8761498925 0.0 0.0 0.0 
1 653 12.8761498925 0.0 0.0 0.0 
1 654 12.8761498925 0.0 0.0 0.0 
1 655 12.8761498925 0.0 0.0 0.0 
1 656 12.8761498925 0.0 0.0 0.0 
1 657 12.8761498925 0.0 0.0 0.0 
1 658 12.8761498925 0.0 0.0 0.0 
1 659 12.8761498925 0.0 0.0 0.0 
1 660 12.8761498925 0.0 0.0 0.0 
1 661 12.8761498925 0.0 0.0 0.0 
1 662 12.8761498925 0.0 0.0 0.0 
1 663 12.8761498925 0.0 0.0 0.0 
1 664 12.8761498925 0.0 0.0 0.0 
1 665 12.8761498925 0.0 0.0 0.0 
1 666 12.8761498925 0.0 0.0 0.0 
1 667 12.8761498925 0.0 0.0 0.0 
1 668 12.8761498925 0.0 0.0 0.0 
1 669 12.8761498925 0.0 0.0 0.0 
1 670 12.8761498925 0.0 0.0 0.0 
1 671 12.8761498925 0.0 0.0 0.0 
1 672 12.8761498925 0.0 0.0 0.0 
1 673 12.8761498925 0.0 0.0 0.0 
1 674 12.8761498925 0.0 0.0 0.0 
1 675 12.8761498925 0.0 0.0 0.0 
1 676 12.8761498925 0.0 0.0 0.0 
1 677 12.8761498925 0.0 0.0 0.0 
1 678 12.8761498925 0.0 0.0 0.0 
1 679 12.8761498925 0.0 0.0 0.0 
1 680 12.8761498925 0.0 0.0 0.0 
1 681 12.8761498925 0.0 0.0 0.0 
1 682 12.8761498925 0.0 0.0 0.0 
1 683 12.8761498925 0.0 0.0 0.0 
1 684 12.8761498925 0.0 0.0 0.0 
1 685 12.8761498925 0.0 0.0 0.0 
1 686 12.8761498925 0.0 0.0 0.0 
1 687 12.8761498925 0.0 0.0 0.0 
1 688 12.8761498925 0.0 0.0 0.0 
1 689 12.8761498925 0.0 0.0 0.0 
1 690 12.8761498925 0.0 0.0 0.0 
1 691 12.8761498925 0.0 0.0 0.0 
1 692 12.8761498925 0.0 0.0 0.0 
1 693 12.8761498925 0.0 0.0 0.0 
1 694 12.8761498925 0.0 0.0 0.0 
1 695 12.8761498925 0.0 0.0 0.0 
1 696 12.8761498925 0.0 0.0 0.0 
1 697 12.8761498925 0.0 0.0 0.0 
1 698 12.8761498925 0.0 0.0 0.0 
1 699 12.8761498925 0.0 0.0 0.0 
1 700 12.8761498925 0.0 0.0 0.0 
1 701 12.8761498925 0.0 0.0 0.0 
1 702 12.8761498925 0.0 0.0 0.0 
1 703 12.8761498925 0.0 0.0 0.0 
1 704 12.8761498925 0.0 0.0 0.0 
1 705 12.8761498925 0.0 0.0 0.0 
1 706 12.8761498925 0.0 0.0 0.0 
1 707 12.8761498925 0.0 0.0 0.0 
1 708 12.8761498925 0.0 0.0 0.0 
1 709 12.8761498925 0.0 0.0 0.0 
1 710 12.8761498925 0.0 0.0 0.0 
1 711 12.8761498925 0.0 0.0 0.0 
1 712 12.8761498925 0.0 0.0 0.0 
1 713 12.8761498925 0.0 0.0 0.0 
1 714 12.8761498925 0.0 0.0 0.0 
1 715 12.8761498925 0.0 0.0 0.0 
1 716 12.8761498925 0.0 0.0 0.0 
1 717 12.8761498925 0.0 0.0 0.0 
1 718 12.8761498925 0.0 0.0 0.0 
1 719 12.8761498925 0.0 0.0 0.0 
1 720 12.8761498925 0.0 0.0 0.0 
1 721 12.8761498925 0.0 0.0 0.0 
1 722 12.8761498925 0.0 0.0 0.0 
1 723 12.8761498925 0.0 0.0 0.0 
1 724 12.8761498925 0.0 0.0 0.0 
1 725 12.8761498925 0.0 0.0 0.0 
1 726 12.8761498925 0.0 0.0 0.0 
1 727 12.8761498925 0.0 0.0 0.0 
1 728 12.8761498925 0.0 0.0 0.0 
1 729 12.8761498925 0.0 0.0 0.0 
1 730 12.8761498925 0.0 0.0 0.0 
1 731 12.8761498925 0.0 0.0 0.0 
1 732 12.8761498925 0.0 0.0 0.0 
1 733 12.8761498925 0.0 0.0 0.0 
1 734 12.8761498925 0.0 0.0 0.0 
1 735 12.8761498925 0.0 0.0 0.0 
1 736 12.8761498925 0.0 0.0 0.0 
1 737 12.8761498925 0.0 0.0 0.0 
1 738 12.8761498925 0.0 0.0 0.0 
1 739 12.8761498925 0.0 0.0 0.0 
1 740 12.8761498925 0.0 0.0 0.0 
1 741 12.8761498925 0.0 0.0 0.0 
1 742 12.8761498925 0.0 0.0 0.0 
1 743 12.8761498925 0.0 0.0 0.0 
1 744 12.8761498925 0.0 0.0 0.0 
1 745 12.8761498925 0.0 0.0 0.0 
1 746 12.8761498925 0.0 0.0 0.0 
1 747 12.8761498925 0.0 0.0 0.0 
1 748 12.8761498925 0.0 0.0 0.0 
1 749 12.8761498925 0.0 0.0 0.0 
1 750 12.8761498925 0.0 0.0 0.0 
1 751 12.8761498925 0.0 0.0 0.0 
1 752 12.8761498925 0.0 0.0 0.0 
1 753 12.8761498925 0.0 0.0 0.0 
1 754 12.8761498925 0.0 0.0 0.0 
1 755 12.8761498925 0.0 0.0 0.0 
1 756 12.8761498925 0.0 0.0 0.0 
1 757 12.8761498925 0.0 0.0 0.0 
1 758 12.8761498925 0.0 0.0 0.0 
1 759 12.8761498925 0.0 0.0 0.0 
1 760 12.8761498925 0.0 0.0 0.0 
1 761 12.8761498925 0.0 0.0 0.0 
1 762 12.8761498925 0.0 0.0 0.0 
1 763 12.8761498925 0.0 0.0 0.0 
1 764 12.8761498925 0.0 0.0 0.0 
1 765 12.8761498925 0.0 0.0 0.0 
1 766 12.8761498925 0.0 0.0 0.0 
1 767 12.8761498925 0.0 0.0 0.0 
1 768 12.8761498925 0.0 0.0 0.0 
1 769 12.8761498925 0.0 0.0 0.0 
1 770 12.8761498925 0.0 0.0 0.0 
1 771 12.8761498925 0.0 0.0 0.0 
1 772 12.8761498925 0.0 0.0 0.0 
1 773 12.8761498925 0.0 0.0 0.0 
1 774 12.8761498925 0.0 0.0 0.0 
1 775 12.8761498925 0.0 0.0 0.0 
1 776 12.8761498925 0.0 0.0 0.0 
1 777 12.8761498925 0.0 0.0 0.0 
1 778 12.8761498925 0.0 0.0 0.0 
1 779 12.8761498925 0.0 0.0 0.0 
1 780 12.8761498925 0.0 0.0 0.0 
1 781 12.8761498925 0.0 0.0 0.0 
1 782 12.8761498925 0.0 0.0 0.0 
1 783 12.8761498925 0.0 0.0 0.0 
1 784 12.8761498925 0.0 0.0 0.0 
1 785 12.8761498925 0.0 0.0 0.0 
1 786 12.8761498925 0.0 0.0 0.0 
1 787 12.8761498925 0.0 0.0 0.0 
1 788 12.8761498925 0.0 0.0 0.0 
1 789 12.8761498925 0.0 0.0 0.0 
1 790 12.8761498925 0.0 0.0 0.0 
1 791 12.8761498925 0.0 0.0 0.0 
1 792 12.8761498925 0.0 0.0 0.0 
1 793 12.8761498925 0.0 0.0 0.0 
1 794 12.8761498925 0.0 0.0 0.0 
1 795 12.8761498925 0.0 0.0 0.0 
1 796 12.8761498925 0.0 0.0 0.0 
1 797 12.8761498925 0.0 0.0 0.0 
1 798 12.8761498925 0.0 0.0 0.0 
1 799 12.8761498925 0.0 0.0 0.0 
1 800 12.8761498925 0.0 0.0 0.0 
1 801 12.8761498925 0.0 0.0 0.0 
1 802 12.8761498925 0.0 0.0 0.0 
1 803 12.8761498925 0.0 0.0 0.0 
1 804 12.8761498925 0.0 0.0 0.0 
1 805 12.8761498925 0.0 0.0 0.0 
1 806 12.8761498925 0.0 0.0 0.0 
1 807 12.8761498925 0.0 0.0 0.0 
1 808 12.8761498925 0.0 0.0 0.0 
1 809 12.8761498925 0.0 0.0 0.0 
1 810 12.8761498925 0.0 0.0 0.0 
1 811 12.8761498925 0.0 0.0 0.0 
1 812 12.8761498925 0.0 0.0 0.0 
1 813 12.8761498925 0.0 0.0 0.0 
1 814 12.8761498925 0.0 0.0 0.0 
1 815 12.8761498925 0.0 0.0 0.0 
1 816 12.8761498925 0.0 0.0 0.0 
1 817 12.8761498925 0.0 0.0 0.0 
1 818 12.8761498925 0.0 0.0 0.0 
1 819 12.8761498925 0.0 0.0 0.0 
1 820 12.8761498925 0.0 0.0 0.0 
1 821 12.8761498925 0.0 0.0 0.0 
1 822 12.8761498925 0.0 0.0 0.0 
1 823 12.8761498925 0.0 0.0 0.0 
1 824 12.8761498925 0.0 0.0 0.0 
1 825 12.8761498925 0.0 0.0 0.0 
1 826 12.8761498925 0.0 0.0 0.0 
1 827 12.8761498925 0.0 0.0 0.0 
1 828 12.8761498925 0.0 0.0 0.0 
1 829 12.8761498925 0.0 0.0 0.0 
1 830 12.8761498925 0.0 0.0 0.0 
1 831 12.8761498925 0.0 0.0 0.0 
1 832 12.8761498925 0.0 0.0 0.0 
1 833 12.8761498925 0.0 0.0 0.0 
1 834 12.8761498925 0.0 0.0 0.0 
1 835 12.8761498925 0.0 0.0 0.0 
1 836 12.8761498925 0.0 0.0 0.0 
1 837 12.8761498925 0.0 0.0 0.0 
1 838 12.8761498925 0.0 0.0 0.0 
1 839 12.8761498925 0.0 0.0 0.0 
1 840 12.8761498925 0.0 0.0 0.0 
1 841 12.8761498925 0.0 0.0 0.0 
1 842 12.8761498925 0.0 0.0 0.0 
1 843 12.8761498925 0.0 0.0 0.0 
1 844 12.8761498925 0.0 0.0 0.0 
1 845 12.8761498925 0.0 0.0 0.0 
1 846 12.8761498925 0.0 0.0 0.0 
1 847 12.8761498925 0.0 0.0 0.0 
1 848 12.8761498925 0.0 0.0 0.0 
1 849 12.8761498925 0.0 0.0 0.0 
1 850 12.8761498925 0.0 0.0 0.0 
1 851 12.8761498925 0.0 0.0 0.0 
1 852 12.8761498925 0.0 0.0 0.0 
1 853 12.8761498925 0.0 0.0 0.0 
1 854 12.8761498925 0.0 0.0 0.0 
1 855 12.8761498925 0.0 0.0 0.0 
1 856 12.8761498925 0.0 0.0 0.0 
1 857 12.8761498925 0.0 0.0 0.0 
1 858 12.8761498925 0.0 0.0 0.0 
1 859 12.8761498925 0.0 0.0 0.0 
1 860 12.8761498925 0.0 0.0 0.0 
1 861 12.8761498925 0.0 0.0 0.0 
1 862 12.8761498925 0.0 0.0 0.0 
1 863 12.8761498925 0.0 0.0 0.0 
1 864 12.8761498925 0.0 0.0 0.0 
1 865 12.8761498925 0.0 0.0 0.0 
1 866 12.8761498925 0.0 0.0 0.0 
1 867 12.8761498925 0.0 0.0 0.0 
1 868 12.8761498925 0.0 0.0 0.0 
1 869 12.8761498925 0.0 0.0 0.0 
1 870 12.8761498925 0.0 0.0 0.0 
1 871 12.8761498925 0.0 0.0 0.0 
1 872 12.8761498925 0.0 0.0 0.0 
1 873 12.8761498925 0.0 0.0 0.0 
1 874 12.8761498925 0.0 0.0 0.0 
1 875 12.8761498925 0.0 0.0 0.0 
1 876 12.8761498925 0.0 0.0 0.0 
1 877 12.8761498925 0.0 0.0 0.0 
1 878 12.8761498925 0.0 0.0 0.0 
1 879 12.8761498925 0.0 0.0 0.0 
1 880 12.8761498925 0.0 0.0 0.0 
1 881 12.8761498925 0.0 0.0 0.0 
1 882 12.8761498925 0.0 0.0 0.0 
1 883 12.8761498925 0.0 0.0 0.0 
1 884 12.8761498925 0.0 0.0 0.0 
1 885 12.8761498925 0.0 0.0 0.0 
1 886 12.8761498925 0.0 0.0 0.0 
1 887 12.8761498925 0.0 0.0 0.0 
1 888 12.8761498925 0.0 0.0 0.0 
1 889 12.8761498925 0.0 0.0 0.0 
1 890 12.8761498925 0.0 0.0 0.0 
1 891 12.8761498925 0.0 0.0 0.0 
1 892 12.8761498925 0.0 0.0 0.0 
1 893 12.8761498925 0.0 0.0 0.0 
1 894 12.8761498925 0.0 0.0 0.0 
1 895 12.8761498925 0.0 0.0 0.0 
1 896 12.8761498925 0.0 0.0 0.0 
1 897 12.8761498925 0.0 0.0 0.0 
1 898 12.8761498925 0.0 0.0 0.0 
1 899 12.8761498925 0.0 0.0 0.0 
1 900 12.8761498925 0.0 0.0 0.0 
1 901 12.8761498925 0.0 0.0 0.0 
1 902 12.8761498925 0.0 0.0 0.0 
1 903 12.8761498925 0.0 0.0 0.0 
1 904 12.8761498925 0.0 0.0 0.0 
1 905 12.8761498925 0.0 0.0 0.0 
1 906 12.8761498925 0.0 0.0 0.0 
1 907 12.8761498925 0.0 0.0 0.0 
1 908 12.8761498925 0.0 0.0 0.0 
1 909 12.8761498925 0.0 0.0 0.0 
1 910 12.8761498925 0.0 0.0 0.0 
1 911 12.8761498925 0.0 0.0 0.0 
1 912 12.8761498925 0.0 0.0 0.0 
1 913 12.8761498925 0.0 0.0 0.0 
1 914 12.8761498925 0.0 0.0 0.0 
1 915 12.8761498925 0.0 0.0 0.0 
1 916 12.8761498925 0.0 0.0 0.0 
1 917 12.8761498925 0.0 0.0 0.0 
1 918 12.8761498925 0.0 0.0 0.0 
1 919 12.8761498925 0.0 0.0 0.0 
1 920 12.8761498925 0.0 0.0 0.0 
1 921 12.8761498925 0.0 0.0 0.0 
1 922 12.8761498925 0.0 0.0 0.0 
1 923 12.8761498925 0.0 0.0 0.0 
1 924 12.8761498925 0.0 0.0 0.0 
1 925 12.8761498925 0.0 0.0 0.0 
1 926 12.8761498925 0.0 0.0 0.0 
1 927 12.8761498925 0.0 0.0 0.0 
1 928 12.8761498925 0.0 0.0 0.0 
1 929 12.8761498925 0.0 0.0 0.0 
1 930 12.8761498925 0.0 0.0 0.0 
1 931 12.8761498925 0.0 0.0 0.0 
1 932 12.8761498925 0.0 0.0 0.0 
1 933 12.8761498925 0.0 0.0 0.0 
1 934 12.8761498925 0.0 0.0 0.0 
1 935 12.8761498925 0.0 0.0 0.0 
1 936 12.8761498925 0.0 0.0 0.0 
1 937 12.8761498925 0.0 0.0 0.0 
1 938 12.8761498925 0.0 0.0 0.0 
1 939 12.8761498925 0.0 0.0 0.0 
1 940 12.8761498925 0.0 0.0 0.0 
1 941 12.8761498925 0.0 0.0 0.0 
1 942 12.8761498925 0.0 0.0 0.0 
1 943 12.8761498925 0.0 0.0 0.0 
1 944 12.8761498925 0.0 0.0 0.0 
1 945 12.8761498925 0.0 0.0 0.0 
1 946 12.8761498925 0.0 0.0 0.0 
1 947 12.8761498925 0.0 0.0 0.0 
1 948 12.8761498925 0.0 0.0 0.0 
1 949 12.8761498925 0.0 0.0 0.0 
1 950 12.8761498925 0.0 0.0 0.0 
1 951 12.8761498925 0.0 0.0 0.0 
1 952 12.8761498925 0.0 0.0 0.0 
1 953 12.8761498925 0.0 0.0 0.0 
1 954 12.8761498925 0.0 0.0 0.0 
1 955 12.8761498925 0.0 0.0 0.0 
1 956 12.8761498925 0.0 0.0 0.0 
1 957 12.8761498925 0.0 0.0 0.0 
5 1 41.270183985 0.0 0.0 0.0 
5 2 41.270183985 0.0 0.0 0.0 
5 3 41.270183985 0.0 0.0 0.0 
5 4 41.270183985 0.0 0.0 0.0 
5 5 41.270183985 0.0 0.0 0.0 
5 6 41.270183985 0.0 0.0 0.0 
5 7 41.270183985 0.0 0.0 0.0 
5 8 41.270183985 0.0 0.0 0.0 
5 9 41.270183985 0.0 0.0 0.0 
5 10 41.270183985 0.0 0.0 0.0 
5 11 41.270183985 0.0 0.0 0.0 
5 12 41.270183985 0.0 0.0 0.0 
5 13 41.270183985 0.0 0.0 0.0 
5 14 41.270183985 0.0 0.0 0.0 
5 15 41.270183985 0.0 0.0 0.0 
5 16 41.270183985 0.0 0.0 0.0 
5 17 41.270183985 0.0 0.0 0.0 
5 18 41.270183985 0.0 0.0 0.0 
5 19 41.270183985 0.0 0.0 0.0 
5 20 41.270183985 0.0 0.0 0.0 
5 21 41.270183985 0.0 0.0 0.0 
5 22 41.270183985 0.0 0.0 0.0 
5 23 41.270183985 0.0 0.0 0.0 
5 24 41.270183985 0.0 0.0 0.0 
5 25 41.270183985 0.0 0.0 0.0 
5 26 41.270183985 0.0 0.0 0.0 
5 27 41.270183985 0.0 0.0 0.0 
5 28 41.270183985 0.0 0.0 0.0 
5 29 41.270183985 0.0 0.0 0.0 
5 30 41.270183985 0.0 0.0 0.0 
5 31 41.270183985 0.0 0.0 0.0 
5 32 41.270183985 0.0 0.0 0.0 
5 33 41.270183985 0.0 0.0 0.0 
5 34 41.270183985 0.0 0.0 0.0 
5 35 41.270183985 0.0 0.0 0.0 
5 36 41.270183985 0.0 0.0 0.0 
5 37 41.270183985 0.0 0.0 0.0 
5 38 41.270183985 0.0 0.0 0.0 
5 39 41.270183985 0.0 0.0 0.0 
5 40 41.270183985 0.0 0.0 0.0 
5 41 41.270183985 0.0 0.0 0.0 
5 42 41.270183985 0.0 0.0 0.0 
5 43 41.270183985 0.0 0.0 0.0 
5 44 41.270183985 0.0 0.0 0.0 
5 45 41.270183985 0.0 0.0 0.0 
5 46 41.270183985 0.0 0.0 0.0 
5 47 41.270183985 0.0 0.0 0.0 
5 48 41.270183985 0.0 0.0 0.0 
5 49 41.270183985 0.0 0.0 0.0 
5 50 41.270183985 0.0 0.0 0.0 
5 51 41.270183985 0.0 0.0 0.0 
5 52 41.270183985 0.0 0.0 0.0 
5 53 41.270183985 0.0 0.0 0.0 
5 54 41.270183985 0.0 0.0 0.0 
5 55 41.270183985 0.0 0.0 0.0 
5 56 41.270183985 0.0 0.0 0.0 
5 57 41.270183985 0.0 0.0 0.0 
5 58 41.270183985 0.0 0.0 0.0 
5 59 41.270183985 0.0 0.0 0.0 
5 60 41.270183985 0.0 0.0 0.0 
5 61 41.270183985 0.0 0.0 0.0 
5 62 41.270183985 0.0 0.0 0.0 
5 63 41.270183985 0.0 0.0 0.0 
5 64 41.270183985 0.0 0.0 0.0 
5 65 41.270183985 0.0 0.0 0.0 
5 66 41.270183985 0.0 0.0 0.0 
5 67 41.270183985 0.0 0.0 0.0 
5 68 41.270183985 0.0 0.0 0.0 
5 69 41.270183985 0.0 0.0 0.0 
5 70 41.270183985 0.0 0.0 0.0 
5 71 41.270183985 0.0 0.0 0.0 
5 72 41.270183985 0.0 0.0 0.0 
5 73 41.270183985 0.0 0.0 0.0 
5 74 41.270183985 0.0 0.0 0.0 
5 75 41.270183985 0.0 0.0 0.0 
5 76 41.270183985 0.0 0.0 0.0 
5 77 41.270183985 0.0 0.0 0.0 
5 78 41.270183985 0.0 0.0 0.0 
5 79 41.270183985 0.0 0.0 0.0 
5 80 41.270183985 0.0 0.0 0.0 
5 81 41.270183985 0.0 0.0 0.0 
5 82 41.270183985 0.0 0.0 0.0 
5 83 41.270183985 0.0 0.0 0.0 
5 84 41.270183985 0.0 0.0 0.0 
5 85 41.270183985 0.0 0.0 0.0 
5 86 41.270183985 0.0 0.0 0.0 
5 87 41.270183985 0.0 0.0 0.0 
5 88 41.270183985 0.0 0.0 0.0 
5 89 41.270183985 0.0 0.0 0.0 
5 90 41.270183985 0.0 0.0 0.0 
5 91 41.270183985 0.0 0.0 0.0 
5 92 41.270183985 0.0 0.0 0.0 
5 93 41.270183985 0.0 0.0 0.0 
5 94 41.270183985 0.0 0.0 0.0 
5 95 41.270183985 0.0 0.0 0.0 
5 96 41.270183985 0.0 0.0 0.0 
5 97 41.270183985 0.0 0.0 0.0 
5 98 41.270183985 0.0 0.0 0.0 
5 99 41.270183985 0.0 0.0 0.0 
5 100 41.270183985 0.0 0.0 0.0 
5 101 41.270183985 0.0 0.0 0.0 
5 102 41.270183985 0.0 0.0 0.0 
5 103 41.270183985 0.0 0.0 0.0 
5 104 41.270183985 0.0 0.0 0.0 
5 105 41.270183985 0.0 0.0 0.0 
5 106 41.270183985 0.0 0.0 0.0 
5 107 41.270183985 0.0 0.0 0.0 
5 108 41.270183985 0.0 0.0 0.0 
5 109 41.270183985 0.0 0.0 0.0 
5 110 41.270183985 0.0 0.0 0.0 
5 111 41.270183985 0.0 0.0 0.0 
5 112 41.270183985 0.0 0.0 0.0 
5 113 41.270183985 0.0 0.0 0.0 
5 114 41.270183985 0.0 0.0 0.0 
5 115 41.270183985 0.0 0.0 0.0 
5 116 41.270183985 0.0 0.0 0.0 
5 117 41.270183985 0.0 0.0 0.0 
5 118 41.270183985 0.0 0.0 0.0 
5 119 41.270183985 0.0 0.0 0.0 
5 120 41.270183985 0.0 0.0 0.0 
5 121 41.270183985 0.0 0.0 0.0 
5 122 41.270183985 0.0 0.0 0.0 
5 123 41.270183985 0.0 0.0 0.0 
5 124 41.270183985 0.0 0.0 0.0 
5 125 41.270183985 0.0 0.0 0.0 
5 126 41.270183985 0.0 0.0 0.0 
5 127 41.270183985 0.0 0.0 0.0 
5 128 41.270183985 0.0 0.0 0.0 
5 129 41.270183985 0.0 0.0 0.0 
5 130 41.270183985 0.0 0.0 0.0 
5 131 41.270183985 0.0 0.0 0.0 
5 132 41.270183985 0.0 0.0 0.0 
5 133 41.270183985 0.0 0.0 0.0 
5 134 41.270183985 0.0 0.0 0.0 
5 135 41.270183985 0.0 0.0 0.0 
5 136 41.270183985 0.0 0.0 0.0 
5 137 41.270183985 0.0 0.0 0.0 
5 138 41.270183985 0.0 0.0 0.0 
5 139 41.270183985 0.0 0.0 0.0 
5 140 41.270183985 0.0 0.0 0.0 
5 141 41.270183985 0.0 0.0 0.0 
5 142 41.270183985 0.0 0.0 0.0 
5 143 41.270183985 0.0 0.0 0.0 
5 144 41.270183985 0.0 0.0 0.0 
5 145 41.270183985 0.0 0.0 0.0 
5 146 41.270183985 0.0 0.0 0.0 
5 147 41.270183985 0.0 0.0 0.0 
5 148 41.270183985 0.0 0.0 0.0 
5 149 41.270183985 0.0 0.0 0.0 
5 150 41.270183985 0.0 0.0 0.0 
5 151 41.270183985 0.0 0.0 0.0 
5 152 41.270183985 0.0 0.0 0.0 
5 153 41.270183985 0.0 0.0 0.0 
5 154 41.270183985 0.0 0.0 0.0 
5 155 41.270183985 0.0 0.0 0.0 
5 156 41.270183985 0.0 0.0 0.0 
5 157 41.270183985 0.0 0.0 0.0 
5 158 41.270183985 0.0 0.0 0.0 
5 159 41.270183985 0.0 0.0 0.0 
5 160 41.270183985 0.0 0.0 0.0 
5 161 41.270183985 0.0 0.0 0.0 
5 162 41.270183985 0.0 0.0 0.0 
5 163 41.270183985 0.0 0.0 0.0 
5 164 41.270183985 0.0 0.0 0.0 
5 165 41.270183985 0.0 0.0 0.0 
5 166 41.270183985 0.0 0.0 0.0 
5 167 41.270183985 0.0 0.0 0.0 
5 168 41.270183985 0.0 0.0 0.0 
5 169 41.270183985 0.0 0.0 0.0 
5 170 41.270183985 0.0 0.0 0.0 
5 171 41.270183985 0.0 0.0 0.0 
5 172 41.270183985 0.0 0.0 0.0 
5 173 41.270183985 0.0 0.0 0.0 
5 174 41.270183985 0.0 0.0 0.0 
5 175 41.270183985 0.0 0.0 0.0 
5 176 41.270183985 0.0 0.0 0.0 
5 177 41.270183985 0.0 0.0 0.0 
5 178 41.270183985 0.0 0.0 0.0 
5 179 41.270183985 0.0 0.0 0.0 
5 180 41.270183985 0.0 0.0 0.0 
5 181 41.270183985 0.0 0.0 0.0 
5 182 41.270183985 0.0 0.0 0.0 
5 183 41.270183985 0.0 0.0 0.0 
5 184 41.270183985 0.0 0.0 0.0 
5 185 41.270183985 0.0 0.0 0.0 
5 186 41.270183985 0.0 0.0 0.0 
5 187 41.270183985 0.0 0.0 0.0 
5 188 41.270183985 0.0 0.0 0.0 
5 189 41.270183985 0.0 0.0 0.0 
5 190 41.270183985 0.0 0.0 0.0 
5 191 41.270183985 0.0 0.0 0.0 
5 192 41.270183985 0.0 0.0 0.0 
5 193 41.270183985 0.0 0.0 0.0 
5 194 41.270183985 0.0 0.0 0.0 
5 195 41.270183985 0.0 0.0 0.0 
5 196 41.270183985 0.0 0.0 0.0 
5 197 41.270183985 0.0 0.0 0.0 
5 198 41.270183985 0.0 0.0 0.0 
5 199 41.270183985 0.0 0.0 0.0 
5 200 41.270183985 0.0 0.0 0.0 
5 201 41.270183985 0.0 0.0 0.0 
5 202 41.270183985 0.0 0.0 0.0 
5 203 41.270183985 0.0 0.0 0.0 
5 204 41.270183985 0.0 0.0 0.0 
5 205 41.270183985 0.0 0.0 0.0 
5 206 41.270183985 0.0 0.0 0.0 
5 207 41.270183985 0.0 0.0 0.0 
5 208 41.270183985 0.0 0.0 0.0 
5 209 41.270183985 0.0 0.0 0.0 
5 210 41.270183985 0.0 0.0 0.0 
5 211 41.270183985 0.0 0.0 0.0 
5 212 41.270183985 0.0 0.0 0.0 
5 213 41.270183985 0.0 0.0 0.0 
5 214 41.270183985 0.0 0.0 0.0 
5 215 41.270183985 0.0 0.0 0.0 
5 216 41.270183985 0.0 0.0 0.0 
5 217 41.270183985 0.0 0.0 0.0 
5 218 41.270183985 0.0 0.0 0.0 
5 219 41.270183985 0.0 0.0 0.0 
5 220 41.270183985 0.0 0.0 0.0 
5 221 41.270183985 0.0 0.0 0.0 
5 222 41.270183985 0.0 0.0 0.0 
5 223 41.270183985 0.0 0.0 0.0 
5 224 41.270183985 0.0 0.0 0.0 
5 225 41.270183985 0.0 0.0 0.0 
5 226 41.270183985 0.0 0.0 0.0 
5 227 41.270183985 0.0 0.0 0.0 
5 228 41.270183985 0.0 0.0 0.0 
5 229 41.270183985 0.0 0.0 0.0 
5 230 41.270183985 0.0 0.0 0.0 
5 231 41.270183985 0.0 0.0 0.0 
5 232 41.270183985 0.0 0.0 0.0 
5 233 41.270183985 0.0 0.0 0.0 
5 234 41.270183985 0.0 0.0 0.0 
5 235 41.270183985 0.0 0.0 0.0 
5 236 41.270183985 0.0 0.0 0.0 
5 237 41.270183985 0.0 0.0 0.0 
5 238 41.270183985 0.0 0.0 0.0 
5 239 41.270183985 0.0 0.0 0.0 
5 240 41.270183985 0.0 0.0 0.0 
5 241 41.270183985 0.0 0.0 0.0 
5 242 41.270183985 0.0 0.0 0.0 
5 243 41.270183985 0.0 0.0 0.0 
5 244 41.270183985 0.0 0.0 0.0 
5 245 41.270183985 0.0 0.0 0.0 
5 246 41.270183985 0.0 0.0 0.0 
5 247 41.270183985 0.0 0.0 0.0 
5 248 41.270183985 0.0 0.0 0.0 
5 249 41.270183985 0.0 0.0 0.0 
5 250 41.270183985 0.0 0.0 0.0 
5 251 41.270183985 0.0 0.0 0.0 
5 252 41.270183985 0.0 0.0 0.0 
5 253 41.270183985 0.0 0.0 0.0 
5 254 41.270183985 0.0 0.0 0.0 
5 255 41.270183985 0.0 0.0 0.0 
5 256 41.270183985 0.0 0.0 0.0 
5 257 41.270183985 0.0 0.0 0.0 
5 258 41.270183985 0.0 0.0 0.0 
5 259 41.270183985 0.0 0.0 0.0 
5 260 41.270183985 0.0 0.0 0.0 
5 261 41.270183985 0.0 0.0 0.0 
5 262 41.270183985 0.0 0.0 0.0 
5 263 41.270183985 0.0 0.0 0.0 
5 264 41.270183985 0.0 0.0 0.0 
5 265 41.270183985 0.0 0.0 0.0 
5 266 41.270183985 0.0 0.0 0.0 
5 267 41.270183985 0.0 0.0 0.0 
5 268 41.270183985 0.0 0.0 0.0 
5 269 41.270183985 0.0 0.0 0.0 
5 270 41.270183985 0.0 0.0 0.0 
5 271 41.270183985 0.0 0.0 0.0 
5 272 41.270183985 0.0 0.0 0.0 
5 273 41.270183985 0.0 0.0 0.0 
5 274 41.270183985 0.0 0.0 0.0 
5 275 41.270183985 0.0 0.0 0.0 
5 276 41.270183985 0.0 0.0 0.0 
5 277 41.270183985 0.0 0.0 0.0 
5 278 41.270183985 0.0 0.0 0.0 
5 279 41.270183985 0.0 0.0 0.0 
5 280 41.270183985 0.0 0.0 0.0 
5 281 41.270183985 0.0 0.0 0.0 
5 282 41.270183985 0.0 0.0 0.0 
5 283 41.270183985 0.0 0.0 0.0 
5 284 41.270183985 0.0 0.0 0.0 
5 285 41.270183985 0.0 0.0 0.0 
5 286 41.270183985 0.0 0.0 0.0 
5 287 41.270183985 0.0 0.0 0.0 
5 288 41.270183985 0.0 0.0 0.0 
5 289 41.270183985 0.0 0.0 0.0 
5 290 41.270183985 0.0 0.0 0.0 
5 291 41.270183985 0.0 0.0 0.0 
5 292 41.270183985 0.0 0.0 0.0 
5 293 41.270183985 0.0 0.0 0.0 
5 294 41.270183985 0.0 0.0 0.0 
5 295 41.270183985 0.0 0.0 0.0 
5 296 41.270183985 0.0 0.0 0.0 
5 297 41.270183985 0.0 0.0 0.0 
5 298 41.270183985 0.0 0.0 0.0 
5 299 41.270183985 0.0 0.0 0.0 
5 300 41.270183985 0.0 0.0 0.0 
5 301 41.270183985 0.0 0.0 0.0 
5 302 41.270183985 0.0 0.0 0.0 
5 303 41.270183985 0.0 0.0 0.0 
5 304 41.270183985 0.0 0.0 0.0 
5 305 41.270183985 0.0 0.0 0.0 
5 306 41.270183985 0.0 0.0 0.0 
5 307 41.270183985 0.0 0.0 0.0 
5 308 41.270183985 0.0 0.0 0.0 
5 309 41.270183985 0.0 0.0 0.0 
5 310 41.270183985 0.0 0.0 0.0 
5 311 41.270183985 0.0 0.0 0.0 
5 312 41.270183985 0.0 0.0 0.0 
5 313 41.270183985 0.0 0.0 0.0 
5 314 41.270183985 0.0 0.0 0.0 
5 315 41.270183985 0.0 0.0 0.0 
5 316 41.270183985 0.0 0.0 0.0 
5 317 41.270183985 0.0 0.0 0.0 
5 318 41.270183985 0.0 0.0 0.0 
5 319 41.270183985 0.0 0.0 0.0 
5 320 41.270183985 0.0 0.0 0.0 
5 321 41.270183985 0.0 0.0 0.0 
5 322 41.270183985 0.0 0.0 0.0 
5 323 41.270183985 0.0 0.0 0.0 
5 324 41.270183985 0.0 0.0 0.0 
5 325 41.270183985 0.0 0.0 0.0 
5 326 41.270183985 0.0 0.0 0.0 
5 327 41.270183985 0.0 0.0 0.0 
5 328 41.270183985 0.0 0.0 0.0 
5 329 41.270183985 0.0 0.0 0.0 
5 330 41.270183985 0.0 0.0 0.0 
5 331 41.270183985 0.0 0.0 0.0 
5 332 41.270183985 0.0 0.0 0.0 
5 333 41.270183985 0.0 0.0 0.0 
5 334 41.270183985 0.0 0.0 0.0 
5 335 41.270183985 0.0 0.0 0.0 
5 336 41.270183985 0.0 0.0 0.0 
5 337 41.270183985 0.0 0.0 0.0 
5 338 41.270183985 0.0 0.0 0.0 
5 339 41.270183985 0.0 0.0 0.0 
5 340 41.270183985 0.0 0.0 0.0 
5 341 41.270183985 0.0 0.0 0.0 
5 342 41.270183985 0.0 0.0 0.0 
5 343 41.270183985 0.0 0.0 0.0 
5 344 41.270183985 0.0 0.0 0.0 
5 345 41.270183985 0.0 0.0 0.0 
5 346 41.270183985 0.0 0.0 0.0 
5 347 41.270183985 0.0 0.0 0.0 
5 348 41.270183985 0.0 0.0 0.0 
5 349 41.270183985 0.0 0.0 0.0 
5 350 41.270183985 0.0 0.0 0.0 
5 351 41.270183985 0.0 0.0 0.0 
5 352 41.270183985 0.0 0.0 0.0 
5 353 41.270183985 0.0 0.0 0.0 
5 354 41.270183985 0.0 0.0 0.0 
5 355 41.270183985 0.0 0.0 0.0 
5 356 41.270183985 0.0 0.0 0.0 
5 357 41.270183985 0.0 0.0 0.0 
5 358 41.270183985 0.0 0.0 0.0 
5 359 41.270183985 0.0 0.0 0.0 
5 360 41.270183985 0.0 0.0 0.0 
5 361 41.270183985 0.0 0.0 0.0 
5 362 41.270183985 0.0 0.0 0.0 
5 363 41.270183985 0.0 0.0 0.0 
5 364 41.270183985 0.0 0.0 0.0 
5 365 41.270183985 0.0 0.0 0.0 
5 366 41.270183985 0.0 0.0 0.0 
5 367 41.270183985 0.0 0.0 0.0 
5 368 41.270183985 0.0 0.0 0.0 
5 369 41.270183985 0.0 0.0 0.0 
5 370 41.270183985 0.0 0.0 0.0 
5 371 41.270183985 0.0 0.0 0.0 
5 372 41.270183985 0.0 0.0 0.0 
5 373 41.270183985 0.0 0.0 0.0 
5 374 41.270183985 0.0 0.0 0.0 
5 375 41.270183985 0.0 0.0 0.0 
5 376 41.270183985 0.0 0.0 0.0 
5 377 41.270183985 0.0 0.0 0.0 
5 378 41.270183985 0.0 0.0 0.0 
5 379 41.270183985 0.0 0.0 0.0 
5 380 41.270183985 0.0 0.0 0.0 
5 381 41.270183985 0.0 0.0 0.0 
5 382 41.270183985 0.0 0.0 0.0 
5 383 41.270183985 0.0 0.0 0.0 
5 384 41.270183985 0.0 0.0 0.0 
5 385 41.270183985 0.0 0.0 0.0 
5 386 41.270183985 0.0 0.0 0.0 
5 387 41.270183985 0.0 0.0 0.0 
5 388 41.270183985 0.0 0.0 0.0 
5 389 41.270183985 0.0 0.0 0.0 
5 390 41.270183985 0.0 0.0 0.0 
5 391 41.270183985 0.0 0.0 0.0 
5 392 41.270183985 0.0 0.0 0.0 
5 393 41.270183985 0.0 0.0 0.0 
5 394 41.270183985 0.0 0.0 0.0 
5 395 41.270183985 0.0 0.0 0.0 
5 396 41.270183985 0.0 0.0 0.0 
5 397 41.270183985 0.0 0.0 0.0 
5 398 41.270183985 0.0 0.0 0.0 
5 399 41.270183985 0.0 0.0 0.0 
5 400 41.270183985 0.0 0.0 0.0 
5 401 41.270183985 0.0 0.0 0.0 
5 402 41.270183985 0.0 0.0 0.0 
5 403 41.270183985 0.0 0.0 0.0 
5 404 41.270183985 0.0 0.0 0.0 
5 405 41.270183985 0.0 0.0 0.0 
5 406 41.270183985 0.0 0.0 0.0 
5 407 41.270183985 0.0 0.0 0.0 
5 408 41.270183985 0.0 0.0 0.0 
5 409 41.270183985 0.0 0.0 0.0 
5 410 41.270183985 0.0 0.0 0.0 
5 411 41.270183985 0.0 0.0 0.0 
5 412 41.270183985 0.0 0.0 0.0 
5 413 41.270183985 0.0 0.0 0.0 
5 414 41.270183985 0.0 0.0 0.0 
5 415 41.270183985 0.0 0.0 0.0 
5 416 41.270183985 0.0 0.0 0.0 
5 417 41.270183985 0.0 0.0 0.0 
5 418 41.270183985 0.0 0.0 0.0 
5 419 41.270183985 0.0 0.0 0.0 
5 420 41.270183985 0.0 0.0 0.0 
5 421 41.270183985 0.0 0.0 0.0 
5 422 41.270183985 0.0 0.0 0.0 
5 423 41.270183985 0.0 0.0 0.0 
5 424 41.270183985 0.0 0.0 0.0 
5 425 41.270183985 0.0 0.0 0.0 
5 426 41.270183985 0.0 0.0 0.0 
5 427 41.270183985 0.0 0.0 0.0 
5 428 41.270183985 0.0 0.0 0.0 
5 429 41.270183985 0.0 0.0 0.0 
5 430 41.270183985 0.0 0.0 0.0 
5 431 41.270183985 0.0 0.0 0.0 
5 432 41.270183985 0.0 0.0 0.0 
5 433 41.270183985 0.0 0.0 0.0 
5 434 41.270183985 0.0 0.0 0.0 
5 435 41.270183985 0.0 0.0 0.0 
5 436 41.270183985 0.0 0.0 0.0 
5 437 41.270183985 0.0 0.0 0.0 
5 438 41.270183985 0.0 0.0 0.0 
5 439 41.270183985 0.0 0.0 0.0 
5 440 41.270183985 0.0 0.0 0.0 
5 441 41.270183985 0.0 0.0 0.0 
5 442 41.270183985 0.0 0.0 0.0 
5 443 41.270183985 0.0 0.0 0.0 
5 444 41.270183985 0.0 0.0 0.0 
5 445 41.270183985 0.0 0.0 0.0 
5 446 41.270183985 0.0 0.0 0.0 
5 447 41.270183985 0.0 0.0 0.0 
5 448 41.270183985 0.0 0.0 0.0 
5 449 41.270183985 0.0 0.0 0.0 
5 450 41.270183985 0.0 0.0 0.0 
5 451 41.270183985 0.0 0.0 0.0 
5 452 41.270183985 0.0 0.0 0.0 
5 453 41.270183985 0.0 0.0 0.0 
5 454 41.270183985 0.0 0.0 0.0 
5 455 41.270183985 0.0 0.0 0.0 
5 456 41.270183985 0.0 0.0 0.0 
5 457 41.270183985 0.0 0.0 0.0 
5 458 41.270183985 0.0 0.0 0.0 
5 459 41.270183985 0.0 0.0 0.0 
5 460 41.270183985 0.0 0.0 0.0 
5 461 41.270183985 0.0 0.0 0.0 
5 462 41.270183985 0.0 0.0 0.0 
5 463 41.270183985 0.0 0.0 0.0 
5 464 41.270183985 0.0 0.0 0.0 
5 465 41.270183985 0.0 0.0 0.0 
5 466 41.270183985 0.0 0.0 0.0 
5 467 41.270183985 0.0 0.0 0.0 
5 468 41.270183985 0.0 0.0 0.0 
5 469 41.270183985 0.0 0.0 0.0 
5 470 41.270183985 0.0 0.0 0.0 
5 471 41.270183985 0.0 0.0 0.0 
5 472 41.270183985 0.0 0.0 0.0 
5 473 41.270183985 0.0 0.0 0.0 
5 474 41.270183985 0.0 0.0 0.0 
5 475 41.270183985 0.0 0.0 0.0 
5 476 41.270183985 0.0 0.0 0.0 
5 477 41.270183985 0.0 0.0 0.0 
5 478 41.270183985 0.0 0.0 0.0 
5 479 41.270183985 0.0 0.0 0.0 
5 480 41.270183985 0.0 0.0 0.0 
5 481 41.270183985 0.0 0.0 0.0 
5 482 41.270183985 0.0 0.0 0.0 
5 483 41.270183985 0.0 0.0 0.0 
5 484 41.270183985 0.0 0.0 0.0 
5 485 41.270183985 0.0 0.0 0.0 
5 486 41.270183985 0.0 0.0 0.0 
5 487 41.270183985 0.0 0.0 0.0 
5 488 41.270183985 0.0 0.0 0.0 
5 489 41.270183985 0.0 0.0 0.0 
5 490 41.270183985 0.0 0.0 0.0 
5 491 41.270183985 0.0 0.0 0.0 
5 492 41.270183985 0.0 0.0 0.0 
5 493 41.270183985 0.0 0.0 0.0 
5 494 41.270183985 0.0 0.0 0.0 
5 495 41.270183985 0.0 0.0 0.0 
5 496 41.270183985 0.0 0.0 0.0 
5 497 41.270183985 0.0 0.0 0.0 
5 498 41.270183985 0.0 0.0 0.0 
5 499 41.270183985 0.0 0.0 0.0 
5 500 41.270183985 0.0 0.0 0.0 
5 501 41.270183985 0.0 0.0 0.0 
5 502 41.270183985 0.0 0.0 0.0 
5 503 41.270183985 0.0 0.0 0.0 
5 504 41.270183985 0.0 0.0 0.0 
5 505 41.270183985 0.0 0.0 0.0 
5 506 41.270183985 0.0 0.0 0.0 
5 507 41.270183985 0.0 0.0 0.0 
5 508 41.270183985 0.0 0.0 0.0 
5 509 41.270183985 0.0 0.0 0.0 
5 510 41.270183985 0.0 0.0 0.0 
5 511 41.270183985 0.0 0.0 0.0 
5 512 41.270183985 0.0 0.0 0.0 
5 513 41.270183985 0.0 0.0 0.0 
5 514 41.270183985 0.0 0.0 0.0 
5 515 41.270183985 0.0 0.0 0.0 
5 516 41.270183985 0.0 0.0 0.0 
5 517 41.270183985 0.0 0.0 0.0 
5 518 41.270183985 0.0 0.0 0.0 
5 519 41.270183985 0.0 0.0 0.0 
5 520 41.270183985 0.0 0.0 0.0 
5 521 41.270183985 0.0 0.0 0.0 
5 522 41.270183985 0.0 0.0 0.0 
5 523 41.270183985 0.0 0.0 0.0 
5 524 41.270183985 0.0 0.0 0.0 
5 525 41.270183985 0.0 0.0 0.0 
5 526 41.270183985 0.0 0.0 0.0 
5 527 41.270183985 0.0 0.0 0.0 
5 528 41.270183985 0.0 0.0 0.0 
5 529 41.270183985 0.0 0.0 0.0 
5 530 41.270183985 0.0 0.0 0.0 
5 531 41.270183985 0.0 0.0 0.0 
5 532 41.270183985 0.0 0.0 0.0 
5 533 41.270183985 0.0 0.0 0.0 
5 534 41.270183985 0.0 0.0 0.0 
5 535 41.270183985 0.0 0.0 0.0 
5 536 41.270183985 0.0 0.0 0.0 
5 537 41.270183985 0.0 0.0 0.0 
5 538 41.270183985 0.0 0.0 0.0 
5 539 41.270183985 0.0 0.0 0.0 
5 540 41.270183985 0.0 0.0 0.0 
5 541 41.270183985 0.0 0.0 0.0 
5 542 41.270183985 0.0 0.0 0.0 
5 543 41.270183985 0.0 0.0 0.0 
5 544 41.270183985 0.0 0.0 0.0 
5 545 41.270183985 0.0 0.0 0.0 
5 546 41.270183985 0.0 0.0 0.0 
5 547 41.270183985 0.0 0.0 0.0 
5 548 41.270183985 0.0 0.0 0.0 
5 549 41.270183985 0.0 0.0 0.0 
5 550 41.270183985 0.0 0.0 0.0 
5 551 41.270183985 0.0 0.0 0.0 
5 552 41.270183985 0.0 0.0 0.0 
5 553 41.270183985 0.0 0.0 0.0 
5 554 41.270183985 0.0 0.0 0.0 
5 555 41.270183985 0.0 0.0 0.0 
5 556 41.270183985 0.0 0.0 0.0 
5 557 41.270183985 0.0 0.0 0.0 
5 558 41.270183985 0.0 0.0 0.0 
5 559 41.270183985 0.0 0.0 0.0 
5 560 41.270183985 0.0 0.0 0.0 
5 561 41.270183985 0.0 0.0 0.0 
5 562 41.270183985 0.0 0.0 0.0 
5 563 41.270183985 0.0 0.0 0.0 
5 564 41.270183985 0.0 0.0 0.0 
5 565 41.270183985 0.0 0.0 0.0 
5 566 41.270183985 0.0 0.0 0.0 
5 567 41.270183985 0.0 0.0 0.0 
5 568 41.270183985 0.0 0.0 0.0 
5 569 41.270183985 0.0 0.0 0.0 
5 570 41.270183985 0.0 0.0 0.0 
5 571 41.270183985 0.0 0.0 0.0 
5 572 41.270183985 0.0 0.0 0.0 
5 573 41.270183985 0.0 0.0 0.0 
5 574 41.270183985 0.0 0.0 0.0 
5 575 41.270183985 0.0 0.0 0.0 
5 576 41.270183985 0.0 0.0 0.0 
5 577 41.270183985 0.0 0.0 0.0 
5 578 41.270183985 0.0 0.0 0.0 
5 579 41.270183985 0.0 0.0 0.0 
5 580 41.270183985 0.0 0.0 0.0 
5 581 41.270183985 0.0 0.0 0.0 
5 582 41.270183985 0.0 0.0 0.0 
5 583 41.270183985 0.0 0.0 0.0 
5 584 41.270183985 0.0 0.0 0.0 
5 585 41.270183985 0.0 0.0 0.0 
5 586 41.270183985 0.0 0.0 0.0 
5 587 41.270183985 0.0 0.0 0.0 
5 588 41.270183985 0.0 0.0 0.0 
5 589 41.270183985 0.0 0.0 0.0 
5 590 41.270183985 0.0 0.0 0.0 
5 591 41.270183985 0.0 0.0 0.0 
5 592 41.270183985 0.0 0.0 0.0 
5 593 41.270183985 0.0 0.0 0.0 
5 594 41.270183985 0.0 0.0 0.0 
5 595 41.270183985 0.0 0.0 0.0 
5 596 41.270183985 0.0 0.0 0.0 
5 597 41.270183985 0.0 0.0 0.0 
5 598 41.270183985 0.0 0.0 0.0 
5 599 41.270183985 0.0 0.0 0.0 
5 600 41.270183985 0.0 0.0 0.0 
5 601 41.270183985 0.0 0.0 0.0 
5 602 41.270183985 0.0 0.0 0.0 
5 603 41.270183985 0.0 0.0 0.0 
5 604 41.270183985 0.0 0.0 0.0 
5 605 41.270183985 0.0 0.0 0.0 
5 606 41.270183985 0.0 0.0 0.0 
5 607 41.270183985 0.0 0.0 0.0 
5 608 41.270183985 0.0 0.0 0.0 
5 609 41.270183985 0.0 0.0 0.0 
5 610 41.270183985 0.0 0.0 0.0 
5 611 41.270183985 0.0 0.0 0.0 
5 612 41.270183985 0.0 0.0 0.0 
5 613 41.270183985 0.0 0.0 0.0 
5 614 41.270183985 0.0 0.0 0.0 
5 615 41.270183985 0.0 0.0 0.0 
5 616 41.270183985 0.0 0.0 0.0 
5 617 41.270183985 0.0 0.0 0.0 
5 618 41.270183985 0.0 0.0 0.0 
5 619 41.270183985 0.0 0.0 0.0 
5 620 41.270183985 0.0 0.0 0.0 
5 621 41.270183985 0.0 0.0 0.0 
5 622 41.270183985 0.0 0.0 0.0 
5 623 41.270183985 0.0 0.0 0.0 
5 624 41.270183985 0.0 0.0 0.0 
5 625 41.270183985 0.0 0.0 0.0 
5 626 41.270183985 0.0 0.0 0.0 
5 627 41.270183985 0.0 0.0 0.0 
5 628 41.270183985 0.0 0.0 0.0 
5 629 41.270183985 0.0 0.0 0.0 
5 630 41.270183985 0.0 0.0 0.0 
5 631 41.270183985 0.0 0.0 0.0 
5 632 41.270183985 0.0 0.0 0.0 
5 633 41.270183985 0.0 0.0 0.0 
5 634 41.270183985 0.0 0.0 0.0 
5 635 41.270183985 0.0 0.0 0.0 
5 636 41.270183985 0.0 0.0 0.0 
5 637 41.270183985 0.0 0.0 0.0 
5 638 41.270183985 0.0 0.0 0.0 
5 639 41.270183985 0.0 0.0 0.0 
5 640 41.270183985 0.0 0.0 0.0 
5 641 41.270183985 0.0 0.0 0.0 
5 642 41.270183985 0.0 0.0 0.0 
5 643 41.270183985 0.0 0.0 0.0 
5 644 41.270183985 0.0 0.0 0.0 
5 645 41.270183985 0.0 0.0 0.0 
5 646 41.270183985 0.0 0.0 0.0 
5 647 41.270183985 0.0 0.0 0.0 
5 648 41.270183985 0.0 0.0 0.0 
5 649 41.270183985 0.0 0.0 0.0 
5 650 41.270183985 0.0 0.0 0.0 
5 651 41.270183985 0.0 0.0 0.0 
5 652 41.270183985 0.0 0.0 0.0 
5 653 41.270183985 0.0 0.0 0.0 
5 654 41.270183985 0.0 0.0 0.0 
5 655 41.270183985 0.0 0.0 0.0 
5 656 41.270183985 0.0 0.0 0.0 
5 657 41.270183985 0.0 0.0 0.0 
5 658 41.270183985 0.0 0.0 0.0 
5 659 41.270183985 0.0 0.0 0.0 
5 660 41.270183985 0.0 0.0 0.0 
5 661 41.270183985 0.0 0.0 0.0 
5 662 41.270183985 0.0 0.0 0.0 
5 663 41.270183985 0.0 0.0 0.0 
5 664 41.270183985 0.0 0.0 0.0 
5 665 41.270183985 0.0 0.0 0.0 
5 666 41.270183985 0.0 0.0 0.0 
5 667 41.270183985 0.0 0.0 0.0 
5 668 41.270183985 0.0 0.0 0.0 
5 669 41.270183985 0.0 0.0 0.0 
5 670 41.270183985 0.0 0.0 0.0 
5 671 41.270183985 0.0 0.0 0.0 
5 672 41.270183985 0.0 0.0 0.0 
5 673 41.270183985 0.0 0.0 0.0 
5 674 41.270183985 0.0 0.0 0.0 
5 675 41.270183985 0.0 0.0 0.0 
5 676 41.270183985 0.0 0.0 0.0 
5 677 41.270183985 0.0 0.0 0.0 
5 678 41.270183985 0.0 0.0 0.0 
5 679 41.270183985 0.0 0.0 0.0 
5 680 41.270183985 0.0 0.0 0.0 
5 681 41.270183985 0.0 0.0 0.0 
5 682 41.270183985 0.0 0.0 0.0 
5 683 41.270183985 0.0 0.0 0.0 
5 684 41.270183985 0.0 0.0 0.0 
5 685 41.270183985 0.0 0.0 0.0 
5 686 41.270183985 0.0 0.0 0.0 
5 687 41.270183985 0.0 0.0 0.0 
5 688 41.270183985 0.0 0.0 0.0 
5 689 41.270183985 0.0 0.0 0.0 
5 690 41.270183985 0.0 0.0 0.0 
5 691 41.270183985 0.0 0.0 0.0 
5 692 41.270183985 0.0 0.0 0.0 
5 693 41.270183985 0.0 0.0 0.0 
5 694 41.270183985 0.0 0.0 0.0 
5 695 41.270183985 0.0 0.0 0.0 
5 696 41.270183985 0.0 0.0 0.0 
5 697 41.270183985 0.0 0.0 0.0 
5 698 41.270183985 0.0 0.0 0.0 
5 699 41.270183985 0.0 0.0 0.0 
5 700 41.270183985 0.0 0.0 0.0 
5 701 41.270183985 0.0 0.0 0.0 
5 702 41.270183985 0.0 0.0 0.0 
5 703 41.270183985 0.0 0.0 0.0 
5 704 41.270183985 0.0 0.0 0.0 
5 705 41.270183985 0.0 0.0 0.0 
5 706 41.270183985 0.0 0.0 0.0 
5 707 41.270183985 0.0 0.0 0.0 
5 708 41.270183985 0.0 0.0 0.0 
5 709 41.270183985 0.0 0.0 0.0 
5 710 41.270183985 0.0 0.0 0.0 
5 711 41.270183985 0.0 0.0 0.0 
5 712 41.270183985 0.0 0.0 0.0 
5 713 41.270183985 0.0 0.0 0.0 
5 714 41.270183985 0.0 0.0 0.0 
5 715 41.270183985 0.0 0.0 0.0 
5 716 41.270183985 0.0 0.0 0.0 
5 717 41.270183985 0.0 0.0 0.0 
5 718 41.270183985 0.0 0.0 0.0 
5 719 41.270183985 0.0 0.0 0.0 
5 720 41.270183985 0.0 0.0 0.0 
5 721 41.270183985 0.0 0.0 0.0 
5 722 41.270183985 0.0 0.0 0.0 
5 723 41.270183985 0.0 0.0 0.0 
5 724 41.270183985 0.0 0.0 0.0 
5 725 41.270183985 0.0 0.0 0.0 
5 726 41.270183985 0.0 0.0 0.0 
5 727 41.270183985 0.0 0.0 0.0 
5 728 41.270183985 0.0 0.0 0.0 
5 729 41.270183985 0.0 0.0 0.0 
5 730 41.270183985 0.0 0.0 0.0 
5 731 41.270183985 0.0 0.0 0.0 
5 732 41.270183985 0.0 0.0 0.0 
5 733 41.270183985 0.0 0.0 0.0 
5 734 41.270183985 0.0 0.0 0.0 
5 735 41.270183985 0.0 0.0 0.0 
5 736 41.270183985 0.0 0.0 0.0 
5 737 41.270183985 0.0 0.0 0.0 
5 738 41.270183985 0.0 0.0 0.0 
5 739 41.270183985 0.0 0.0 0.0 
5 740 41.270183985 0.0 0.0 0.0 
5 741 41.270183985 0.0 0.0 0.0 
5 742 41.270183985 0.0 0.0 0.0 
5 743 41.270183985 0.0 0.0 0.0 
5 744 41.270183985 0.0 0.0 0.0 
5 745 41.270183985 0.0 0.0 0.0 
5 746 41.270183985 0.0 0.0 0.0 
5 747 41.270183985 0.0 0.0 0.0 
5 748 41.270183985 0.0 0.0 0.0 
5 749 41.270183985 0.0 0.0 0.0 
5 750 41.270183985 0.0 0.0 0.0 
5 751 41.270183985 0.0 0.0 0.0 
5 752 41.270183985 0.0 0.0 0.0 
5 753 41.270183985 0.0 0.0 0.0 
5 754 41.270183985 0.0 0.0 0.0 
5 755 41.270183985 0.0 0.0 0.0 
5 756 41.270183985 0.0 0.0 0.0 
5 757 41.270183985 0.0 0.0 0.0 
5 758 41.270183985 0.0 0.0 0.0 
5 759 41.270183985 0.0 0.0 0.0 
5 760 41.270183985 0.0 0.0 0.0 
5 761 41.270183985 0.0 0.0 0.0 
5 762 41.270183985 0.0 0.0 0.0 
5 763 41.270183985 0.0 0.0 0.0 
5 764 41.270183985 0.0 0.0 0.0 
5 765 41.270183985 0.0 0.0 0.0 
5 766 41.270183985 0.0 0.0 0.0 
5 767 41.270183985 0.0 0.0 0.0 
5 768 41.270183985 0.0 0.0 0.0 
5 769 41.270183985 0.0 0.0 0.0 
5 770 41.270183985 0.0 0.0 0.0 
5 771 41.270183985 0.0 0.0 0.0 
5 772 41.270183985 0.0 0.0 0.0 
5 773 41.270183985 0.0 0.0 0.0 
5 774 41.270183985 0.0 0.0 0.0 
5 775 41.270183985 0.0 0.0 0.0 
5 776 41.270183985 0.0 0.0 0.0 
5 777 41.270183985 0.0 0.0 0.0 
5 778 41.270183985 0.0 0.0 0.0 
5 779 41.270183985 0.0 0.0 0.0 
5 780 41.270183985 0.0 0.0 0.0 
5 781 41.270183985 0.0 0.0 0.0 
5 782 41.270183985 0.0 0.0 0.0 
5 783 41.270183985 0.0 0.0 0.0 
5 784 41.270183985 0.0 0.0 0.0 
5 785 41.270183985 0.0 0.0 0.0 
5 786 41.270183985 0.0 0.0 0.0 
5 787 41.270183985 0.0 0.0 0.0 
5 788 41.270183985 0.0 0.0 0.0 
5 789 41.270183985 0.0 0.0 0.0 
5 790 41.270183985 0.0 0.0 0.0 
5 791 41.270183985 0.0 0.0 0.0 
5 792 41.270183985 0.0 0.0 0.0 
5 793 41.270183985 0.0 0.0 0.0 
5 794 41.270183985 0.0 0.0 0.0 
5 795 41.270183985 0.0 0.0 0.0 
5 796 41.270183985 0.0 0.0 0.0 
5 797 41.270183985 0.0 0.0 0.0 
5 798 41.270183985 0.0 0.0 0.0 
5 799 41.270183985 0.0 0.0 0.0 
5 800 41.270183985 0.0 0.0 0.0 
5 801 41.270183985 0.0 0.0 0.0 
5 802 41.270183985 0.0 0.0 0.0 
5 803 41.270183985 0.0 0.0 0.0 
5 804 41.270183985 0.0 0.0 0.0 
5 805 41.270183985 0.0 0.0 0.0 
5 806 41.270183985 0.0 0.0 0.0 
5 807 41.270183985 0.0 0.0 0.0 
5 808 41.270183985 0.0 0.0 0.0 
5 809 41.270183985 0.0 0.0 0.0 
5 810 41.270183985 0.0 0.0 0.0 
5 811 41.270183985 0.0 0.0 0.0 
5 812 41.270183985 0.0 0.0 0.0 
5 813 41.270183985 0.0 0.0 0.0 
5 814 41.270183985 0.0 0.0 0.0 
5 815 41.270183985 0.0 0.0 0.0 
5 816 41.270183985 0.0 0.0 0.0 
5 817 41.270183985 0.0 0.0 0.0 
5 818 41.270183985 0.0 0.0 0.0 
5 819 41.270183985 0.0 0.0 0.0 
5 820 41.270183985 0.0 0.0 0.0 
5 821 41.270183985 0.0 0.0 0.0 
5 822 41.270183985 0.0 0.0 0.0 
5 823 41.270183985 0.0 0.0 0.0 
5 824 41.270183985 0.0 0.0 0.0 
5 825 41.270183985 0.0 0.0 0.0 
5 826 41.270183985 0.0 0.0 0.0 
5 827 41.270183985 0.0 0.0 0.0 
5 828 41.270183985 0.0 0.0 0.0 
5 829 41.270183985 0.0 0.0 0.0 
5 830 41.270183985 0.0 0.0 0.0 
5 831 41.270183985 0.0 0.0 0.0 
5 832 41.270183985 0.0 0.0 0.0 
5 833 41.270183985 0.0 0.0 0.0 
5 834 41.270183985 0.0 0.0 0.0 
5 835 41.270183985 0.0 0.0 0.0 
5 836 41.270183985 0.0 0.0 0.0 
5 837 41.270183985 0.0 0.0 0.0 
5 838 41.270183985 0.0 0.0 0.0 
5 839 41.270183985 0.0 0.0 0.0 
5 840 41.270183985 0.0 0.0 0.0 
5 841 41.270183985 0.0 0.0 0.0 
5 842 41.270183985 0.0 0.0 0.0 
5 843 41.270183985 0.0 0.0 0.0 
5 844 41.270183985 0.0 0.0 0.0 
5 845 41.270183985 0.0 0.0 0.0 
5 846 41.270183985 0.0 0.0 0.0 
5 847 41.270183985 0.0 0.0 0.0 
5 848 41.270183985 0.0 0.0 0.0 
5 849 41.270183985 0.0 0.0 0.0 
5 850 41.270183985 0.0 0.0 0.0 
5 851 41.270183985 0.0 0.0 0.0 
5 852 41.270183985 0.0 0.0 0.0 
5 853 41.270183985 0.0 0.0 0.0 
5 854 41.270183985 0.0 0.0 0.0 
5 855 41.270183985 0.0 0.0 0.0 
5 856 41.270183985 0.0 0.0 0.0 
5 857 41.270183985 0.0 0.0 0.0 
5 858 41.270183985 0.0 0.0 0.0 
5 859 41.270183985 0.0 0.0 0.0 
5 860 41.270183985 0.0 0.0 0.0 
5 861 41.270183985 0.0 0.0 0.0 
5 862 41.270183985 0.0 0.0 0.0 
5 863 41.270183985 0.0 0.0 0.0 
5 864 41.270183985 0.0 0.0 0.0 
5 865 41.270183985 0.0 0.0 0.0 
5 866 41.270183985 0.0 0.0 0.0 
5 867 41.270183985 0.0 0.0 0.0 
5 868 41.270183985 0.0 0.0 0.0 
5 869 41.270183985 0.0 0.0 0.0 
5 870 41.270183985 0.0 0.0 0.0 
5 871 41.270183985 0.0 0.0 0.0 
5 872 41.270183985 0.0 0.0 0.0 
5 873 41.270183985 0.0 0.0 0.0 
5 874 41.270183985 0.0 0.0 0.0 
5 875 41.270183985 0.0 0.0 0.0 
5 876 41.270183985 0.0 0.0 0.0 
5 877 41.270183985 0.0 0.0 0.0 
5 878 41.270183985 0.0 0.0 0.0 
5 879 41.270183985 0.0 0.0 0.0 
5 880 41.270183985 0.0 0.0 0.0 
5 881 41.270183985 0.0 0.0 0.0 
5 882 41.270183985 0.0 0.0 0.0 
5 883 41.270183985 0.0 0.0 0.0 
5 884 41.270183985 0.0 0.0 0.0 
5 885 41.270183985 0.0 0.0 0.0 
5 886 41.270183985 0.0 0.0 0.0 
5 887 41.270183985 0.0 0.0 0.0 
5 888 41.270183985 0.0 0.0 0.0 
5 889 41.270183985 0.0 0.0 0.0 
5 890 41.270183985 0.0 0.0 0.0 
5 891 41.270183985 0.0 0.0 0.0 
5 892 41.270183985 0.0 0.0 0.0 
5 893 41.270183985 0.0 0.0 0.0 
5 894 41.270183985 0.0 0.0 0.0 
5 895 41.270183985 0.0 0.0 0.0 
5 896 41.270183985 0.0 0.0 0.0 
5 897 41.270183985 0.0 0.0 0.0 
5 898 41.270183985 0.0 0.0 0.0 
5 899 41.270183985 0.0 0.0 0.0 
5 900 41.270183985 0.0 0.0 0.0 
5 901 41.270183985 0.0 0.0 0.0 
5 902 41.270183985 0.0 0.0 0.0 
5 903 41.270183985 0.0 0.0 0.0 
5 904 41.270183985 0.0 0.0 0.0 
5 905 41.270183985 0.0 0.0 0.0 
5 906 41.270183985 0.0 0.0 0.0 
5 907 41.270183985 0.0 0.0 0.0 
5 908 41.270183985 0.0 0.0 0.0 
5 909 41.270183985 0.0 0.0 0.0 
5 910 41.270183985 0.0 0.0 0.0 
5 911 41.270183985 0.0 0.0 0.0 
5 912 41.270183985 0.0 0.0 0.0 
5 913 41.270183985 0.0 0.0 0.0 
5 914 41.270183985 0.0 0.0 0.0 
5 915 41.270183985 0.0 0.0 0.0 
5 916 41.270183985 0.0 0.0 0.0 
5 917 41.270183985 0.0 0.0 0.0 
5 918 41.270183985 0.0 0.0 0.0 
5 919 41.270183985 0.0 0.0 0.0 
5 920 41.270183985 0.0 0.0 0.0 
5 921 41.270183985 0.0 0.0 0.0 
5 922 41.270183985 0.0 0.0 0.0 
5 923 41.270183985 0.0 0.0 0.0 
5 924 41.270183985 0.0 0.0 0.0 
5 925 41.270183985 0.0 0.0 0.0 
5 926 41.270183985 0.0 0.0 0.0 
5 927 41.270183985 0.0 0.0 0.0 
5 928 41.270183985 0.0 0.0 0.0 
5 929 41.270183985 0.0 0.0 0.0 
5 930 41.270183985 0.0 0.0 0.0 
5 931 41.270183985 0.0 0.0 0.0 
5 932 41.270183985 0.0 0.0 0.0 
5 933 41.270183985 0.0 0.0 0.0 
5 934 41.270183985 0.0 0.0 0.0 
5 935 41.270183985 0.0 0.0 0.0 
5 936 41.270183985 0.0 0.0 0.0 
5 937 41.270183985 0.0 0.0 0.0 
5 938 41.270183985 0.0 0.0 0.0 
5 939 41.270183985 0.0 0.0 0.0 
5 940 41.270183985 0.0 0.0 0.0 
5 941 41.270183985 0.0 0.0 0.0 
5 942 41.270183985 0.0 0.0 0.0 
5 943 41.270183985 0.0 0.0 0.0 
5 944 41.270183985 0.0 0.0 0.0 
5 945 41.270183985 0.0 0.0 0.0 
5 946 41.270183985 0.0 0.0 0.0 
5 947 41.270183985 0.0 0.0 0.0 
5 948 41.270183985 0.0 0.0 0.0 
5 949 41.270183985 0.0 0.0 0.0 
5 950 41.270183985 0.0 0.0 0.0 
5 951 41.270183985 0.0 0.0 0.0 
5 952 41.270183985 0.0 0.0 0.0 
5 953 41.270183985 0.0 0.0 0.0 
5 954 41.270183985 0.0 0.0 0.0 
5 955 41.270183985 0.0 0.0 0.0 
5 956 41.270183985 0.0 0.0 0.0 
5 957 41.270183985 0.0 0.0 0.0 
