44.9527
44.9553
44.958
44.9606
44.963
44.9652
44.9675
44.9697
44.9719
44.9741
44.9763
44.9785
44.9809
44.9841
44.9876
44.9911
44.9946
44.9981
45.0016
45.005
45.0084
45.0118
45.0152
45.0185
45.0218
45.0252
45.0285
45.0318
45.0351
45.0385
45.0421
44.9603
44.963
44.9657
44.9683
44.9707
44.9729
44.9752
44.9774
44.9797
44.9819
44.9841
44.9863
44.9886
44.9913
44.9947
44.9983
45.0018
45.0053
45.0087
45.0121
45.0155
45.0188
45.0222
45.0255
45.0288
45.0321
45.0354
45.0387
45.042
45.0453
45.0487
44.968
44.9707
44.9734
44.976
44.9784
44.9806
44.9829
44.9852
44.9875
44.9897
44.9919
44.9942
44.9966
44.999
45.002
45.0055
45.0089
45.0124
45.0158
45.0192
45.0226
45.0259
45.0292
45.0325
45.0358
45.0391
45.0423
45.0456
45.0489
45.0521
45.0554
44.9757
44.9784
44.9811
44.9837
44.986
44.9884
44.9907
44.993
44.9953
44.9976
44.9999
45.0023
45.0047
45.0071
45.0096
45.0127
45.0162
45.0196
45.023
45.0263
45.0297
45.033
45.0363
45.0395
45.0428
45.046
45.0492
45.0525
45.0557
45.0589
45.0621
44.9833
44.986
44.9888
44.9914
44.9938
44.9961
44.9985
45.0008
45.0032
45.0056
45.008
45.0104
45.0129
45.0153
45.0178
45.0202
45.0234
45.0268
45.0302
45.0335
45.0368
45.0401
45.0433
45.0465
45.0497
45.0529
45.0561
45.0593
45.0625
45.0655
45.0683
44.991
44.9937
44.9965
44.9991
45.0015
45.0038
45.0062
45.0087
45.0112
45.0137
45.0162
45.0186
45.0211
45.0236
45.026
45.0284
45.031
45.0341
45.0375
45.0407
45.0439
45.0472
45.0504
45.0535
45.0567
45.0599
45.063
45.0662
45.069
45.0718
45.0745
44.9985
45.0014
45.0041
45.0067
45.0091
45.0116
45.0141
45.0167
45.0193
45.0218
45.0243
45.0269
45.0294
45.0319
45.0344
45.0368
45.039
45.0417
45.0448
45.048
45.0512
45.0543
45.0574
45.0606
45.0637
45.0668
45.0699
45.0726
45.0753
45.078
45.0807
45.0058
45.009
45.0118
45.0144
45.0169
45.0195
45.0221
45.0247
45.0273
45.0299
45.0326
45.0351
45.0377
45.0403
45.0428
45.0452
45.0475
45.0496
45.0523
45.0553
45.0584
45.0615
45.0645
45.0676
45.0706
45.0736
45.0762
45.0788
45.0815
45.0841
45.0868
45.0132
45.0164
45.0195
45.0221
45.0247
45.0274
45.03
45.0327
45.0354
45.0381
45.0408
45.0435
45.0462
45.0489
45.0514
45.0538
45.056
45.0581
45.0601
45.0627
45.0657
45.0687
45.0716
45.0746
45.0773
45.0799
45.0825
45.0851
45.0877
45.0903
45.093
45.0208
45.024
45.027
45.0299
45.0325
45.0352
45.038
45.0407
45.0435
45.0463
45.0491
45.0519
45.0547
45.0575
45.0602
45.0626
45.0647
45.0667
45.0685
45.0704
45.073
45.0759
45.0787
45.0812
45.0837
45.0862
45.0887
45.0913
45.0939
45.0965
45.0991
45.0284
45.0315
45.0345
45.0375
45.0404
45.0431
45.0459
45.0487
45.0515
45.0544
45.0573
45.0603
45.0634
45.0663
45.0691
45.0716
45.0737
45.0755
45.0771
45.0787
45.0805
45.0829
45.0853
45.0876
45.09
45.0925
45.0949
45.0975
45.1
45.1026
45.1052
45.0359
45.0389
45.0419
45.0449
45.048
45.0509
45.0537
45.0566
45.0595
45.0625
45.0656
45.0688
45.0721
45.0753
45.0784
45.0809
45.0829
45.0844
45.0858
45.087
45.0883
45.0899
45.0919
45.0941
45.0964
45.0987
45.1012
45.1036
45.1061
45.1087
45.1113
45.0433
45.0463
45.0493
45.0524
45.0555
45.0586
45.0615
45.0644
45.0674
45.0705
45.0738
45.0772
45.0808
45.0845
45.088
45.0907
45.0925
45.0936
45.0944
45.0953
45.0962
45.0974
45.099
45.1011
45.1033
45.1055
45.1078
45.1102
45.1126
45.1151
45.1176
45.0506
45.0536
45.0567
45.0598
45.0629
45.0661
45.0692
45.0722
45.0752
45.0784
45.0817
45.0854
45.0894
45.0937
45.0981
45.0979
45.0991
45.1035
45.1046
45.1025
45.1027
45.1028
45.1032
45.104
45.105
45.1062
45.108
45.1102
45.1124
45.1147
45.117
45.1194
45.1219
45.1244
45.0579
45.061
45.064
45.0671
45.0702
45.0734
45.0766
45.0798
45.0829
45.0861
45.0895
45.0933
45.0974
45.1022
45.1041
45.1066
45.1081
45.1111
45.109
45.1085
45.1086
45.1111
45.1112
45.112
45.1132
45.1138
45.1145
45.1152
45.1154
45.1157
45.1161
45.1162
45.1166
45.1129
45.113
45.1142
45.1143
45.1138
45.1151
45.1152
45.1158
45.1159
45.1156
45.1162
45.1163
45.1165
45.1166
45.1163
45.1163
45.1166
45.1167
45.1167
45.1168
45.1169
45.1169
45.117
45.117
45.117
45.1171
45.1169
45.117
45.1171
45.1171
45.1172
45.1169
45.1169
45.117
45.117
45.1169
45.1171
45.1171
45.1165
45.1163
45.1169
45.1167
45.1155
45.1152
45.1163
45.116
45.11
45.1096
45.1137
45.1131
45.1153
45.1151
45.1136
45.1109
45.1107
45.1109
45.1115
45.1125
45.1136
45.115
45.117
45.1192
45.1215
45.1238
45.1262
45.1287
45.1311
45.0652
45.0682
45.0713
45.0744
45.0775
45.0807
45.0839
45.0873
45.0905
45.0937
45.0971
45.1008
45.1049
45.1095
45.1118
45.1145
45.1148
45.117
45.1156
45.1163
45.1166
45.117
45.117
45.1172
45.1171
45.1175
45.1171
45.118
45.1171
45.1172
45.1172
45.1173
45.1173
45.1175
45.1176
45.1174
45.1178
45.118
45.1173
45.1186
45.1189
45.1189
45.12
45.1177
45.1172
45.1205
45.1201
45.1182
45.1179
45.1181
45.1188
45.1198
45.1209
45.1222
45.1239
45.126
45.1282
45.1306
45.1329
45.1354
45.1379
45.0725
45.0755
45.0785
45.0816
45.0847
45.0879
45.0911
45.0944
45.0978
45.101
45.1043
45.1079
45.1118
45.1158
45.1197
45.1225
45.1238
45.1242
45.1245
45.1251
45.1258
45.1269
45.1281
45.1294
45.1309
45.1327
45.1349
45.1373
45.1396
45.1421
45.1446
45.0797
45.0827
45.0857
45.0888
45.0919
45.095
45.0982
45.1015
45.1048
45.1082
45.1114
45.1147
45.1182
45.1215
45.1247
45.1271
45.1288
45.13
45.1308
45.1317
45.1327
45.1339
45.1352
45.1366
45.138
45.1396
45.1416
45.1439
45.1463
45.1488
45.1512
45.0867
45.0897
45.0927
45.0958
45.0989
45.102
45.1052
45.1084
45.1116
45.115
45.1183
45.1213
45.1244
45.1274
45.13
45.1324
45.1343
45.1358
45.137
45.1382
45.1394
45.1407
45.1421
45.1436
45.1451
45.1467
45.1483
45.1505
45.1529
45.1554
45.1579
45.0936
45.0966
45.0996
45.1026
45.1057
45.1088
45.1119
45.1151
45.1183
45.1215
45.1244
45.1273
45.1302
45.1331
45.1356
45.138
45.14
45.1417
45.1432
45.1446
45.1461
45.1475
45.149
45.1506
45.1521
45.1538
45.1554
45.1573
45.1596
45.162
45.1645
45.1005
45.1035
45.1064
45.1095
45.1125
45.1155
45.1186
45.1217
45.1248
45.1275
45.1302
45.1329
45.1356
45.1383
45.1408
45.1431
45.1453
45.1472
45.1489
45.1506
45.1524
45.1541
45.1557
45.1574
45.159
45.1608
45.1625
45.1642
45.1662
45.1686
45.1705
45.1074
45.1103
45.1133
45.1163
45.1193
45.1223
45.1253
45.1281
45.1308
45.1334
45.136
45.1386
45.1411
45.1436
45.1461
45.1484
45.1505
45.1525
45.1544
45.1562
45.158
45.1598
45.1616
45.1634
45.1652
45.1671
45.1689
45.1708
45.1726
45.1744
45.1762
45.1142
45.1172
45.1201
45.123
45.126
45.1289
45.1317
45.1342
45.1368
45.1393
45.1418
45.1443
45.1467
45.1491
45.1515
45.1538
45.1559
45.158
45.1599
45.1618
45.1638
45.1656
45.1675
45.1694
45.1712
45.1731
45.1749
45.1766
45.1782
45.1801
45.1819
45.1211
45.124
45.1269
45.1298
45.1327
45.1353
45.1378
45.1403
45.1428
45.1453
45.1477
45.1501
45.1525
45.1548
45.157
45.1593
45.1615
45.1635
45.1656
45.1675
45.1695
45.1715
45.1734
45.1753
45.1772
45.1791
45.1807
45.1823
45.1839
45.1857
45.1876
45.1279
45.1308
45.1337
45.1364
45.139
45.1414
45.1439
45.1463
45.1488
45.1512
45.1536
45.156
45.1583
45.1605
45.1627
45.1649
45.1671
45.1692
45.1712
45.1733
45.1753
45.1773
45.1793
45.1812
45.1831
45.1847
45.1863
45.1879
45.1896
45.1914
45.1933
45.1347
45.1376
45.1402
45.1427
45.1451
45.1476
45.15
45.1524
45.1548
45.1572
45.1596
45.1619
45.1642
45.1664
45.1685
45.1706
45.1728
45.1749
45.177
45.1791
45.1812
45.1832
45.1852
45.187
45.1887
45.1903
45.1919
45.1935
45.1953
45.1971
45.199
45.1415
45.1441
45.1465
45.1489
45.1513
45.1537
45.1561
45.1585
45.1609
45.1633
45.1656
45.1679
45.1701
45.1723
45.1744
45.1765
45.1786
45.1807
45.1828
45.1849
45.187
45.1891
45.1909
45.1926
45.1942
45.1959
45.1975
45.1992
45.201
45.2029
45.2048
45.1476
45.1503
45.1527
45.1551
45.1575
45.1599
45.1623
45.1646
45.167
45.1693
45.1716
45.1739
45.1761
45.1783
45.1804
45.1825
45.1845
45.1866
45.1887
45.1908
45.1929
45.1947
45.1964
45.1981
45.1998
45.2015
45.2032
45.2049
45.2067
45.2086
45.2105
45.1533
45.1561
45.1588
45.1612
45.1635
45.1659
45.1683
45.1706
45.173
45.1753
45.1776
45.1798
45.182
45.1842
45.1864
45.1885
45.1905
45.1925
45.1946
45.1966
45.1984
45.2002
45.202
45.2037
45.2054
45.2071
45.2088
45.2105
45.2124
45.2143
45.2162
45.159
45.1619
45.1647
45.1672
45.1696
45.1719
45.1743
45.1766
45.1789
45.1812
45.1835
45.1857
45.188
45.1901
45.1923
45.1944
45.1964
45.1985
45.2005
45.2023
45.2041
45.2058
45.2076
45.2093
45.211
45.2127
45.2145
45.2162
45.2181
45.2201
45.222
