2 1 25.6689124105711 838072.934824464 0.02043 26.5 0.0 
2 32 25.6324406163356 1558462.26128169 0.02043 26.5 0.0 
2 63 25.5850055400557 1558462.26128285 0.02043 26.5 0.0 
2 94 25.5375704637759 1558462.26128285 0.02043 26.5 0.0 
2 125 25.4901353874961 1558462.26128285 0.02043 26.5 0.0 
2 156 25.4427003112163 1558462.26128169 0.02043 26.5 0.0 
2 187 25.3952652349364 1558462.26128285 0.02043 26.5 0.0 
2 218 25.3478301586566 1558462.26128285 0.02043 26.5 0.0 
2 249 25.3003950823768 1558462.26128169 0.02043 26.5 0.0 
2 280 25.252960006097 1558462.26128285 0.02043 26.5 0.0 
2 311 25.2055249298171 1558462.26128285 0.02043 26.5 0.0 
2 342 25.1580898535373 1558462.26128169 0.02043 26.5 0.0 
2 373 25.1106547772575 1558462.26128285 0.02043 26.5 0.0 
2 404 25.0632197009777 1558462.26128285 0.02043 26.5 0.0 
2 435 25.0264177480855 859767.421137307 0.02043 26.5 0.0 
2 31 25.1427447010889 900786.691800257 0.02043 26.5 0.0 
2 30 25.1185062266804 1546397.73033443 0.02043 26.5 0.0 
2 29 25.0878732090189 1546397.73033327 0.02043 26.5 0.0 
2 28 25.0572401913575 1546397.73033443 0.02043 26.5 0.0 
2 27 25.026607173696 1546397.73033444 0.02043 26.5 0.0 
2 26 24.9959741560345 1546397.73033443 0.02043 26.5 0.0 
2 25 24.965341138373 1546397.73033327 0.02043 26.5 0.0 
2 24 24.9347081207115 1546397.73033444 0.02043 26.5 0.0 
2 23 24.9040751030501 1546397.73033443 0.02043 26.5 0.0 
2 22 24.8734420853886 1546397.73033444 0.02043 26.5 0.0 
2 21 24.8428090677271 1546397.73033443 0.02043 26.5 0.0 
2 20 24.8121760500656 1546397.73033327 0.02043 26.5 0.0 
2 19 24.7815430324041 1546397.73033444 0.02043 26.5 0.0 
2 18 24.7509100147427 1546397.73033443 0.02043 26.5 0.0 
2 17 24.7202769970812 1546397.73033443 0.02043 26.5 0.0 
2 16 24.6966469107919 839362.119326778 0.02043 26.5 0.0 
2 957 25.8303877169357 793002.980710612 0.02043 26.5 0.0 
2 926 25.7771739969197 1558470.36254446 0.02043 26.5 0.0 
2 895 25.706637789683 1558470.36254562 0.02043 26.5 0.0 
2 864 25.6361015824463 1558470.36254562 0.02043 26.5 0.0 
2 833 25.5655653752096 1558470.36254446 0.02043 26.5 0.0 
2 802 25.4950291679729 1558470.36254562 0.02043 26.5 0.0 
2 771 25.4244929607362 1558470.36254562 0.02043 26.5 0.0 
2 740 25.3539567534995 1558470.36254562 0.02043 26.5 0.0 
2 709 25.2834205462628 1558470.36254446 0.02043 26.5 0.0 
2 678 25.2128843390261 1558470.36254563 0.02043 26.5 0.0 
2 647 25.1423481317894 1558470.36254562 0.02043 26.5 0.0 
2 616 25.0718119245527 1558470.36254446 0.02043 26.5 0.0 
2 585 25.001275717316 1558470.36254562 0.02043 26.5 0.0 
2 554 24.9307395100793 1558470.36254562 0.02043 26.5 0.0 
2 523 24.8602033028426 1558470.36254446 0.02043 26.5 0.0 
2 483 24.8091342662788 698231.06914262 0.02043 26.5 0.0 
2 927 25.7481664443965 934462.350052176 0.02043 26.5 0.0 
2 928 25.690202142768 1546373.04399086 0.02043 26.5 0.0 
2 929 25.617940650718 1546373.04398969 0.02043 26.5 0.0 
2 930 25.545679158668 1546373.04399086 0.02043 26.5 0.0 
2 931 25.473417666618 1546373.04399086 0.02043 26.5 0.0 
2 932 25.4011561745679 1546373.04399086 0.02043 26.5 0.0 
2 933 25.3288946825179 1546373.0439897 0.02043 26.5 0.0 
2 934 25.2566331904679 1546373.04399086 0.02043 26.5 0.0 
2 935 25.1843716984179 1546373.04399086 0.02043 26.5 0.0 
2 936 25.1121102063678 1546373.04399086 0.02043 26.5 0.0 
2 937 25.0398487143178 1546373.04399086 0.02043 26.5 0.0 
2 938 24.9675872222678 1546373.0439897 0.02043 26.5 0.0 
2 939 24.8953257302178 1546373.04399086 0.02043 26.5 0.0 
2 940 24.8230642381677 1546373.04399086 0.02043 26.5 0.0 
2 941 24.7508027461177 1546373.04399086 0.02043 26.5 0.0 
2 942 24.6981693333797 706303.682223875 0.02043 26.5 0.0 
2 435 25.0247075876615 698694.840145542 0.02043 26.5 0.0 
2 484 25.061452497535 1558462.26128169 0.02043 26.5 0.0 
2 524 25.1121938086257 1558462.26128285 0.02043 26.5 0.0 
2 555 25.1629351197165 1558462.26128285 0.02043 26.5 0.0 
2 586 25.2136764308072 1558462.26128169 0.02043 26.5 0.0 
2 617 25.2644177418979 1558462.26128285 0.02043 26.5 0.0 
2 648 25.3151590529887 1558462.26128285 0.02043 26.5 0.0 
2 679 25.3659003640794 1558462.26128169 0.02043 26.5 0.0 
2 710 25.4166416751701 1558462.26128285 0.02043 26.5 0.0 
2 741 25.4673829862609 1558462.26128285 0.02043 26.5 0.0 
2 772 25.5181242973516 1558462.26128285 0.02043 26.5 0.0 
2 803 25.5688656084424 1558462.26128169 0.02043 26.5 0.0 
2 834 25.6196069195331 1558462.26128285 0.02043 26.5 0.0 
2 865 25.6703482306239 1558462.26128285 0.02043 26.5 0.0 
2 896 25.7210895417146 1558462.26128169 0.02043 26.5 0.0 
2 927 25.75823009863 722998.547333626 0.02043 26.5 0.0 
2 16 24.703498142152 707035.611006496 0.02043 26.5 0.0 
2 15 24.7518307653963 1546397.73033443 0.02043 26.5 0.0 
2 14 24.8181663942475 1546397.73033444 0.02043 26.5 0.0 
2 13 24.8845020230988 1546397.73033443 0.02043 26.5 0.0 
2 12 24.95083765195 1546397.73033327 0.02043 26.5 0.0 
2 11 25.0171732808012 1546397.73033444 0.02043 26.5 0.0 
2 10 25.0835089096524 1546397.73033443 0.02043 26.5 0.0 
2 9 25.1498445385036 1546397.73033444 0.02043 26.5 0.0 
2 8 25.2161801673549 1546397.73033443 0.02043 26.5 0.0 
2 7 25.2825157962061 1546397.73033327 0.02043 26.5 0.0 
2 6 25.3488514250573 1546397.73033444 0.02043 26.5 0.0 
2 5 25.4151870539085 1546397.73033443 0.02043 26.5 0.0 
2 4 25.4815226827597 1546397.73033443 0.02043 26.5 0.0 
2 3 25.5478583116109 1546397.73033327 0.02043 26.5 0.0 
2 2 25.6141939404621 1546397.73033443 0.02043 26.5 0.0 
2 1 25.6645142107772 799706.562414698 0.02043 26.5 0.0 
2 483 24.8002663926187 860239.293403004 0.02043 26.5 0.0 
2 434 24.8197598725927 1558470.36254563 0.02043 26.5 0.0 
2 403 24.8448807139699 1558470.36254562 0.02043 26.5 0.0 
2 372 24.8700015553472 1558470.36254446 0.02043 26.5 0.0 
2 341 24.8951223967244 1558470.36254562 0.02043 26.5 0.0 
2 310 24.9202432381017 1558470.36254562 0.02043 26.5 0.0 
2 279 24.9453640794789 1558470.36254446 0.02043 26.5 0.0 
2 248 24.9704849208561 1558470.36254563 0.02043 26.5 0.0 
2 217 24.9956057622334 1558470.36254562 0.02043 26.5 0.0 
2 186 25.0207266036106 1558470.36254446 0.02043 26.5 0.0 
2 155 25.0458474449879 1558470.36254562 0.02043 26.5 0.0 
2 124 25.0709682863651 1558470.36254562 0.02043 26.5 0.0 
2 93 25.0960891277423 1558470.36254563 0.02043 26.5 0.0 
2 62 25.1212099691196 1558470.36254446 0.02043 26.5 0.0 
2 31 25.1427185282374 1110266.04025697 0.02043 26.5 0.0 
2 942 24.7027981503791 840069.361765821 0.02043 26.5 0.0 
2 943 24.7628277992665 1546373.04399086 0.02043 26.5 0.0 
2 944 24.8406241296164 1546373.04399086 0.02043 26.5 0.0 
2 945 24.9184204599664 1546373.04399086 0.02043 26.5 0.0 
2 946 24.9962167903163 1546373.0439897 0.02043 26.5 0.0 
2 947 25.0740131206662 1546373.04399086 0.02043 26.5 0.0 
2 948 25.1518094510162 1546373.04399086 0.02043 26.5 0.0 
2 949 25.2296057813661 1546373.04399086 0.02043 26.5 0.0 
2 950 25.3074021117161 1546373.04399086 0.02043 26.5 0.0 
2 951 25.385198442066 1546373.0439897 0.02043 26.5 0.0 
2 952 25.4629947724159 1546373.04399086 0.02043 26.5 0.0 
2 953 25.5407911027659 1546373.04399086 0.02043 26.5 0.0 
2 954 25.6185874331159 1546373.04399086 0.02043 26.5 0.0 
2 955 25.6963837634658 1546373.0439897 0.02043 26.5 0.0 
2 956 25.7741800938157 1546373.04399086 0.02043 26.5 0.0 
2 957 25.830705796162 700772.085034537 0.02043 26.5 0.0 
3 1 38.1115564541996 838072.934824464 0.024 25.5 0.0 
3 32 38.0483896297733 1558462.26128169 0.024 25.5 0.0 
3 63 37.9662350991882 1558462.26128285 0.024 25.5 0.0 
3 94 37.8840805686031 1558462.26128285 0.024 25.5 0.0 
3 125 37.801926038018 1558462.26128285 0.024 25.5 0.0 
3 156 37.7197715074329 1558462.26128169 0.024 25.5 0.0 
3 187 37.6376169768478 1558462.26128285 0.024 25.5 0.0 
3 218 37.5554624462627 1558462.26128285 0.024 25.5 0.0 
3 249 37.4733079156776 1558462.26128169 0.024 25.5 0.0 
3 280 37.3911533850925 1558462.26128285 0.024 25.5 0.0 
3 311 37.3089988545074 1558462.26128285 0.024 25.5 0.0 
3 342 37.2268443239223 1558462.26128169 0.024 25.5 0.0 
3 373 37.1446897933372 1558462.26128285 0.024 25.5 0.0 
3 404 37.0625352627521 1558462.26128285 0.024 25.5 0.0 
3 435 36.9987966245631 859767.421137307 0.024 25.5 0.0 
3 31 38.2621218443417 900786.691800257 0.024 25.5 0.0 
3 30 38.1643460712203 1546397.73033443 0.024 25.5 0.0 
3 29 38.0407752996274 1546397.73033327 0.024 25.5 0.0 
3 28 37.9172045280346 1546397.73033443 0.024 25.5 0.0 
3 27 37.7936337564417 1546397.73033444 0.024 25.5 0.0 
3 26 37.6700629848488 1546397.73033443 0.024 25.5 0.0 
3 25 37.546492213256 1546397.73033327 0.024 25.5 0.0 
3 24 37.4229214416631 1546397.73033444 0.024 25.5 0.0 
3 23 37.2993506700702 1546397.73033443 0.024 25.5 0.0 
3 22 37.1757798984773 1546397.73033444 0.024 25.5 0.0 
3 21 37.0522091268845 1546397.73033443 0.024 25.5 0.0 
3 20 36.9286383552916 1546397.73033327 0.024 25.5 0.0 
3 19 36.8050675836988 1546397.73033444 0.024 25.5 0.0 
3 18 36.6814968121059 1546397.73033443 0.024 25.5 0.0 
3 17 36.557926040513 1546397.73033443 0.024 25.5 0.0 
3 16 36.4626044490249 839362.119326778 0.024 25.5 0.0 
3 957 38.68834295012 793002.980710612 0.024 25.5 0.0 
3 926 38.6014448070455 1558470.36254446 0.024 25.5 0.0 
3 895 38.486258997323 1558470.36254562 0.024 25.5 0.0 
3 864 38.3710731876004 1558470.36254562 0.024 25.5 0.0 
3 833 38.2558873778779 1558470.36254446 0.024 25.5 0.0 
3 802 38.1407015681554 1558470.36254562 0.024 25.5 0.0 
3 771 38.0255157584329 1558470.36254562 0.024 25.5 0.0 
3 740 37.9103299487103 1558470.36254562 0.024 25.5 0.0 
3 709 37.7951441389878 1558470.36254446 0.024 25.5 0.0 
3 678 37.6799583292653 1558470.36254563 0.024 25.5 0.0 
3 647 37.5647725195428 1558470.36254562 0.024 25.5 0.0 
3 616 37.4495867098203 1558470.36254446 0.024 25.5 0.0 
3 585 37.3344009000978 1558470.36254562 0.024 25.5 0.0 
3 554 37.2192150903752 1558470.36254562 0.024 25.5 0.0 
3 523 37.1040292806527 1558470.36254446 0.024 25.5 0.0 
3 483 37.0206334112291 698231.06914262 0.024 25.5 0.0 
3 927 38.5195973261356 934462.350052176 0.024 25.5 0.0 
3 928 38.4332344608559 1546373.04399086 0.024 25.5 0.0 
3 929 38.325569754692 1546373.04398969 0.024 25.5 0.0 
3 930 38.2179050485281 1546373.04399086 0.024 25.5 0.0 
3 931 38.1102403423642 1546373.04399086 0.024 25.5 0.0 
3 932 38.0025756362002 1546373.04399086 0.024 25.5 0.0 
3 933 37.8949109300363 1546373.0439897 0.024 25.5 0.0 
3 934 37.7872462238724 1546373.04399086 0.024 25.5 0.0 
3 935 37.6795815177085 1546373.04399086 0.024 25.5 0.0 
3 936 37.5719168115446 1546373.04399086 0.024 25.5 0.0 
3 937 37.4642521053806 1546373.04399086 0.024 25.5 0.0 
3 938 37.3565873992167 1546373.0439897 0.024 25.5 0.0 
3 939 37.2489226930528 1546373.04399086 0.024 25.5 0.0 
3 940 37.1412579868889 1546373.04399086 0.024 25.5 0.0 
3 941 37.033593280725 1546373.04399086 0.024 25.5 0.0 
3 942 36.9551730771548 706303.682223875 0.024 25.5 0.0 
3 435 36.9998256576138 698694.840145542 0.024 25.5 0.0 
3 484 37.0763583081315 1558462.26128169 0.024 25.5 0.0 
3 524 37.1820427972726 1558462.26128285 0.024 25.5 0.0 
3 555 37.2877272864137 1558462.26128285 0.024 25.5 0.0 
3 586 37.3934117755548 1558462.26128169 0.024 25.5 0.0 
3 617 37.4990962646958 1558462.26128285 0.024 25.5 0.0 
3 648 37.6047807538369 1558462.26128285 0.024 25.5 0.0 
3 679 37.710465242978 1558462.26128169 0.024 25.5 0.0 
3 710 37.8161497321191 1558462.26128285 0.024 25.5 0.0 
3 741 37.9218342212602 1558462.26128285 0.024 25.5 0.0 
3 772 38.0275187104013 1558462.26128285 0.024 25.5 0.0 
3 803 38.1332031995423 1558462.26128169 0.024 25.5 0.0 
3 834 38.2388876886834 1558462.26128285 0.024 25.5 0.0 
3 865 38.3445721778245 1558462.26128285 0.024 25.5 0.0 
3 896 38.4502566669656 1558462.26128169 0.024 25.5 0.0 
3 927 38.5276133749347 722998.547333626 0.024 25.5 0.0 
3 16 36.4550913265534 707035.611006496 0.024 25.5 0.0 
3 15 36.5380309726756 1546397.73033443 0.024 25.5 0.0 
3 14 36.6518640984797 1546397.73033444 0.024 25.5 0.0 
3 13 36.7656972242839 1546397.73033443 0.024 25.5 0.0 
3 12 36.8795303500879 1546397.73033327 0.024 25.5 0.0 
3 11 36.993363475892 1546397.73033444 0.024 25.5 0.0 
3 10 37.1071966016962 1546397.73033443 0.024 25.5 0.0 
3 9 37.2210297275003 1546397.73033444 0.024 25.5 0.0 
3 8 37.3348628533045 1546397.73033443 0.024 25.5 0.0 
3 7 37.4486959791085 1546397.73033327 0.024 25.5 0.0 
3 6 37.5625291049126 1546397.73033444 0.024 25.5 0.0 
3 5 37.6763622307168 1546397.73033443 0.024 25.5 0.0 
3 4 37.7901953565209 1546397.73033443 0.024 25.5 0.0 
3 3 37.904028482325 1546397.73033327 0.024 25.5 0.0 
3 2 38.0178616081291 1546397.73033443 0.024 25.5 0.0 
3 1 38.1042120921823 799706.562414698 0.024 25.5 0.0 
3 483 37.0200464370321 860239.293403004 0.024 25.5 0.0 
3 434 37.0909454994778 1558470.36254563 0.024 25.5 0.0 
3 403 37.1823116436383 1558470.36254562 0.024 25.5 0.0 
3 372 37.2736777877987 1558470.36254446 0.024 25.5 0.0 
3 341 37.3650439319592 1558470.36254562 0.024 25.5 0.0 
3 310 37.4564100761196 1558470.36254562 0.024 25.5 0.0 
3 279 37.5477762202801 1558470.36254446 0.024 25.5 0.0 
3 248 37.6391423644405 1558470.36254563 0.024 25.5 0.0 
3 217 37.730508508601 1558470.36254562 0.024 25.5 0.0 
3 186 37.8218746527615 1558470.36254446 0.024 25.5 0.0 
3 155 37.9132407969219 1558470.36254562 0.024 25.5 0.0 
3 124 38.0046069410824 1558470.36254562 0.024 25.5 0.0 
3 93 38.0959730852429 1558470.36254563 0.024 25.5 0.0 
3 62 38.1873392294033 1558470.36254446 0.024 25.5 0.0 
3 31 38.2655672665751 1110266.04025697 0.024 25.5 0.0 
3 942 36.9629537625531 840069.361765821 0.024 25.5 0.0 
3 943 37.054905272949 1546373.04399086 0.024 25.5 0.0 
3 944 37.1740712219678 1546373.04399086 0.024 25.5 0.0 
3 945 37.2932371709867 1546373.04399086 0.024 25.5 0.0 
3 946 37.4124031200055 1546373.0439897 0.024 25.5 0.0 
3 947 37.5315690690243 1546373.04399086 0.024 25.5 0.0 
3 948 37.6507350180431 1546373.04399086 0.024 25.5 0.0 
3 949 37.769900967062 1546373.04399086 0.024 25.5 0.0 
3 950 37.8890669160808 1546373.04399086 0.024 25.5 0.0 
3 951 38.0082328650996 1546373.0439897 0.024 25.5 0.0 
3 952 38.1273988141184 1546373.04399086 0.024 25.5 0.0 
3 953 38.2465647631373 1546373.04399086 0.024 25.5 0.0 
3 954 38.3657307121561 1546373.04399086 0.024 25.5 0.0 
3 955 38.4848966611749 1546373.0439897 0.024 25.5 0.0 
3 956 38.6040626101937 1546373.04399086 0.024 25.5 0.0 
3 957 38.6906468865182 700772.085034537 0.024 25.5 0.0 
4 1 39.8607022234122 838072.934824464 0.0277 27 0.0 
4 32 39.8038012284967 1558462.26128169 0.0277 27 0.0 
4 63 39.729796011841 1558462.26128285 0.0277 27 0.0 
4 94 39.6557907951854 1558462.26128285 0.0277 27 0.0 
4 125 39.5817855785297 1558462.26128285 0.0 0.0 0.0 
1 1 0.0 1.0 0.0277 27 0.0 
4 156 39.5077803618741 1558462.26128169 0.0 0.0 0.0 
1 1 0.0 1.0 0.0277 27 0.0 
4 187 39.4337751452184 1558462.26128285 0.0 0.0 0.0 
1 1 0.0 1.0 0.0277 27 0.0 
4 218 39.3597699285628 1558462.26128285 0.0 0.0 0.0 
1 1 0.0 1.0 0.0277 27 0.0 
4 249 39.2857647119071 1558462.26128169 0.0 0.0 0.0 
1 1 0.0 1.0 0.0277 27 0.0 
4 280 39.2117594952515 1558462.26128285 0.0 0.0 0.0 
1 1 0.0 1.0 0.0277 27 0.0 
4 311 39.1377542785959 1558462.26128285 0.0 0.0 0.0 
1 1 0.0 1.0 0.0277 27 0.0 
4 342 39.0637490619402 1558462.26128169 0.0 0.0 0.0 
1 1 0.0 1.0 0.0277 27 0.0 
4 373 38.9897438452846 1558462.26128285 0.0 0.0 0.0 
1 1 0.0 1.0 0.0277 27 0.0 
4 404 38.9157386286289 1558462.26128285 0.0 0.0 0.0 
1 1 0.0 1.0 0.0277 27 0.0 
4 435 38.8583225409839 859767.421137307 0.0 0.0 0.0 
1 1 0.0 1.0 0.0277 27 0.0 
4 31 39.9987773557821 900786.691800257 0.0 0.0 0.0 
1 1 0.0 1.0 0.0277 27 0.0 
4 30 39.9268306667582 1546397.73033443 0.0 0.0 0.0 
1 1 0.0 1.0 0.0277 27 0.0 
4 29 39.835903153813 1546397.73033327 0.0 0.0 0.0 
1 1 0.0 1.0 0.0277 27 0.0 
4 28 39.7449756408677 1546397.73033443 0.0 0.0 0.0 
1 1 0.0 1.0 0.0277 27 0.0 
4 27 39.6540481279224 1546397.73033444 0.0 0.0 0.0 
1 1 0.0 1.0 0.0277 27 0.0 
4 26 39.5631206149772 1546397.73033443 0.0 0.0 0.0 
1 1 0.0 1.0 0.0277 27 0.0 
4 25 39.4721931020319 1546397.73033327 0.0 0.0 0.0 
1 1 0.0 1.0 0.0277 27 0.0 
4 24 39.3812655890866 1546397.73033444 0.0 0.0 0.0 
1 1 0.0 1.0 0.0277 27 0.0 
4 23 39.2903380761413 1546397.73033443 0.0 0.0 0.0 
1 1 0.0 1.0 0.0277 27 0.0 
4 22 39.1994105631961 1546397.73033444 0.0 0.0 0.0 
1 1 0.0 1.0 0.0277 27 0.0 
4 21 39.1084830502508 1546397.73033443 0.0 0.0 0.0 
1 1 0.0 1.0 0.0277 27 0.0 
4 20 39.0175555373055 1546397.73033327 0.0 0.0 0.0 
1 1 0.0 1.0 0.0277 27 0.0 
4 19 38.9266280243603 1546397.73033444 0.0 0.0 0.0 
1 1 0.0 1.0 0.0277 27 0.0 
4 18 38.835700511415 1546397.73033443 0.0 0.0 0.0 
1 1 0.0 1.0 0.0277 27 0.0 
4 17 38.7447729984697 1546397.73033443 0.0 0.0 0.0 
1 1 0.0 1.0 0.0277 27 0.0 
4 16 38.6746321784985 839362.119326778 0.0 0.0 0.0 
1 1 0.0 1.0 0.0277 27 0.0 
4 957 40.2748655249868 793002.980710612 0.0 0.0 0.0 
1 1 0.0 1.0 0.0277 27 0.0 
4 926 40.2107438159612 1558470.36254446 0.0 0.0 0.0 
1 1 0.0 1.0 0.0277 27 0.0 
4 895 40.1257487779365 1558470.36254562 0.0 0.0 0.0 
1 1 0.0 1.0 0.0277 27 0.0 
4 864 40.0407537399117 1558470.36254562 0.0 0.0 0.0 
1 1 0.0 1.0 0.0277 27 0.0 
4 833 39.9557587018869 1558470.36254446 0.0 0.0 0.0 
1 1 0.0 1.0 0.0277 27 0.0 
4 802 39.8707636638622 1558470.36254562 0.0 0.0 0.0 
1 1 0.0 1.0 0.0277 27 0.0 
4 771 39.7857686258374 1558470.36254562 0.0 0.0 0.0 
1 1 0.0 1.0 0.0277 27 0.0 
4 740 39.7007735878126 1558470.36254562 0.0 0.0 0.0 
1 1 0.0 1.0 0.0277 27 0.0 
4 709 39.6157785497878 1558470.36254446 0.0 0.0 0.0 
1 1 0.0 1.0 0.0277 27 0.0 
4 678 39.5307835117631 1558470.36254563 0.0 0.0 0.0 
1 1 0.0 1.0 0.0277 27 0.0 
4 647 39.4457884737383 1558470.36254562 0.0 0.0 0.0 
1 1 0.0 1.0 0.0277 27 0.0 
4 616 39.3607934357135 1558470.36254446 0.0 0.0 0.0 
1 1 0.0 1.0 0.0277 27 0.0 
4 585 39.2757983976888 1558470.36254562 0.0 0.0 0.0 
1 1 0.0 1.0 0.0277 27 0.0 
4 554 39.190803359664 1558470.36254562 0.0 0.0 0.0 
1 1 0.0 1.0 0.0277 27 0.0 
4 523 39.1058083216392 1558470.36254446 0.0 0.0 0.0 
1 1 0.0 1.0 0.0277 27 0.0 
4 483 39.0442709229801 698231.06914262 0.0 0.0 0.0 
1 1 0.0 1.0 0.0277 27 0.0 
4 927 40.1066601535314 934462.350052176 0.0 0.0 0.0 
1 1 0.0 1.0 0.0277 27 0.0 
4 928 40.043551371095 1546373.04399086 0.0 0.0 0.0 
1 1 0.0 1.0 0.0277 27 0.0 
4 929 39.9648764858261 1546373.04398969 0.0 0.0 0.0 
1 1 0.0 1.0 0.0277 27 0.0 
4 930 39.8862016005572 1546373.04399086 0.0 0.0 0.0 
1 1 0.0 1.0 0.0277 27 0.0 
4 931 39.8075267152883 1546373.04399086 0.0 0.0 0.0 
1 1 0.0 1.0 0.0277 27 0.0 
4 932 39.7288518300193 1546373.04399086 0.0 0.0 0.0 
1 1 0.0 1.0 0.0277 27 0.0 
4 933 39.6501769447504 1546373.0439897 0.0 0.0 0.0 
1 1 0.0 1.0 0.0277 27 0.0 
4 934 39.5715020594815 1546373.04399086 0.0 0.0 0.0 
1 1 0.0 1.0 0.0277 27 0.0 
4 935 39.4928271742126 1546373.04399086 0.0 0.0 0.0 
1 1 0.0 1.0 0.0277 27 0.0 
4 936 39.4141522889436 1546373.04399086 0.0 0.0 0.0 
1 1 0.0 1.0 0.0277 27 0.0 
4 937 39.3354774036747 1546373.04399086 0.0 0.0 0.0 
1 1 0.0 1.0 0.0277 27 0.0 
4 938 39.2568025184058 1546373.0439897 0.0 0.0 0.0 
1 1 0.0 1.0 0.0277 27 0.0 
4 939 39.1781276331369 1546373.04399086 0.0 0.0 0.0 
1 1 0.0 1.0 0.0277 27 0.0 
4 940 39.099452747868 1546373.04399086 0.0 0.0 0.0 
1 1 0.0 1.0 0.0277 27 0.0 
4 941 39.020777862599 1546373.04399086 0.0 0.0 0.0 
1 1 0.0 1.0 0.0277 27 0.0 
4 942 38.9634730991489 706303.682223875 0.0 0.0 0.0 
1 1 0.0 1.0 0.0277 27 0.0 
4 435 38.857338328886 698694.840145542 0.0 0.0 0.0 
1 1 0.0 1.0 0.0277 27 0.0 
4 484 38.9201052279094 1558462.26128169 0.0 0.0 0.0 
1 1 0.0 1.0 0.0277 27 0.0 
4 524 39.0067804915177 1558462.26128285 0.0 0.0 0.0 
1 1 0.0 1.0 0.0277 27 0.0 
4 555 39.0934557551261 1558462.26128285 0.0 0.0 0.0 
1 1 0.0 1.0 0.0277 27 0.0 
4 586 39.1801310187344 1558462.26128169 0.0 0.0 0.0 
1 1 0.0 1.0 0.0277 27 0.0 
4 617 39.2668062823427 1558462.26128285 0.0 0.0 0.0 
1 1 0.0 1.0 0.0277 27 0.0 
4 648 39.353481545951 1558462.26128285 0.0 0.0 0.0 
1 1 0.0 1.0 0.0277 27 0.0 
4 679 39.4401568095593 1558462.26128169 0.0 0.0 0.0 
1 1 0.0 1.0 0.0277 27 0.0 
4 710 39.5268320731676 1558462.26128285 0.0 0.0 0.0 
1 1 0.0 1.0 0.0277 27 0.0 
4 741 39.6135073367759 1558462.26128285 0.0 0.0 0.0 
1 1 0.0 1.0 0.0277 27 0.0 
4 772 39.7001826003843 1558462.26128285 0.0 0.0 0.0 
1 1 0.0 1.0 0.0277 27 0.0 
4 803 39.7868578639926 1558462.26128169 0.0 0.0 0.0 
1 1 0.0 1.0 0.0277 27 0.0 
4 834 39.8735331276009 1558462.26128285 0.0 0.0 0.0 
1 1 0.0 1.0 0.0277 27 0.0 
4 865 39.9602083912092 1558462.26128285 0.0 0.0 0.0 
1 1 0.0 1.0 0.0277 27 0.0 
4 896 40.0468836548175 1558462.26128169 0.0 0.0 0.0 
1 1 0.0 1.0 0.0277 27 0.0 
4 927 40.1103263899775 722998.547333626 0.0 0.0 0.0 
1 1 0.0 1.0 0.0277 27 0.0 
4 16 38.6687428703576 707035.611006496 0.0 0.0 0.0 
1 1 0.0 1.0 0.0277 27 0.0 
4 15 38.7286223922272 1546397.73033443 0.0 0.0 0.0 
1 1 0.0 1.0 0.0277 27 0.0 
4 14 38.8108059252511 1546397.73033444 0.0 0.0 0.0 
1 1 0.0 1.0 0.0277 27 0.0 
4 13 38.8929894582751 1546397.73033443 0.0 0.0 0.0 
1 1 0.0 1.0 0.0277 27 0.0 
4 12 38.9751729912989 1546397.73033327 0.0 0.0 0.0 
1 1 0.0 1.0 0.0277 27 0.0 
4 11 39.0573565243228 1546397.73033444 0.0 0.0 0.0 
1 1 0.0 1.0 0.0277 27 0.0 
4 10 39.1395400573467 1546397.73033443 0.0 0.0 0.0 
1 1 0.0 1.0 0.0277 27 0.0 
4 9 39.2217235903707 1546397.73033444 0.0 0.0 0.0 
1 1 0.0 1.0 0.0277 27 0.0 
4 8 39.3039071233946 1546397.73033443 0.0 0.0 0.0 
1 1 0.0 1.0 0.0277 27 0.0 
4 7 39.3860906564185 1546397.73033327 0.0 0.0 0.0 
1 1 0.0 1.0 0.0277 27 0.0 
4 6 39.4682741894423 1546397.73033444 0.0 0.0 0.0 
1 1 0.0 1.0 0.0277 27 0.0 
4 5 39.5504577224663 1546397.73033443 0.0 0.0 0.0 
1 1 0.0 1.0 0.0277 27 0.0 
4 4 39.6326412554902 1546397.73033443 0.0 0.0 0.0 
1 1 0.0 1.0 0.0277 27 0.0 
4 3 39.7148247885141 1546397.73033327 0.0 0.0 0.0 
1 1 0.0 1.0 0.0277 27 0.0 
4 2 39.7970083215379 1546397.73033443 0.0 0.0 0.0 
1 1 0.0 1.0 0.0277 27 0.0 
4 1 39.859350349025 799706.562414698 0.0 0.0 0.0 
1 1 0.0 1.0 0.0277 27 0.0 
4 483 39.044579681592 860239.293403004 0.0 0.0 0.0 
1 1 0.0 1.0 0.0277 27 0.0 
4 434 39.0989816817617 1558470.36254563 0.0 0.0 0.0 
1 1 0.0 1.0 0.0277 27 0.0 
4 403 39.1690884055838 1558470.36254562 0.0 0.0 0.0 
1 1 0.0 1.0 0.0277 27 0.0 
4 372 39.2391951294059 1558470.36254446 0.0 0.0 0.0 
1 1 0.0 1.0 0.0277 27 0.0 
4 341 39.309301853228 1558470.36254562 0.0 0.0 0.0 
1 1 0.0 1.0 0.0277 27 0.0 
4 310 39.3794085770501 1558470.36254562 0.0 0.0 0.0 
1 1 0.0 1.0 0.0277 27 0.0 
4 279 39.4495153008721 1558470.36254446 0.0 0.0 0.0 
1 1 0.0 1.0 0.0277 27 0.0 
4 248 39.5196220246942 1558470.36254563 0.0 0.0 0.0 
1 1 0.0 1.0 0.0277 27 0.0 
4 217 39.5897287485163 1558470.36254562 0.0 0.0 0.0 
1 1 0.0 1.0 0.0277 27 0.0 
4 186 39.6598354723384 1558470.36254446 0.0 0.0 0.0 
1 1 0.0 1.0 0.0277 27 0.0 
4 155 39.7299421961605 1558470.36254562 0.0 0.0 0.0 
1 1 0.0 1.0 0.0277 27 0.0 
4 124 39.8000489199825 1558470.36254562 0.0 0.0 0.0 
1 1 0.0 1.0 0.0277 27 0.0 
4 93 39.8701556438046 1558470.36254563 0.0 0.0 0.0 
1 1 0.0 1.0 0.0277 27 0.0 
4 62 39.9402623676267 1558470.36254446 0.0 0.0 0.0 
1 1 0.0 1.0 0.0277 27 0.0 
4 31 40.0002880089355 1110266.04025697 0.0 0.0 0.0 
1 1 0.0 1.0 0.0277 27 0.0 
4 942 38.969975745522 840069.361765821 0.0 0.0 0.0 
1 1 0.0 1.0 0.0277 27 0.0 
4 943 39.0394892524111 1546373.04399086 0.0 0.0 0.0 
1 1 0.0 1.0 0.0277 27 0.0 
4 944 39.129576331812 1546373.04399086 0.0 0.0 0.0 
1 1 0.0 1.0 0.0277 27 0.0 
4 945 39.2196634112129 1546373.04399086 0.0 0.0 0.0 
1 1 0.0 1.0 0.0277 27 0.0 
4 946 39.3097504906138 1546373.0439897 0.0 0.0 0.0 
1 1 0.0 1.0 0.0277 27 0.0 
4 947 39.3998375700146 1546373.04399086 0.0 0.0 0.0 
1 1 0.0 1.0 0.0277 27 0.0 
4 948 39.4899246494156 1546373.04399086 0.0 0.0 0.0 
1 1 0.0 1.0 0.0277 27 0.0 
4 949 39.5800117288165 1546373.04399086 0.0 0.0 0.0 
1 1 0.0 1.0 0.0277 27 0.0 
4 950 39.6700988082174 1546373.04399086 0.0 0.0 0.0 
1 1 0.0 1.0 0.0277 27 0.0 
4 951 39.7601858876183 1546373.0439897 0.0 0.0 0.0 
1 1 0.0 1.0 0.0277 27 0.0 
4 952 39.8502729670192 1546373.04399086 0.0 0.0 0.0 
1 1 0.0 1.0 0.0277 27 0.0 
4 953 39.9403600464201 1546373.04399086 0.0 0.0 0.0 
1 1 0.0 1.0 0.0277 27 0.0 
4 954 40.030447125821 1546373.04399086 0.0 0.0 0.0 
1 1 0.0 1.0 0.0277 27 0.0 
4 955 40.1205342052219 1546373.0439897 0.0 0.0 0.0 
1 1 0.0 1.0 0.0277 27 0.0 
4 956 40.2106212846228 1546373.04399086 0.0 0.0 0.0 
1 1 0.0 1.0 0.0277 27 0.0 
4 957 40.2760772696616 700772.085034537 0.0 0.0 0.0 
1 1 0.0 1.0 0.0277 27 0.0 
