1 1 14.0582696717857 0.0 0.0 0.0 
1 2 14.0582696717857 0.0 0.0 0.0 
1 3 14.0582696717857 0.0 0.0 0.0 
1 4 14.0582696717857 0.0 0.0 0.0 
1 5 14.0582696717857 0.0 0.0 0.0 
1 6 14.0582696717857 0.0 0.0 0.0 
1 7 14.0582696717857 0.0 0.0 0.0 
1 8 14.0582696717857 0.0 0.0 0.0 
1 9 14.0582696717857 0.0 0.0 0.0 
1 10 14.0582696717857 0.0 0.0 0.0 
1 11 14.0582696717857 0.0 0.0 0.0 
1 12 14.0582696717857 0.0 0.0 0.0 
1 13 14.0582696717857 0.0 0.0 0.0 
1 14 14.0582696717857 0.0 0.0 0.0 
1 15 14.0582696717857 0.0 0.0 0.0 
1 16 14.0582696717857 0.0 0.0 0.0 
1 17 14.0582696717857 0.0 0.0 0.0 
1 18 14.0582696717857 0.0 0.0 0.0 
1 19 14.0582696717857 0.0 0.0 0.0 
1 20 14.0582696717857 0.0 0.0 0.0 
1 21 14.0582696717857 0.0 0.0 0.0 
1 22 14.0582696717857 0.0 0.0 0.0 
1 23 14.0582696717857 0.0 0.0 0.0 
1 24 14.0582696717857 0.0 0.0 0.0 
1 25 14.0582696717857 0.0 0.0 0.0 
1 26 14.0582696717857 0.0 0.0 0.0 
1 27 14.0582696717857 0.0 0.0 0.0 
1 28 14.0582696717857 0.0 0.0 0.0 
1 29 14.0582696717857 0.0 0.0 0.0 
1 30 14.0582696717857 0.0 0.0 0.0 
1 31 14.0582696717857 0.0 0.0 0.0 
1 32 14.0582696717857 0.0 0.0 0.0 
1 33 14.0582696717857 0.0 0.0 0.0 
1 34 14.0582696717857 0.0 0.0 0.0 
1 35 14.0582696717857 0.0 0.0 0.0 
1 36 14.0582696717857 0.0 0.0 0.0 
1 37 14.0582696717857 0.0 0.0 0.0 
1 38 14.0582696717857 0.0 0.0 0.0 
1 39 14.0582696717857 0.0 0.0 0.0 
1 40 14.0582696717857 0.0 0.0 0.0 
1 41 14.0582696717857 0.0 0.0 0.0 
1 42 14.0582696717857 0.0 0.0 0.0 
1 43 14.0582696717857 0.0 0.0 0.0 
1 44 14.0582696717857 0.0 0.0 0.0 
1 45 14.0582696717857 0.0 0.0 0.0 
1 46 14.0582696717857 0.0 0.0 0.0 
1 47 14.0582696717857 0.0 0.0 0.0 
1 48 14.0582696717857 0.0 0.0 0.0 
1 49 14.0582696717857 0.0 0.0 0.0 
1 50 14.0582696717857 0.0 0.0 0.0 
1 51 14.0582696717857 0.0 0.0 0.0 
1 52 14.0582696717857 0.0 0.0 0.0 
1 53 14.0582696717857 0.0 0.0 0.0 
1 54 14.0582696717857 0.0 0.0 0.0 
1 55 14.0582696717857 0.0 0.0 0.0 
1 56 14.0582696717857 0.0 0.0 0.0 
1 57 14.0582696717857 0.0 0.0 0.0 
1 58 14.0582696717857 0.0 0.0 0.0 
1 59 14.0582696717857 0.0 0.0 0.0 
1 60 14.0582696717857 0.0 0.0 0.0 
1 61 14.0582696717857 0.0 0.0 0.0 
1 62 14.0582696717857 0.0 0.0 0.0 
1 63 14.0582696717857 0.0 0.0 0.0 
1 64 14.0582696717857 0.0 0.0 0.0 
1 65 14.0582696717857 0.0 0.0 0.0 
1 66 14.0582696717857 0.0 0.0 0.0 
1 67 14.0582696717857 0.0 0.0 0.0 
1 68 14.0582696717857 0.0 0.0 0.0 
1 69 14.0582696717857 0.0 0.0 0.0 
1 70 14.0582696717857 0.0 0.0 0.0 
1 71 14.0582696717857 0.0 0.0 0.0 
1 72 14.0582696717857 0.0 0.0 0.0 
1 73 14.0582696717857 0.0 0.0 0.0 
1 74 14.0582696717857 0.0 0.0 0.0 
1 75 14.0582696717857 0.0 0.0 0.0 
1 76 14.0582696717857 0.0 0.0 0.0 
1 77 14.0582696717857 0.0 0.0 0.0 
1 78 14.0582696717857 0.0 0.0 0.0 
1 79 14.0582696717857 0.0 0.0 0.0 
1 80 14.0582696717857 0.0 0.0 0.0 
1 81 14.0582696717857 0.0 0.0 0.0 
1 82 14.0582696717857 0.0 0.0 0.0 
1 83 14.0582696717857 0.0 0.0 0.0 
1 84 14.0582696717857 0.0 0.0 0.0 
1 85 14.0582696717857 0.0 0.0 0.0 
1 86 14.0582696717857 0.0 0.0 0.0 
1 87 14.0582696717857 0.0 0.0 0.0 
1 88 14.0582696717857 0.0 0.0 0.0 
1 89 14.0582696717857 0.0 0.0 0.0 
1 90 14.0582696717857 0.0 0.0 0.0 
1 91 14.0582696717857 0.0 0.0 0.0 
1 92 14.0582696717857 0.0 0.0 0.0 
1 93 14.0582696717857 0.0 0.0 0.0 
1 94 14.0582696717857 0.0 0.0 0.0 
1 95 14.0582696717857 0.0 0.0 0.0 
1 96 14.0582696717857 0.0 0.0 0.0 
1 97 14.0582696717857 0.0 0.0 0.0 
1 98 14.0582696717857 0.0 0.0 0.0 
1 99 14.0582696717857 0.0 0.0 0.0 
1 100 14.0582696717857 0.0 0.0 0.0 
1 101 14.0582696717857 0.0 0.0 0.0 
1 102 14.0582696717857 0.0 0.0 0.0 
1 103 14.0582696717857 0.0 0.0 0.0 
1 104 14.0582696717857 0.0 0.0 0.0 
1 105 14.0582696717857 0.0 0.0 0.0 
1 106 14.0582696717857 0.0 0.0 0.0 
1 107 14.0582696717857 0.0 0.0 0.0 
1 108 14.0582696717857 0.0 0.0 0.0 
1 109 14.0582696717857 0.0 0.0 0.0 
1 110 14.0582696717857 0.0 0.0 0.0 
1 111 14.0582696717857 0.0 0.0 0.0 
1 112 14.0582696717857 0.0 0.0 0.0 
1 113 14.0582696717857 0.0 0.0 0.0 
1 114 14.0582696717857 0.0 0.0 0.0 
1 115 14.0582696717857 0.0 0.0 0.0 
1 116 14.0582696717857 0.0 0.0 0.0 
1 117 14.0582696717857 0.0 0.0 0.0 
1 118 14.0582696717857 0.0 0.0 0.0 
1 119 14.0582696717857 0.0 0.0 0.0 
1 120 14.0582696717857 0.0 0.0 0.0 
1 121 14.0582696717857 0.0 0.0 0.0 
1 122 14.0582696717857 0.0 0.0 0.0 
1 123 14.0582696717857 0.0 0.0 0.0 
1 124 14.0582696717857 0.0 0.0 0.0 
1 125 14.0582696717857 0.0 0.0 0.0 
1 126 14.0582696717857 0.0 0.0 0.0 
1 127 14.0582696717857 0.0 0.0 0.0 
1 128 14.0582696717857 0.0 0.0 0.0 
1 129 14.0582696717857 0.0 0.0 0.0 
1 130 14.0582696717857 0.0 0.0 0.0 
1 131 14.0582696717857 0.0 0.0 0.0 
1 132 14.0582696717857 0.0 0.0 0.0 
1 133 14.0582696717857 0.0 0.0 0.0 
1 134 14.0582696717857 0.0 0.0 0.0 
1 135 14.0582696717857 0.0 0.0 0.0 
1 136 14.0582696717857 0.0 0.0 0.0 
1 137 14.0582696717857 0.0 0.0 0.0 
1 138 14.0582696717857 0.0 0.0 0.0 
1 139 14.0582696717857 0.0 0.0 0.0 
1 140 14.0582696717857 0.0 0.0 0.0 
1 141 14.0582696717857 0.0 0.0 0.0 
1 142 14.0582696717857 0.0 0.0 0.0 
1 143 14.0582696717857 0.0 0.0 0.0 
1 144 14.0582696717857 0.0 0.0 0.0 
1 145 14.0582696717857 0.0 0.0 0.0 
1 146 14.0582696717857 0.0 0.0 0.0 
1 147 14.0582696717857 0.0 0.0 0.0 
1 148 14.0582696717857 0.0 0.0 0.0 
1 149 14.0582696717857 0.0 0.0 0.0 
1 150 14.0582696717857 0.0 0.0 0.0 
1 151 14.0582696717857 0.0 0.0 0.0 
1 152 14.0582696717857 0.0 0.0 0.0 
1 153 14.0582696717857 0.0 0.0 0.0 
1 154 14.0582696717857 0.0 0.0 0.0 
1 155 14.0582696717857 0.0 0.0 0.0 
1 156 14.0582696717857 0.0 0.0 0.0 
1 157 14.0582696717857 0.0 0.0 0.0 
1 158 14.0582696717857 0.0 0.0 0.0 
1 159 14.0582696717857 0.0 0.0 0.0 
1 160 14.0582696717857 0.0 0.0 0.0 
1 161 14.0582696717857 0.0 0.0 0.0 
1 162 14.0582696717857 0.0 0.0 0.0 
1 163 14.0582696717857 0.0 0.0 0.0 
1 164 14.0582696717857 0.0 0.0 0.0 
1 165 14.0582696717857 0.0 0.0 0.0 
1 166 14.0582696717857 0.0 0.0 0.0 
1 167 14.0582696717857 0.0 0.0 0.0 
1 168 14.0582696717857 0.0 0.0 0.0 
1 169 14.0582696717857 0.0 0.0 0.0 
1 170 14.0582696717857 0.0 0.0 0.0 
1 171 14.0582696717857 0.0 0.0 0.0 
1 172 14.0582696717857 0.0 0.0 0.0 
1 173 14.0582696717857 0.0 0.0 0.0 
1 174 14.0582696717857 0.0 0.0 0.0 
1 175 14.0582696717857 0.0 0.0 0.0 
1 176 14.0582696717857 0.0 0.0 0.0 
1 177 14.0582696717857 0.0 0.0 0.0 
1 178 14.0582696717857 0.0 0.0 0.0 
1 179 14.0582696717857 0.0 0.0 0.0 
1 180 14.0582696717857 0.0 0.0 0.0 
1 181 14.0582696717857 0.0 0.0 0.0 
1 182 14.0582696717857 0.0 0.0 0.0 
1 183 14.0582696717857 0.0 0.0 0.0 
1 184 14.0582696717857 0.0 0.0 0.0 
1 185 14.0582696717857 0.0 0.0 0.0 
1 186 14.0582696717857 0.0 0.0 0.0 
1 187 14.0582696717857 0.0 0.0 0.0 
1 188 14.0582696717857 0.0 0.0 0.0 
1 189 14.0582696717857 0.0 0.0 0.0 
1 190 14.0582696717857 0.0 0.0 0.0 
1 191 14.0582696717857 0.0 0.0 0.0 
1 192 14.0582696717857 0.0 0.0 0.0 
1 193 14.0582696717857 0.0 0.0 0.0 
1 194 14.0582696717857 0.0 0.0 0.0 
1 195 14.0582696717857 0.0 0.0 0.0 
1 196 14.0582696717857 0.0 0.0 0.0 
1 197 14.0582696717857 0.0 0.0 0.0 
1 198 14.0582696717857 0.0 0.0 0.0 
1 199 14.0582696717857 0.0 0.0 0.0 
1 200 14.0582696717857 0.0 0.0 0.0 
1 201 14.0582696717857 0.0 0.0 0.0 
1 202 14.0582696717857 0.0 0.0 0.0 
1 203 14.0582696717857 0.0 0.0 0.0 
1 204 14.0582696717857 0.0 0.0 0.0 
1 205 14.0582696717857 0.0 0.0 0.0 
1 206 14.0582696717857 0.0 0.0 0.0 
1 207 14.0582696717857 0.0 0.0 0.0 
1 208 14.0582696717857 0.0 0.0 0.0 
1 209 14.0582696717857 0.0 0.0 0.0 
1 210 14.0582696717857 0.0 0.0 0.0 
1 211 14.0582696717857 0.0 0.0 0.0 
1 212 14.0582696717857 0.0 0.0 0.0 
1 213 14.0582696717857 0.0 0.0 0.0 
1 214 14.0582696717857 0.0 0.0 0.0 
1 215 14.0582696717857 0.0 0.0 0.0 
1 216 14.0582696717857 0.0 0.0 0.0 
1 217 14.0582696717857 0.0 0.0 0.0 
1 218 14.0582696717857 0.0 0.0 0.0 
1 219 14.0582696717857 0.0 0.0 0.0 
1 220 14.0582696717857 0.0 0.0 0.0 
1 221 14.0582696717857 0.0 0.0 0.0 
1 222 14.0582696717857 0.0 0.0 0.0 
1 223 14.0582696717857 0.0 0.0 0.0 
1 224 14.0582696717857 0.0 0.0 0.0 
1 225 14.0582696717857 0.0 0.0 0.0 
1 226 14.0582696717857 0.0 0.0 0.0 
1 227 14.0582696717857 0.0 0.0 0.0 
1 228 14.0582696717857 0.0 0.0 0.0 
1 229 14.0582696717857 0.0 0.0 0.0 
1 230 14.0582696717857 0.0 0.0 0.0 
1 231 14.0582696717857 0.0 0.0 0.0 
1 232 14.0582696717857 0.0 0.0 0.0 
1 233 14.0582696717857 0.0 0.0 0.0 
1 234 14.0582696717857 0.0 0.0 0.0 
1 235 14.0582696717857 0.0 0.0 0.0 
1 236 14.0582696717857 0.0 0.0 0.0 
1 237 14.0582696717857 0.0 0.0 0.0 
1 238 14.0582696717857 0.0 0.0 0.0 
1 239 14.0582696717857 0.0 0.0 0.0 
1 240 14.0582696717857 0.0 0.0 0.0 
1 241 14.0582696717857 0.0 0.0 0.0 
1 242 14.0582696717857 0.0 0.0 0.0 
1 243 14.0582696717857 0.0 0.0 0.0 
1 244 14.0582696717857 0.0 0.0 0.0 
1 245 14.0582696717857 0.0 0.0 0.0 
1 246 14.0582696717857 0.0 0.0 0.0 
1 247 14.0582696717857 0.0 0.0 0.0 
1 248 14.0582696717857 0.0 0.0 0.0 
1 249 14.0582696717857 0.0 0.0 0.0 
1 250 14.0582696717857 0.0 0.0 0.0 
1 251 14.0582696717857 0.0 0.0 0.0 
1 252 14.0582696717857 0.0 0.0 0.0 
1 253 14.0582696717857 0.0 0.0 0.0 
1 254 14.0582696717857 0.0 0.0 0.0 
1 255 14.0582696717857 0.0 0.0 0.0 
1 256 14.0582696717857 0.0 0.0 0.0 
1 257 14.0582696717857 0.0 0.0 0.0 
1 258 14.0582696717857 0.0 0.0 0.0 
1 259 14.0582696717857 0.0 0.0 0.0 
1 260 14.0582696717857 0.0 0.0 0.0 
1 261 14.0582696717857 0.0 0.0 0.0 
1 262 14.0582696717857 0.0 0.0 0.0 
1 263 14.0582696717857 0.0 0.0 0.0 
1 264 14.0582696717857 0.0 0.0 0.0 
1 265 14.0582696717857 0.0 0.0 0.0 
1 266 14.0582696717857 0.0 0.0 0.0 
1 267 14.0582696717857 0.0 0.0 0.0 
1 268 14.0582696717857 0.0 0.0 0.0 
1 269 14.0582696717857 0.0 0.0 0.0 
1 270 14.0582696717857 0.0 0.0 0.0 
1 271 14.0582696717857 0.0 0.0 0.0 
1 272 14.0582696717857 0.0 0.0 0.0 
1 273 14.0582696717857 0.0 0.0 0.0 
1 274 14.0582696717857 0.0 0.0 0.0 
1 275 14.0582696717857 0.0 0.0 0.0 
1 276 14.0582696717857 0.0 0.0 0.0 
1 277 14.0582696717857 0.0 0.0 0.0 
1 278 14.0582696717857 0.0 0.0 0.0 
1 279 14.0582696717857 0.0 0.0 0.0 
1 280 14.0582696717857 0.0 0.0 0.0 
1 281 14.0582696717857 0.0 0.0 0.0 
1 282 14.0582696717857 0.0 0.0 0.0 
1 283 14.0582696717857 0.0 0.0 0.0 
1 284 14.0582696717857 0.0 0.0 0.0 
1 285 14.0582696717857 0.0 0.0 0.0 
1 286 14.0582696717857 0.0 0.0 0.0 
1 287 14.0582696717857 0.0 0.0 0.0 
1 288 14.0582696717857 0.0 0.0 0.0 
1 289 14.0582696717857 0.0 0.0 0.0 
1 290 14.0582696717857 0.0 0.0 0.0 
1 291 14.0582696717857 0.0 0.0 0.0 
1 292 14.0582696717857 0.0 0.0 0.0 
1 293 14.0582696717857 0.0 0.0 0.0 
1 294 14.0582696717857 0.0 0.0 0.0 
1 295 14.0582696717857 0.0 0.0 0.0 
1 296 14.0582696717857 0.0 0.0 0.0 
1 297 14.0582696717857 0.0 0.0 0.0 
1 298 14.0582696717857 0.0 0.0 0.0 
1 299 14.0582696717857 0.0 0.0 0.0 
1 300 14.0582696717857 0.0 0.0 0.0 
1 301 14.0582696717857 0.0 0.0 0.0 
1 302 14.0582696717857 0.0 0.0 0.0 
1 303 14.0582696717857 0.0 0.0 0.0 
1 304 14.0582696717857 0.0 0.0 0.0 
1 305 14.0582696717857 0.0 0.0 0.0 
1 306 14.0582696717857 0.0 0.0 0.0 
1 307 14.0582696717857 0.0 0.0 0.0 
1 308 14.0582696717857 0.0 0.0 0.0 
1 309 14.0582696717857 0.0 0.0 0.0 
1 310 14.0582696717857 0.0 0.0 0.0 
1 311 14.0582696717857 0.0 0.0 0.0 
1 312 14.0582696717857 0.0 0.0 0.0 
1 313 14.0582696717857 0.0 0.0 0.0 
1 314 14.0582696717857 0.0 0.0 0.0 
1 315 14.0582696717857 0.0 0.0 0.0 
1 316 14.0582696717857 0.0 0.0 0.0 
1 317 14.0582696717857 0.0 0.0 0.0 
1 318 14.0582696717857 0.0 0.0 0.0 
1 319 14.0582696717857 0.0 0.0 0.0 
1 320 14.0582696717857 0.0 0.0 0.0 
1 321 14.0582696717857 0.0 0.0 0.0 
1 322 14.0582696717857 0.0 0.0 0.0 
1 323 14.0582696717857 0.0 0.0 0.0 
1 324 14.0582696717857 0.0 0.0 0.0 
1 325 14.0582696717857 0.0 0.0 0.0 
1 326 14.0582696717857 0.0 0.0 0.0 
1 327 14.0582696717857 0.0 0.0 0.0 
1 328 14.0582696717857 0.0 0.0 0.0 
1 329 14.0582696717857 0.0 0.0 0.0 
1 330 14.0582696717857 0.0 0.0 0.0 
1 331 14.0582696717857 0.0 0.0 0.0 
1 332 14.0582696717857 0.0 0.0 0.0 
1 333 14.0582696717857 0.0 0.0 0.0 
1 334 14.0582696717857 0.0 0.0 0.0 
1 335 14.0582696717857 0.0 0.0 0.0 
1 336 14.0582696717857 0.0 0.0 0.0 
1 337 14.0582696717857 0.0 0.0 0.0 
1 338 14.0582696717857 0.0 0.0 0.0 
1 339 14.0582696717857 0.0 0.0 0.0 
1 340 14.0582696717857 0.0 0.0 0.0 
1 341 14.0582696717857 0.0 0.0 0.0 
1 342 14.0582696717857 0.0 0.0 0.0 
1 343 14.0582696717857 0.0 0.0 0.0 
1 344 14.0582696717857 0.0 0.0 0.0 
1 345 14.0582696717857 0.0 0.0 0.0 
1 346 14.0582696717857 0.0 0.0 0.0 
1 347 14.0582696717857 0.0 0.0 0.0 
1 348 14.0582696717857 0.0 0.0 0.0 
1 349 14.0582696717857 0.0 0.0 0.0 
1 350 14.0582696717857 0.0 0.0 0.0 
1 351 14.0582696717857 0.0 0.0 0.0 
1 352 14.0582696717857 0.0 0.0 0.0 
1 353 14.0582696717857 0.0 0.0 0.0 
1 354 14.0582696717857 0.0 0.0 0.0 
1 355 14.0582696717857 0.0 0.0 0.0 
1 356 14.0582696717857 0.0 0.0 0.0 
1 357 14.0582696717857 0.0 0.0 0.0 
1 358 14.0582696717857 0.0 0.0 0.0 
1 359 14.0582696717857 0.0 0.0 0.0 
1 360 14.0582696717857 0.0 0.0 0.0 
1 361 14.0582696717857 0.0 0.0 0.0 
1 362 14.0582696717857 0.0 0.0 0.0 
1 363 14.0582696717857 0.0 0.0 0.0 
1 364 14.0582696717857 0.0 0.0 0.0 
1 365 14.0582696717857 0.0 0.0 0.0 
1 366 14.0582696717857 0.0 0.0 0.0 
1 367 14.0582696717857 0.0 0.0 0.0 
1 368 14.0582696717857 0.0 0.0 0.0 
1 369 14.0582696717857 0.0 0.0 0.0 
1 370 14.0582696717857 0.0 0.0 0.0 
1 371 14.0582696717857 0.0 0.0 0.0 
1 372 14.0582696717857 0.0 0.0 0.0 
1 373 14.0582696717857 0.0 0.0 0.0 
1 374 14.0582696717857 0.0 0.0 0.0 
1 375 14.0582696717857 0.0 0.0 0.0 
1 376 14.0582696717857 0.0 0.0 0.0 
1 377 14.0582696717857 0.0 0.0 0.0 
1 378 14.0582696717857 0.0 0.0 0.0 
1 379 14.0582696717857 0.0 0.0 0.0 
1 380 14.0582696717857 0.0 0.0 0.0 
1 381 14.0582696717857 0.0 0.0 0.0 
1 382 14.0582696717857 0.0 0.0 0.0 
1 383 14.0582696717857 0.0 0.0 0.0 
1 384 14.0582696717857 0.0 0.0 0.0 
1 385 14.0582696717857 0.0 0.0 0.0 
1 386 14.0582696717857 0.0 0.0 0.0 
1 387 14.0582696717857 0.0 0.0 0.0 
1 388 14.0582696717857 0.0 0.0 0.0 
1 389 14.0582696717857 0.0 0.0 0.0 
1 390 14.0582696717857 0.0 0.0 0.0 
1 391 14.0582696717857 0.0 0.0 0.0 
1 392 14.0582696717857 0.0 0.0 0.0 
1 393 14.0582696717857 0.0 0.0 0.0 
1 394 14.0582696717857 0.0 0.0 0.0 
1 395 14.0582696717857 0.0 0.0 0.0 
1 396 14.0582696717857 0.0 0.0 0.0 
1 397 14.0582696717857 0.0 0.0 0.0 
1 398 14.0582696717857 0.0 0.0 0.0 
1 399 14.0582696717857 0.0 0.0 0.0 
1 400 14.0582696717857 0.0 0.0 0.0 
1 401 14.0582696717857 0.0 0.0 0.0 
1 402 14.0582696717857 0.0 0.0 0.0 
1 403 14.0582696717857 0.0 0.0 0.0 
1 404 14.0582696717857 0.0 0.0 0.0 
1 405 14.0582696717857 0.0 0.0 0.0 
1 406 14.0582696717857 0.0 0.0 0.0 
1 407 14.0582696717857 0.0 0.0 0.0 
1 408 14.0582696717857 0.0 0.0 0.0 
1 409 14.0582696717857 0.0 0.0 0.0 
1 410 14.0582696717857 0.0 0.0 0.0 
1 411 14.0582696717857 0.0 0.0 0.0 
1 412 14.0582696717857 0.0 0.0 0.0 
1 413 14.0582696717857 0.0 0.0 0.0 
1 414 14.0582696717857 0.0 0.0 0.0 
1 415 14.0582696717857 0.0 0.0 0.0 
1 416 14.0582696717857 0.0 0.0 0.0 
1 417 14.0582696717857 0.0 0.0 0.0 
1 418 14.0582696717857 0.0 0.0 0.0 
1 419 14.0582696717857 0.0 0.0 0.0 
1 420 14.0582696717857 0.0 0.0 0.0 
1 421 14.0582696717857 0.0 0.0 0.0 
1 422 14.0582696717857 0.0 0.0 0.0 
1 423 14.0582696717857 0.0 0.0 0.0 
1 424 14.0582696717857 0.0 0.0 0.0 
1 425 14.0582696717857 0.0 0.0 0.0 
1 426 14.0582696717857 0.0 0.0 0.0 
1 427 14.0582696717857 0.0 0.0 0.0 
1 428 14.0582696717857 0.0 0.0 0.0 
1 429 14.0582696717857 0.0 0.0 0.0 
1 430 14.0582696717857 0.0 0.0 0.0 
1 431 14.0582696717857 0.0 0.0 0.0 
1 432 14.0582696717857 0.0 0.0 0.0 
1 433 14.0582696717857 0.0 0.0 0.0 
1 434 14.0582696717857 0.0 0.0 0.0 
1 435 14.0582696717857 0.0 0.0 0.0 
1 436 14.0582696717857 0.0 0.0 0.0 
1 437 14.0582696717857 0.0 0.0 0.0 
1 438 14.0582696717857 0.0 0.0 0.0 
1 439 14.0582696717857 0.0 0.0 0.0 
1 440 14.0582696717857 0.0 0.0 0.0 
1 441 14.0582696717857 0.0 0.0 0.0 
1 442 14.0582696717857 0.0 0.0 0.0 
1 443 14.0582696717857 0.0 0.0 0.0 
1 444 14.0582696717857 0.0 0.0 0.0 
1 445 14.0582696717857 0.0 0.0 0.0 
1 446 14.0582696717857 0.0 0.0 0.0 
1 447 14.0582696717857 0.0 0.0 0.0 
1 448 14.0582696717857 0.0 0.0 0.0 
1 449 14.0582696717857 0.0 0.0 0.0 
1 450 14.0582696717857 0.0 0.0 0.0 
1 451 14.0582696717857 0.0 0.0 0.0 
1 452 14.0582696717857 0.0 0.0 0.0 
1 453 14.0582696717857 0.0 0.0 0.0 
1 454 14.0582696717857 0.0 0.0 0.0 
1 455 14.0582696717857 0.0 0.0 0.0 
1 456 14.0582696717857 0.0 0.0 0.0 
1 457 14.0582696717857 0.0 0.0 0.0 
1 458 14.0582696717857 0.0 0.0 0.0 
1 459 14.0582696717857 0.0 0.0 0.0 
1 460 14.0582696717857 0.0 0.0 0.0 
1 461 14.0582696717857 0.0 0.0 0.0 
1 462 14.0582696717857 0.0 0.0 0.0 
1 463 14.0582696717857 0.0 0.0 0.0 
1 464 14.0582696717857 0.0 0.0 0.0 
1 465 14.0582696717857 0.0 0.0 0.0 
1 466 14.0582696717857 0.0 0.0 0.0 
1 467 14.0582696717857 0.0 0.0 0.0 
1 468 14.0582696717857 0.0 0.0 0.0 
1 469 14.0582696717857 0.0 0.0 0.0 
1 470 14.0582696717857 0.0 0.0 0.0 
1 471 14.0582696717857 0.0 0.0 0.0 
1 472 14.0582696717857 0.0 0.0 0.0 
1 473 14.0582696717857 0.0 0.0 0.0 
1 474 14.0582696717857 0.0 0.0 0.0 
1 475 14.0582696717857 0.0 0.0 0.0 
1 476 14.0582696717857 0.0 0.0 0.0 
1 477 14.0582696717857 0.0 0.0 0.0 
1 478 14.0582696717857 0.0 0.0 0.0 
1 479 14.0582696717857 0.0 0.0 0.0 
1 480 14.0582696717857 0.0 0.0 0.0 
1 481 14.0582696717857 0.0 0.0 0.0 
1 482 14.0582696717857 0.0 0.0 0.0 
1 483 14.0582696717857 0.0 0.0 0.0 
1 484 14.0582696717857 0.0 0.0 0.0 
1 485 14.0582696717857 0.0 0.0 0.0 
1 486 14.0582696717857 0.0 0.0 0.0 
1 487 14.0582696717857 0.0 0.0 0.0 
1 488 14.0582696717857 0.0 0.0 0.0 
1 489 14.0582696717857 0.0 0.0 0.0 
1 490 14.0582696717857 0.0 0.0 0.0 
1 491 14.0582696717857 0.0 0.0 0.0 
1 492 14.0582696717857 0.0 0.0 0.0 
1 493 14.0582696717857 0.0 0.0 0.0 
1 494 14.0582696717857 0.0 0.0 0.0 
1 495 14.0582696717857 0.0 0.0 0.0 
1 496 14.0582696717857 0.0 0.0 0.0 
1 497 14.0582696717857 0.0 0.0 0.0 
1 498 14.0582696717857 0.0 0.0 0.0 
1 499 14.0582696717857 0.0 0.0 0.0 
1 500 14.0582696717857 0.0 0.0 0.0 
1 501 14.0582696717857 0.0 0.0 0.0 
1 502 14.0582696717857 0.0 0.0 0.0 
1 503 14.0582696717857 0.0 0.0 0.0 
1 504 14.0582696717857 0.0 0.0 0.0 
1 505 14.0582696717857 0.0 0.0 0.0 
1 506 14.0582696717857 0.0 0.0 0.0 
1 507 14.0582696717857 0.0 0.0 0.0 
1 508 14.0582696717857 0.0 0.0 0.0 
1 509 14.0582696717857 0.0 0.0 0.0 
1 510 14.0582696717857 0.0 0.0 0.0 
1 511 14.0582696717857 0.0 0.0 0.0 
1 512 14.0582696717857 0.0 0.0 0.0 
1 513 14.0582696717857 0.0 0.0 0.0 
1 514 14.0582696717857 0.0 0.0 0.0 
1 515 14.0582696717857 0.0 0.0 0.0 
1 516 14.0582696717857 0.0 0.0 0.0 
1 517 14.0582696717857 0.0 0.0 0.0 
1 518 14.0582696717857 0.0 0.0 0.0 
1 519 14.0582696717857 0.0 0.0 0.0 
1 520 14.0582696717857 0.0 0.0 0.0 
1 521 14.0582696717857 0.0 0.0 0.0 
1 522 14.0582696717857 0.0 0.0 0.0 
1 523 14.0582696717857 0.0 0.0 0.0 
1 524 14.0582696717857 0.0 0.0 0.0 
1 525 14.0582696717857 0.0 0.0 0.0 
1 526 14.0582696717857 0.0 0.0 0.0 
1 527 14.0582696717857 0.0 0.0 0.0 
1 528 14.0582696717857 0.0 0.0 0.0 
1 529 14.0582696717857 0.0 0.0 0.0 
1 530 14.0582696717857 0.0 0.0 0.0 
1 531 14.0582696717857 0.0 0.0 0.0 
1 532 14.0582696717857 0.0 0.0 0.0 
1 533 14.0582696717857 0.0 0.0 0.0 
1 534 14.0582696717857 0.0 0.0 0.0 
1 535 14.0582696717857 0.0 0.0 0.0 
1 536 14.0582696717857 0.0 0.0 0.0 
1 537 14.0582696717857 0.0 0.0 0.0 
1 538 14.0582696717857 0.0 0.0 0.0 
1 539 14.0582696717857 0.0 0.0 0.0 
1 540 14.0582696717857 0.0 0.0 0.0 
1 541 14.0582696717857 0.0 0.0 0.0 
1 542 14.0582696717857 0.0 0.0 0.0 
1 543 14.0582696717857 0.0 0.0 0.0 
1 544 14.0582696717857 0.0 0.0 0.0 
1 545 14.0582696717857 0.0 0.0 0.0 
1 546 14.0582696717857 0.0 0.0 0.0 
1 547 14.0582696717857 0.0 0.0 0.0 
1 548 14.0582696717857 0.0 0.0 0.0 
1 549 14.0582696717857 0.0 0.0 0.0 
1 550 14.0582696717857 0.0 0.0 0.0 
1 551 14.0582696717857 0.0 0.0 0.0 
1 552 14.0582696717857 0.0 0.0 0.0 
1 553 14.0582696717857 0.0 0.0 0.0 
1 554 14.0582696717857 0.0 0.0 0.0 
1 555 14.0582696717857 0.0 0.0 0.0 
1 556 14.0582696717857 0.0 0.0 0.0 
1 557 14.0582696717857 0.0 0.0 0.0 
1 558 14.0582696717857 0.0 0.0 0.0 
1 559 14.0582696717857 0.0 0.0 0.0 
1 560 14.0582696717857 0.0 0.0 0.0 
1 561 14.0582696717857 0.0 0.0 0.0 
1 562 14.0582696717857 0.0 0.0 0.0 
1 563 14.0582696717857 0.0 0.0 0.0 
1 564 14.0582696717857 0.0 0.0 0.0 
1 565 14.0582696717857 0.0 0.0 0.0 
1 566 14.0582696717857 0.0 0.0 0.0 
1 567 14.0582696717857 0.0 0.0 0.0 
1 568 14.0582696717857 0.0 0.0 0.0 
1 569 14.0582696717857 0.0 0.0 0.0 
1 570 14.0582696717857 0.0 0.0 0.0 
1 571 14.0582696717857 0.0 0.0 0.0 
1 572 14.0582696717857 0.0 0.0 0.0 
1 573 14.0582696717857 0.0 0.0 0.0 
1 574 14.0582696717857 0.0 0.0 0.0 
1 575 14.0582696717857 0.0 0.0 0.0 
1 576 14.0582696717857 0.0 0.0 0.0 
1 577 14.0582696717857 0.0 0.0 0.0 
1 578 14.0582696717857 0.0 0.0 0.0 
1 579 14.0582696717857 0.0 0.0 0.0 
1 580 14.0582696717857 0.0 0.0 0.0 
1 581 14.0582696717857 0.0 0.0 0.0 
1 582 14.0582696717857 0.0 0.0 0.0 
1 583 14.0582696717857 0.0 0.0 0.0 
1 584 14.0582696717857 0.0 0.0 0.0 
1 585 14.0582696717857 0.0 0.0 0.0 
1 586 14.0582696717857 0.0 0.0 0.0 
1 587 14.0582696717857 0.0 0.0 0.0 
1 588 14.0582696717857 0.0 0.0 0.0 
1 589 14.0582696717857 0.0 0.0 0.0 
1 590 14.0582696717857 0.0 0.0 0.0 
1 591 14.0582696717857 0.0 0.0 0.0 
1 592 14.0582696717857 0.0 0.0 0.0 
1 593 14.0582696717857 0.0 0.0 0.0 
1 594 14.0582696717857 0.0 0.0 0.0 
1 595 14.0582696717857 0.0 0.0 0.0 
1 596 14.0582696717857 0.0 0.0 0.0 
1 597 14.0582696717857 0.0 0.0 0.0 
1 598 14.0582696717857 0.0 0.0 0.0 
1 599 14.0582696717857 0.0 0.0 0.0 
1 600 14.0582696717857 0.0 0.0 0.0 
1 601 14.0582696717857 0.0 0.0 0.0 
1 602 14.0582696717857 0.0 0.0 0.0 
1 603 14.0582696717857 0.0 0.0 0.0 
1 604 14.0582696717857 0.0 0.0 0.0 
1 605 14.0582696717857 0.0 0.0 0.0 
1 606 14.0582696717857 0.0 0.0 0.0 
1 607 14.0582696717857 0.0 0.0 0.0 
1 608 14.0582696717857 0.0 0.0 0.0 
1 609 14.0582696717857 0.0 0.0 0.0 
1 610 14.0582696717857 0.0 0.0 0.0 
1 611 14.0582696717857 0.0 0.0 0.0 
1 612 14.0582696717857 0.0 0.0 0.0 
1 613 14.0582696717857 0.0 0.0 0.0 
1 614 14.0582696717857 0.0 0.0 0.0 
1 615 14.0582696717857 0.0 0.0 0.0 
1 616 14.0582696717857 0.0 0.0 0.0 
1 617 14.0582696717857 0.0 0.0 0.0 
1 618 14.0582696717857 0.0 0.0 0.0 
1 619 14.0582696717857 0.0 0.0 0.0 
1 620 14.0582696717857 0.0 0.0 0.0 
1 621 14.0582696717857 0.0 0.0 0.0 
1 622 14.0582696717857 0.0 0.0 0.0 
1 623 14.0582696717857 0.0 0.0 0.0 
1 624 14.0582696717857 0.0 0.0 0.0 
1 625 14.0582696717857 0.0 0.0 0.0 
1 626 14.0582696717857 0.0 0.0 0.0 
1 627 14.0582696717857 0.0 0.0 0.0 
1 628 14.0582696717857 0.0 0.0 0.0 
1 629 14.0582696717857 0.0 0.0 0.0 
1 630 14.0582696717857 0.0 0.0 0.0 
1 631 14.0582696717857 0.0 0.0 0.0 
1 632 14.0582696717857 0.0 0.0 0.0 
1 633 14.0582696717857 0.0 0.0 0.0 
1 634 14.0582696717857 0.0 0.0 0.0 
1 635 14.0582696717857 0.0 0.0 0.0 
1 636 14.0582696717857 0.0 0.0 0.0 
1 637 14.0582696717857 0.0 0.0 0.0 
1 638 14.0582696717857 0.0 0.0 0.0 
1 639 14.0582696717857 0.0 0.0 0.0 
1 640 14.0582696717857 0.0 0.0 0.0 
1 641 14.0582696717857 0.0 0.0 0.0 
1 642 14.0582696717857 0.0 0.0 0.0 
1 643 14.0582696717857 0.0 0.0 0.0 
1 644 14.0582696717857 0.0 0.0 0.0 
1 645 14.0582696717857 0.0 0.0 0.0 
1 646 14.0582696717857 0.0 0.0 0.0 
1 647 14.0582696717857 0.0 0.0 0.0 
1 648 14.0582696717857 0.0 0.0 0.0 
1 649 14.0582696717857 0.0 0.0 0.0 
1 650 14.0582696717857 0.0 0.0 0.0 
1 651 14.0582696717857 0.0 0.0 0.0 
1 652 14.0582696717857 0.0 0.0 0.0 
1 653 14.0582696717857 0.0 0.0 0.0 
1 654 14.0582696717857 0.0 0.0 0.0 
1 655 14.0582696717857 0.0 0.0 0.0 
1 656 14.0582696717857 0.0 0.0 0.0 
1 657 14.0582696717857 0.0 0.0 0.0 
1 658 14.0582696717857 0.0 0.0 0.0 
1 659 14.0582696717857 0.0 0.0 0.0 
1 660 14.0582696717857 0.0 0.0 0.0 
1 661 14.0582696717857 0.0 0.0 0.0 
1 662 14.0582696717857 0.0 0.0 0.0 
1 663 14.0582696717857 0.0 0.0 0.0 
1 664 14.0582696717857 0.0 0.0 0.0 
1 665 14.0582696717857 0.0 0.0 0.0 
1 666 14.0582696717857 0.0 0.0 0.0 
1 667 14.0582696717857 0.0 0.0 0.0 
1 668 14.0582696717857 0.0 0.0 0.0 
1 669 14.0582696717857 0.0 0.0 0.0 
1 670 14.0582696717857 0.0 0.0 0.0 
1 671 14.0582696717857 0.0 0.0 0.0 
1 672 14.0582696717857 0.0 0.0 0.0 
1 673 14.0582696717857 0.0 0.0 0.0 
1 674 14.0582696717857 0.0 0.0 0.0 
1 675 14.0582696717857 0.0 0.0 0.0 
1 676 14.0582696717857 0.0 0.0 0.0 
1 677 14.0582696717857 0.0 0.0 0.0 
1 678 14.0582696717857 0.0 0.0 0.0 
1 679 14.0582696717857 0.0 0.0 0.0 
1 680 14.0582696717857 0.0 0.0 0.0 
1 681 14.0582696717857 0.0 0.0 0.0 
1 682 14.0582696717857 0.0 0.0 0.0 
1 683 14.0582696717857 0.0 0.0 0.0 
1 684 14.0582696717857 0.0 0.0 0.0 
1 685 14.0582696717857 0.0 0.0 0.0 
1 686 14.0582696717857 0.0 0.0 0.0 
1 687 14.0582696717857 0.0 0.0 0.0 
1 688 14.0582696717857 0.0 0.0 0.0 
1 689 14.0582696717857 0.0 0.0 0.0 
1 690 14.0582696717857 0.0 0.0 0.0 
1 691 14.0582696717857 0.0 0.0 0.0 
1 692 14.0582696717857 0.0 0.0 0.0 
1 693 14.0582696717857 0.0 0.0 0.0 
1 694 14.0582696717857 0.0 0.0 0.0 
1 695 14.0582696717857 0.0 0.0 0.0 
1 696 14.0582696717857 0.0 0.0 0.0 
1 697 14.0582696717857 0.0 0.0 0.0 
1 698 14.0582696717857 0.0 0.0 0.0 
1 699 14.0582696717857 0.0 0.0 0.0 
1 700 14.0582696717857 0.0 0.0 0.0 
1 701 14.0582696717857 0.0 0.0 0.0 
1 702 14.0582696717857 0.0 0.0 0.0 
1 703 14.0582696717857 0.0 0.0 0.0 
1 704 14.0582696717857 0.0 0.0 0.0 
1 705 14.0582696717857 0.0 0.0 0.0 
1 706 14.0582696717857 0.0 0.0 0.0 
1 707 14.0582696717857 0.0 0.0 0.0 
1 708 14.0582696717857 0.0 0.0 0.0 
1 709 14.0582696717857 0.0 0.0 0.0 
1 710 14.0582696717857 0.0 0.0 0.0 
1 711 14.0582696717857 0.0 0.0 0.0 
1 712 14.0582696717857 0.0 0.0 0.0 
1 713 14.0582696717857 0.0 0.0 0.0 
1 714 14.0582696717857 0.0 0.0 0.0 
1 715 14.0582696717857 0.0 0.0 0.0 
1 716 14.0582696717857 0.0 0.0 0.0 
1 717 14.0582696717857 0.0 0.0 0.0 
1 718 14.0582696717857 0.0 0.0 0.0 
1 719 14.0582696717857 0.0 0.0 0.0 
1 720 14.0582696717857 0.0 0.0 0.0 
1 721 14.0582696717857 0.0 0.0 0.0 
1 722 14.0582696717857 0.0 0.0 0.0 
1 723 14.0582696717857 0.0 0.0 0.0 
1 724 14.0582696717857 0.0 0.0 0.0 
1 725 14.0582696717857 0.0 0.0 0.0 
1 726 14.0582696717857 0.0 0.0 0.0 
1 727 14.0582696717857 0.0 0.0 0.0 
1 728 14.0582696717857 0.0 0.0 0.0 
1 729 14.0582696717857 0.0 0.0 0.0 
1 730 14.0582696717857 0.0 0.0 0.0 
1 731 14.0582696717857 0.0 0.0 0.0 
1 732 14.0582696717857 0.0 0.0 0.0 
1 733 14.0582696717857 0.0 0.0 0.0 
1 734 14.0582696717857 0.0 0.0 0.0 
1 735 14.0582696717857 0.0 0.0 0.0 
1 736 14.0582696717857 0.0 0.0 0.0 
1 737 14.0582696717857 0.0 0.0 0.0 
1 738 14.0582696717857 0.0 0.0 0.0 
1 739 14.0582696717857 0.0 0.0 0.0 
1 740 14.0582696717857 0.0 0.0 0.0 
1 741 14.0582696717857 0.0 0.0 0.0 
1 742 14.0582696717857 0.0 0.0 0.0 
1 743 14.0582696717857 0.0 0.0 0.0 
1 744 14.0582696717857 0.0 0.0 0.0 
1 745 14.0582696717857 0.0 0.0 0.0 
1 746 14.0582696717857 0.0 0.0 0.0 
1 747 14.0582696717857 0.0 0.0 0.0 
1 748 14.0582696717857 0.0 0.0 0.0 
1 749 14.0582696717857 0.0 0.0 0.0 
1 750 14.0582696717857 0.0 0.0 0.0 
1 751 14.0582696717857 0.0 0.0 0.0 
1 752 14.0582696717857 0.0 0.0 0.0 
1 753 14.0582696717857 0.0 0.0 0.0 
1 754 14.0582696717857 0.0 0.0 0.0 
1 755 14.0582696717857 0.0 0.0 0.0 
1 756 14.0582696717857 0.0 0.0 0.0 
1 757 14.0582696717857 0.0 0.0 0.0 
1 758 14.0582696717857 0.0 0.0 0.0 
1 759 14.0582696717857 0.0 0.0 0.0 
1 760 14.0582696717857 0.0 0.0 0.0 
1 761 14.0582696717857 0.0 0.0 0.0 
1 762 14.0582696717857 0.0 0.0 0.0 
1 763 14.0582696717857 0.0 0.0 0.0 
1 764 14.0582696717857 0.0 0.0 0.0 
1 765 14.0582696717857 0.0 0.0 0.0 
1 766 14.0582696717857 0.0 0.0 0.0 
1 767 14.0582696717857 0.0 0.0 0.0 
1 768 14.0582696717857 0.0 0.0 0.0 
1 769 14.0582696717857 0.0 0.0 0.0 
1 770 14.0582696717857 0.0 0.0 0.0 
1 771 14.0582696717857 0.0 0.0 0.0 
1 772 14.0582696717857 0.0 0.0 0.0 
1 773 14.0582696717857 0.0 0.0 0.0 
1 774 14.0582696717857 0.0 0.0 0.0 
1 775 14.0582696717857 0.0 0.0 0.0 
1 776 14.0582696717857 0.0 0.0 0.0 
1 777 14.0582696717857 0.0 0.0 0.0 
1 778 14.0582696717857 0.0 0.0 0.0 
1 779 14.0582696717857 0.0 0.0 0.0 
1 780 14.0582696717857 0.0 0.0 0.0 
1 781 14.0582696717857 0.0 0.0 0.0 
1 782 14.0582696717857 0.0 0.0 0.0 
1 783 14.0582696717857 0.0 0.0 0.0 
1 784 14.0582696717857 0.0 0.0 0.0 
1 785 14.0582696717857 0.0 0.0 0.0 
1 786 14.0582696717857 0.0 0.0 0.0 
1 787 14.0582696717857 0.0 0.0 0.0 
1 788 14.0582696717857 0.0 0.0 0.0 
1 789 14.0582696717857 0.0 0.0 0.0 
1 790 14.0582696717857 0.0 0.0 0.0 
1 791 14.0582696717857 0.0 0.0 0.0 
1 792 14.0582696717857 0.0 0.0 0.0 
1 793 14.0582696717857 0.0 0.0 0.0 
1 794 14.0582696717857 0.0 0.0 0.0 
1 795 14.0582696717857 0.0 0.0 0.0 
1 796 14.0582696717857 0.0 0.0 0.0 
1 797 14.0582696717857 0.0 0.0 0.0 
1 798 14.0582696717857 0.0 0.0 0.0 
1 799 14.0582696717857 0.0 0.0 0.0 
1 800 14.0582696717857 0.0 0.0 0.0 
1 801 14.0582696717857 0.0 0.0 0.0 
1 802 14.0582696717857 0.0 0.0 0.0 
1 803 14.0582696717857 0.0 0.0 0.0 
1 804 14.0582696717857 0.0 0.0 0.0 
1 805 14.0582696717857 0.0 0.0 0.0 
1 806 14.0582696717857 0.0 0.0 0.0 
1 807 14.0582696717857 0.0 0.0 0.0 
1 808 14.0582696717857 0.0 0.0 0.0 
1 809 14.0582696717857 0.0 0.0 0.0 
1 810 14.0582696717857 0.0 0.0 0.0 
1 811 14.0582696717857 0.0 0.0 0.0 
1 812 14.0582696717857 0.0 0.0 0.0 
1 813 14.0582696717857 0.0 0.0 0.0 
1 814 14.0582696717857 0.0 0.0 0.0 
1 815 14.0582696717857 0.0 0.0 0.0 
1 816 14.0582696717857 0.0 0.0 0.0 
1 817 14.0582696717857 0.0 0.0 0.0 
1 818 14.0582696717857 0.0 0.0 0.0 
1 819 14.0582696717857 0.0 0.0 0.0 
1 820 14.0582696717857 0.0 0.0 0.0 
1 821 14.0582696717857 0.0 0.0 0.0 
1 822 14.0582696717857 0.0 0.0 0.0 
1 823 14.0582696717857 0.0 0.0 0.0 
1 824 14.0582696717857 0.0 0.0 0.0 
1 825 14.0582696717857 0.0 0.0 0.0 
1 826 14.0582696717857 0.0 0.0 0.0 
1 827 14.0582696717857 0.0 0.0 0.0 
1 828 14.0582696717857 0.0 0.0 0.0 
1 829 14.0582696717857 0.0 0.0 0.0 
1 830 14.0582696717857 0.0 0.0 0.0 
1 831 14.0582696717857 0.0 0.0 0.0 
1 832 14.0582696717857 0.0 0.0 0.0 
1 833 14.0582696717857 0.0 0.0 0.0 
1 834 14.0582696717857 0.0 0.0 0.0 
1 835 14.0582696717857 0.0 0.0 0.0 
1 836 14.0582696717857 0.0 0.0 0.0 
1 837 14.0582696717857 0.0 0.0 0.0 
1 838 14.0582696717857 0.0 0.0 0.0 
1 839 14.0582696717857 0.0 0.0 0.0 
1 840 14.0582696717857 0.0 0.0 0.0 
1 841 14.0582696717857 0.0 0.0 0.0 
1 842 14.0582696717857 0.0 0.0 0.0 
1 843 14.0582696717857 0.0 0.0 0.0 
1 844 14.0582696717857 0.0 0.0 0.0 
1 845 14.0582696717857 0.0 0.0 0.0 
1 846 14.0582696717857 0.0 0.0 0.0 
1 847 14.0582696717857 0.0 0.0 0.0 
1 848 14.0582696717857 0.0 0.0 0.0 
1 849 14.0582696717857 0.0 0.0 0.0 
1 850 14.0582696717857 0.0 0.0 0.0 
1 851 14.0582696717857 0.0 0.0 0.0 
1 852 14.0582696717857 0.0 0.0 0.0 
1 853 14.0582696717857 0.0 0.0 0.0 
1 854 14.0582696717857 0.0 0.0 0.0 
1 855 14.0582696717857 0.0 0.0 0.0 
1 856 14.0582696717857 0.0 0.0 0.0 
1 857 14.0582696717857 0.0 0.0 0.0 
1 858 14.0582696717857 0.0 0.0 0.0 
1 859 14.0582696717857 0.0 0.0 0.0 
1 860 14.0582696717857 0.0 0.0 0.0 
1 861 14.0582696717857 0.0 0.0 0.0 
1 862 14.0582696717857 0.0 0.0 0.0 
1 863 14.0582696717857 0.0 0.0 0.0 
1 864 14.0582696717857 0.0 0.0 0.0 
1 865 14.0582696717857 0.0 0.0 0.0 
1 866 14.0582696717857 0.0 0.0 0.0 
1 867 14.0582696717857 0.0 0.0 0.0 
1 868 14.0582696717857 0.0 0.0 0.0 
1 869 14.0582696717857 0.0 0.0 0.0 
1 870 14.0582696717857 0.0 0.0 0.0 
1 871 14.0582696717857 0.0 0.0 0.0 
1 872 14.0582696717857 0.0 0.0 0.0 
1 873 14.0582696717857 0.0 0.0 0.0 
1 874 14.0582696717857 0.0 0.0 0.0 
1 875 14.0582696717857 0.0 0.0 0.0 
1 876 14.0582696717857 0.0 0.0 0.0 
1 877 14.0582696717857 0.0 0.0 0.0 
1 878 14.0582696717857 0.0 0.0 0.0 
1 879 14.0582696717857 0.0 0.0 0.0 
1 880 14.0582696717857 0.0 0.0 0.0 
1 881 14.0582696717857 0.0 0.0 0.0 
1 882 14.0582696717857 0.0 0.0 0.0 
1 883 14.0582696717857 0.0 0.0 0.0 
1 884 14.0582696717857 0.0 0.0 0.0 
1 885 14.0582696717857 0.0 0.0 0.0 
1 886 14.0582696717857 0.0 0.0 0.0 
1 887 14.0582696717857 0.0 0.0 0.0 
1 888 14.0582696717857 0.0 0.0 0.0 
1 889 14.0582696717857 0.0 0.0 0.0 
1 890 14.0582696717857 0.0 0.0 0.0 
1 891 14.0582696717857 0.0 0.0 0.0 
1 892 14.0582696717857 0.0 0.0 0.0 
1 893 14.0582696717857 0.0 0.0 0.0 
1 894 14.0582696717857 0.0 0.0 0.0 
1 895 14.0582696717857 0.0 0.0 0.0 
1 896 14.0582696717857 0.0 0.0 0.0 
1 897 14.0582696717857 0.0 0.0 0.0 
1 898 14.0582696717857 0.0 0.0 0.0 
1 899 14.0582696717857 0.0 0.0 0.0 
1 900 14.0582696717857 0.0 0.0 0.0 
1 901 14.0582696717857 0.0 0.0 0.0 
1 902 14.0582696717857 0.0 0.0 0.0 
1 903 14.0582696717857 0.0 0.0 0.0 
1 904 14.0582696717857 0.0 0.0 0.0 
1 905 14.0582696717857 0.0 0.0 0.0 
1 906 14.0582696717857 0.0 0.0 0.0 
1 907 14.0582696717857 0.0 0.0 0.0 
1 908 14.0582696717857 0.0 0.0 0.0 
1 909 14.0582696717857 0.0 0.0 0.0 
1 910 14.0582696717857 0.0 0.0 0.0 
1 911 14.0582696717857 0.0 0.0 0.0 
1 912 14.0582696717857 0.0 0.0 0.0 
1 913 14.0582696717857 0.0 0.0 0.0 
1 914 14.0582696717857 0.0 0.0 0.0 
1 915 14.0582696717857 0.0 0.0 0.0 
1 916 14.0582696717857 0.0 0.0 0.0 
1 917 14.0582696717857 0.0 0.0 0.0 
1 918 14.0582696717857 0.0 0.0 0.0 
1 919 14.0582696717857 0.0 0.0 0.0 
1 920 14.0582696717857 0.0 0.0 0.0 
1 921 14.0582696717857 0.0 0.0 0.0 
1 922 14.0582696717857 0.0 0.0 0.0 
1 923 14.0582696717857 0.0 0.0 0.0 
1 924 14.0582696717857 0.0 0.0 0.0 
1 925 14.0582696717857 0.0 0.0 0.0 
1 926 14.0582696717857 0.0 0.0 0.0 
1 927 14.0582696717857 0.0 0.0 0.0 
1 928 14.0582696717857 0.0 0.0 0.0 
1 929 14.0582696717857 0.0 0.0 0.0 
1 930 14.0582696717857 0.0 0.0 0.0 
1 931 14.0582696717857 0.0 0.0 0.0 
1 932 14.0582696717857 0.0 0.0 0.0 
1 933 14.0582696717857 0.0 0.0 0.0 
1 934 14.0582696717857 0.0 0.0 0.0 
1 935 14.0582696717857 0.0 0.0 0.0 
1 936 14.0582696717857 0.0 0.0 0.0 
1 937 14.0582696717857 0.0 0.0 0.0 
1 938 14.0582696717857 0.0 0.0 0.0 
1 939 14.0582696717857 0.0 0.0 0.0 
1 940 14.0582696717857 0.0 0.0 0.0 
1 941 14.0582696717857 0.0 0.0 0.0 
1 942 14.0582696717857 0.0 0.0 0.0 
1 943 14.0582696717857 0.0 0.0 0.0 
1 944 14.0582696717857 0.0 0.0 0.0 
1 945 14.0582696717857 0.0 0.0 0.0 
1 946 14.0582696717857 0.0 0.0 0.0 
1 947 14.0582696717857 0.0 0.0 0.0 
1 948 14.0582696717857 0.0 0.0 0.0 
1 949 14.0582696717857 0.0 0.0 0.0 
1 950 14.0582696717857 0.0 0.0 0.0 
1 951 14.0582696717857 0.0 0.0 0.0 
1 952 14.0582696717857 0.0 0.0 0.0 
1 953 14.0582696717857 0.0 0.0 0.0 
1 954 14.0582696717857 0.0 0.0 0.0 
1 955 14.0582696717857 0.0 0.0 0.0 
1 956 14.0582696717857 0.0 0.0 0.0 
1 957 14.0582696717857 0.0 0.0 0.0 
5 1 46.5074523528571 0.0 0.0 0.0 
5 2 46.5074523528571 0.0 0.0 0.0 
5 3 46.5074523528571 0.0 0.0 0.0 
5 4 46.5074523528571 0.0 0.0 0.0 
5 5 46.5074523528571 0.0 0.0 0.0 
5 6 46.5074523528571 0.0 0.0 0.0 
5 7 46.5074523528571 0.0 0.0 0.0 
5 8 46.5074523528571 0.0 0.0 0.0 
5 9 46.5074523528571 0.0 0.0 0.0 
5 10 46.5074523528571 0.0 0.0 0.0 
5 11 46.5074523528571 0.0 0.0 0.0 
5 12 46.5074523528571 0.0 0.0 0.0 
5 13 46.5074523528571 0.0 0.0 0.0 
5 14 46.5074523528571 0.0 0.0 0.0 
5 15 46.5074523528571 0.0 0.0 0.0 
5 16 46.5074523528571 0.0 0.0 0.0 
5 17 46.5074523528571 0.0 0.0 0.0 
5 18 46.5074523528571 0.0 0.0 0.0 
5 19 46.5074523528571 0.0 0.0 0.0 
5 20 46.5074523528571 0.0 0.0 0.0 
5 21 46.5074523528571 0.0 0.0 0.0 
5 22 46.5074523528571 0.0 0.0 0.0 
5 23 46.5074523528571 0.0 0.0 0.0 
5 24 46.5074523528571 0.0 0.0 0.0 
5 25 46.5074523528571 0.0 0.0 0.0 
5 26 46.5074523528571 0.0 0.0 0.0 
5 27 46.5074523528571 0.0 0.0 0.0 
5 28 46.5074523528571 0.0 0.0 0.0 
5 29 46.5074523528571 0.0 0.0 0.0 
5 30 46.5074523528571 0.0 0.0 0.0 
5 31 46.5074523528571 0.0 0.0 0.0 
5 32 46.5074523528571 0.0 0.0 0.0 
5 33 46.5074523528571 0.0 0.0 0.0 
5 34 46.5074523528571 0.0 0.0 0.0 
5 35 46.5074523528571 0.0 0.0 0.0 
5 36 46.5074523528571 0.0 0.0 0.0 
5 37 46.5074523528571 0.0 0.0 0.0 
5 38 46.5074523528571 0.0 0.0 0.0 
5 39 46.5074523528571 0.0 0.0 0.0 
5 40 46.5074523528571 0.0 0.0 0.0 
5 41 46.5074523528571 0.0 0.0 0.0 
5 42 46.5074523528571 0.0 0.0 0.0 
5 43 46.5074523528571 0.0 0.0 0.0 
5 44 46.5074523528571 0.0 0.0 0.0 
5 45 46.5074523528571 0.0 0.0 0.0 
5 46 46.5074523528571 0.0 0.0 0.0 
5 47 46.5074523528571 0.0 0.0 0.0 
5 48 46.5074523528571 0.0 0.0 0.0 
5 49 46.5074523528571 0.0 0.0 0.0 
5 50 46.5074523528571 0.0 0.0 0.0 
5 51 46.5074523528571 0.0 0.0 0.0 
5 52 46.5074523528571 0.0 0.0 0.0 
5 53 46.5074523528571 0.0 0.0 0.0 
5 54 46.5074523528571 0.0 0.0 0.0 
5 55 46.5074523528571 0.0 0.0 0.0 
5 56 46.5074523528571 0.0 0.0 0.0 
5 57 46.5074523528571 0.0 0.0 0.0 
5 58 46.5074523528571 0.0 0.0 0.0 
5 59 46.5074523528571 0.0 0.0 0.0 
5 60 46.5074523528571 0.0 0.0 0.0 
5 61 46.5074523528571 0.0 0.0 0.0 
5 62 46.5074523528571 0.0 0.0 0.0 
5 63 46.5074523528571 0.0 0.0 0.0 
5 64 46.5074523528571 0.0 0.0 0.0 
5 65 46.5074523528571 0.0 0.0 0.0 
5 66 46.5074523528571 0.0 0.0 0.0 
5 67 46.5074523528571 0.0 0.0 0.0 
5 68 46.5074523528571 0.0 0.0 0.0 
5 69 46.5074523528571 0.0 0.0 0.0 
5 70 46.5074523528571 0.0 0.0 0.0 
5 71 46.5074523528571 0.0 0.0 0.0 
5 72 46.5074523528571 0.0 0.0 0.0 
5 73 46.5074523528571 0.0 0.0 0.0 
5 74 46.5074523528571 0.0 0.0 0.0 
5 75 46.5074523528571 0.0 0.0 0.0 
5 76 46.5074523528571 0.0 0.0 0.0 
5 77 46.5074523528571 0.0 0.0 0.0 
5 78 46.5074523528571 0.0 0.0 0.0 
5 79 46.5074523528571 0.0 0.0 0.0 
5 80 46.5074523528571 0.0 0.0 0.0 
5 81 46.5074523528571 0.0 0.0 0.0 
5 82 46.5074523528571 0.0 0.0 0.0 
5 83 46.5074523528571 0.0 0.0 0.0 
5 84 46.5074523528571 0.0 0.0 0.0 
5 85 46.5074523528571 0.0 0.0 0.0 
5 86 46.5074523528571 0.0 0.0 0.0 
5 87 46.5074523528571 0.0 0.0 0.0 
5 88 46.5074523528571 0.0 0.0 0.0 
5 89 46.5074523528571 0.0 0.0 0.0 
5 90 46.5074523528571 0.0 0.0 0.0 
5 91 46.5074523528571 0.0 0.0 0.0 
5 92 46.5074523528571 0.0 0.0 0.0 
5 93 46.5074523528571 0.0 0.0 0.0 
5 94 46.5074523528571 0.0 0.0 0.0 
5 95 46.5074523528571 0.0 0.0 0.0 
5 96 46.5074523528571 0.0 0.0 0.0 
5 97 46.5074523528571 0.0 0.0 0.0 
5 98 46.5074523528571 0.0 0.0 0.0 
5 99 46.5074523528571 0.0 0.0 0.0 
5 100 46.5074523528571 0.0 0.0 0.0 
5 101 46.5074523528571 0.0 0.0 0.0 
5 102 46.5074523528571 0.0 0.0 0.0 
5 103 46.5074523528571 0.0 0.0 0.0 
5 104 46.5074523528571 0.0 0.0 0.0 
5 105 46.5074523528571 0.0 0.0 0.0 
5 106 46.5074523528571 0.0 0.0 0.0 
5 107 46.5074523528571 0.0 0.0 0.0 
5 108 46.5074523528571 0.0 0.0 0.0 
5 109 46.5074523528571 0.0 0.0 0.0 
5 110 46.5074523528571 0.0 0.0 0.0 
5 111 46.5074523528571 0.0 0.0 0.0 
5 112 46.5074523528571 0.0 0.0 0.0 
5 113 46.5074523528571 0.0 0.0 0.0 
5 114 46.5074523528571 0.0 0.0 0.0 
5 115 46.5074523528571 0.0 0.0 0.0 
5 116 46.5074523528571 0.0 0.0 0.0 
5 117 46.5074523528571 0.0 0.0 0.0 
5 118 46.5074523528571 0.0 0.0 0.0 
5 119 46.5074523528571 0.0 0.0 0.0 
5 120 46.5074523528571 0.0 0.0 0.0 
5 121 46.5074523528571 0.0 0.0 0.0 
5 122 46.5074523528571 0.0 0.0 0.0 
5 123 46.5074523528571 0.0 0.0 0.0 
5 124 46.5074523528571 0.0 0.0 0.0 
5 125 46.5074523528571 0.0 0.0 0.0 
5 126 46.5074523528571 0.0 0.0 0.0 
5 127 46.5074523528571 0.0 0.0 0.0 
5 128 46.5074523528571 0.0 0.0 0.0 
5 129 46.5074523528571 0.0 0.0 0.0 
5 130 46.5074523528571 0.0 0.0 0.0 
5 131 46.5074523528571 0.0 0.0 0.0 
5 132 46.5074523528571 0.0 0.0 0.0 
5 133 46.5074523528571 0.0 0.0 0.0 
5 134 46.5074523528571 0.0 0.0 0.0 
5 135 46.5074523528571 0.0 0.0 0.0 
5 136 46.5074523528571 0.0 0.0 0.0 
5 137 46.5074523528571 0.0 0.0 0.0 
5 138 46.5074523528571 0.0 0.0 0.0 
5 139 46.5074523528571 0.0 0.0 0.0 
5 140 46.5074523528571 0.0 0.0 0.0 
5 141 46.5074523528571 0.0 0.0 0.0 
5 142 46.5074523528571 0.0 0.0 0.0 
5 143 46.5074523528571 0.0 0.0 0.0 
5 144 46.5074523528571 0.0 0.0 0.0 
5 145 46.5074523528571 0.0 0.0 0.0 
5 146 46.5074523528571 0.0 0.0 0.0 
5 147 46.5074523528571 0.0 0.0 0.0 
5 148 46.5074523528571 0.0 0.0 0.0 
5 149 46.5074523528571 0.0 0.0 0.0 
5 150 46.5074523528571 0.0 0.0 0.0 
5 151 46.5074523528571 0.0 0.0 0.0 
5 152 46.5074523528571 0.0 0.0 0.0 
5 153 46.5074523528571 0.0 0.0 0.0 
5 154 46.5074523528571 0.0 0.0 0.0 
5 155 46.5074523528571 0.0 0.0 0.0 
5 156 46.5074523528571 0.0 0.0 0.0 
5 157 46.5074523528571 0.0 0.0 0.0 
5 158 46.5074523528571 0.0 0.0 0.0 
5 159 46.5074523528571 0.0 0.0 0.0 
5 160 46.5074523528571 0.0 0.0 0.0 
5 161 46.5074523528571 0.0 0.0 0.0 
5 162 46.5074523528571 0.0 0.0 0.0 
5 163 46.5074523528571 0.0 0.0 0.0 
5 164 46.5074523528571 0.0 0.0 0.0 
5 165 46.5074523528571 0.0 0.0 0.0 
5 166 46.5074523528571 0.0 0.0 0.0 
5 167 46.5074523528571 0.0 0.0 0.0 
5 168 46.5074523528571 0.0 0.0 0.0 
5 169 46.5074523528571 0.0 0.0 0.0 
5 170 46.5074523528571 0.0 0.0 0.0 
5 171 46.5074523528571 0.0 0.0 0.0 
5 172 46.5074523528571 0.0 0.0 0.0 
5 173 46.5074523528571 0.0 0.0 0.0 
5 174 46.5074523528571 0.0 0.0 0.0 
5 175 46.5074523528571 0.0 0.0 0.0 
5 176 46.5074523528571 0.0 0.0 0.0 
5 177 46.5074523528571 0.0 0.0 0.0 
5 178 46.5074523528571 0.0 0.0 0.0 
5 179 46.5074523528571 0.0 0.0 0.0 
5 180 46.5074523528571 0.0 0.0 0.0 
5 181 46.5074523528571 0.0 0.0 0.0 
5 182 46.5074523528571 0.0 0.0 0.0 
5 183 46.5074523528571 0.0 0.0 0.0 
5 184 46.5074523528571 0.0 0.0 0.0 
5 185 46.5074523528571 0.0 0.0 0.0 
5 186 46.5074523528571 0.0 0.0 0.0 
5 187 46.5074523528571 0.0 0.0 0.0 
5 188 46.5074523528571 0.0 0.0 0.0 
5 189 46.5074523528571 0.0 0.0 0.0 
5 190 46.5074523528571 0.0 0.0 0.0 
5 191 46.5074523528571 0.0 0.0 0.0 
5 192 46.5074523528571 0.0 0.0 0.0 
5 193 46.5074523528571 0.0 0.0 0.0 
5 194 46.5074523528571 0.0 0.0 0.0 
5 195 46.5074523528571 0.0 0.0 0.0 
5 196 46.5074523528571 0.0 0.0 0.0 
5 197 46.5074523528571 0.0 0.0 0.0 
5 198 46.5074523528571 0.0 0.0 0.0 
5 199 46.5074523528571 0.0 0.0 0.0 
5 200 46.5074523528571 0.0 0.0 0.0 
5 201 46.5074523528571 0.0 0.0 0.0 
5 202 46.5074523528571 0.0 0.0 0.0 
5 203 46.5074523528571 0.0 0.0 0.0 
5 204 46.5074523528571 0.0 0.0 0.0 
5 205 46.5074523528571 0.0 0.0 0.0 
5 206 46.5074523528571 0.0 0.0 0.0 
5 207 46.5074523528571 0.0 0.0 0.0 
5 208 46.5074523528571 0.0 0.0 0.0 
5 209 46.5074523528571 0.0 0.0 0.0 
5 210 46.5074523528571 0.0 0.0 0.0 
5 211 46.5074523528571 0.0 0.0 0.0 
5 212 46.5074523528571 0.0 0.0 0.0 
5 213 46.5074523528571 0.0 0.0 0.0 
5 214 46.5074523528571 0.0 0.0 0.0 
5 215 46.5074523528571 0.0 0.0 0.0 
5 216 46.5074523528571 0.0 0.0 0.0 
5 217 46.5074523528571 0.0 0.0 0.0 
5 218 46.5074523528571 0.0 0.0 0.0 
5 219 46.5074523528571 0.0 0.0 0.0 
5 220 46.5074523528571 0.0 0.0 0.0 
5 221 46.5074523528571 0.0 0.0 0.0 
5 222 46.5074523528571 0.0 0.0 0.0 
5 223 46.5074523528571 0.0 0.0 0.0 
5 224 46.5074523528571 0.0 0.0 0.0 
5 225 46.5074523528571 0.0 0.0 0.0 
5 226 46.5074523528571 0.0 0.0 0.0 
5 227 46.5074523528571 0.0 0.0 0.0 
5 228 46.5074523528571 0.0 0.0 0.0 
5 229 46.5074523528571 0.0 0.0 0.0 
5 230 46.5074523528571 0.0 0.0 0.0 
5 231 46.5074523528571 0.0 0.0 0.0 
5 232 46.5074523528571 0.0 0.0 0.0 
5 233 46.5074523528571 0.0 0.0 0.0 
5 234 46.5074523528571 0.0 0.0 0.0 
5 235 46.5074523528571 0.0 0.0 0.0 
5 236 46.5074523528571 0.0 0.0 0.0 
5 237 46.5074523528571 0.0 0.0 0.0 
5 238 46.5074523528571 0.0 0.0 0.0 
5 239 46.5074523528571 0.0 0.0 0.0 
5 240 46.5074523528571 0.0 0.0 0.0 
5 241 46.5074523528571 0.0 0.0 0.0 
5 242 46.5074523528571 0.0 0.0 0.0 
5 243 46.5074523528571 0.0 0.0 0.0 
5 244 46.5074523528571 0.0 0.0 0.0 
5 245 46.5074523528571 0.0 0.0 0.0 
5 246 46.5074523528571 0.0 0.0 0.0 
5 247 46.5074523528571 0.0 0.0 0.0 
5 248 46.5074523528571 0.0 0.0 0.0 
5 249 46.5074523528571 0.0 0.0 0.0 
5 250 46.5074523528571 0.0 0.0 0.0 
5 251 46.5074523528571 0.0 0.0 0.0 
5 252 46.5074523528571 0.0 0.0 0.0 
5 253 46.5074523528571 0.0 0.0 0.0 
5 254 46.5074523528571 0.0 0.0 0.0 
5 255 46.5074523528571 0.0 0.0 0.0 
5 256 46.5074523528571 0.0 0.0 0.0 
5 257 46.5074523528571 0.0 0.0 0.0 
5 258 46.5074523528571 0.0 0.0 0.0 
5 259 46.5074523528571 0.0 0.0 0.0 
5 260 46.5074523528571 0.0 0.0 0.0 
5 261 46.5074523528571 0.0 0.0 0.0 
5 262 46.5074523528571 0.0 0.0 0.0 
5 263 46.5074523528571 0.0 0.0 0.0 
5 264 46.5074523528571 0.0 0.0 0.0 
5 265 46.5074523528571 0.0 0.0 0.0 
5 266 46.5074523528571 0.0 0.0 0.0 
5 267 46.5074523528571 0.0 0.0 0.0 
5 268 46.5074523528571 0.0 0.0 0.0 
5 269 46.5074523528571 0.0 0.0 0.0 
5 270 46.5074523528571 0.0 0.0 0.0 
5 271 46.5074523528571 0.0 0.0 0.0 
5 272 46.5074523528571 0.0 0.0 0.0 
5 273 46.5074523528571 0.0 0.0 0.0 
5 274 46.5074523528571 0.0 0.0 0.0 
5 275 46.5074523528571 0.0 0.0 0.0 
5 276 46.5074523528571 0.0 0.0 0.0 
5 277 46.5074523528571 0.0 0.0 0.0 
5 278 46.5074523528571 0.0 0.0 0.0 
5 279 46.5074523528571 0.0 0.0 0.0 
5 280 46.5074523528571 0.0 0.0 0.0 
5 281 46.5074523528571 0.0 0.0 0.0 
5 282 46.5074523528571 0.0 0.0 0.0 
5 283 46.5074523528571 0.0 0.0 0.0 
5 284 46.5074523528571 0.0 0.0 0.0 
5 285 46.5074523528571 0.0 0.0 0.0 
5 286 46.5074523528571 0.0 0.0 0.0 
5 287 46.5074523528571 0.0 0.0 0.0 
5 288 46.5074523528571 0.0 0.0 0.0 
5 289 46.5074523528571 0.0 0.0 0.0 
5 290 46.5074523528571 0.0 0.0 0.0 
5 291 46.5074523528571 0.0 0.0 0.0 
5 292 46.5074523528571 0.0 0.0 0.0 
5 293 46.5074523528571 0.0 0.0 0.0 
5 294 46.5074523528571 0.0 0.0 0.0 
5 295 46.5074523528571 0.0 0.0 0.0 
5 296 46.5074523528571 0.0 0.0 0.0 
5 297 46.5074523528571 0.0 0.0 0.0 
5 298 46.5074523528571 0.0 0.0 0.0 
5 299 46.5074523528571 0.0 0.0 0.0 
5 300 46.5074523528571 0.0 0.0 0.0 
5 301 46.5074523528571 0.0 0.0 0.0 
5 302 46.5074523528571 0.0 0.0 0.0 
5 303 46.5074523528571 0.0 0.0 0.0 
5 304 46.5074523528571 0.0 0.0 0.0 
5 305 46.5074523528571 0.0 0.0 0.0 
5 306 46.5074523528571 0.0 0.0 0.0 
5 307 46.5074523528571 0.0 0.0 0.0 
5 308 46.5074523528571 0.0 0.0 0.0 
5 309 46.5074523528571 0.0 0.0 0.0 
5 310 46.5074523528571 0.0 0.0 0.0 
5 311 46.5074523528571 0.0 0.0 0.0 
5 312 46.5074523528571 0.0 0.0 0.0 
5 313 46.5074523528571 0.0 0.0 0.0 
5 314 46.5074523528571 0.0 0.0 0.0 
5 315 46.5074523528571 0.0 0.0 0.0 
5 316 46.5074523528571 0.0 0.0 0.0 
5 317 46.5074523528571 0.0 0.0 0.0 
5 318 46.5074523528571 0.0 0.0 0.0 
5 319 46.5074523528571 0.0 0.0 0.0 
5 320 46.5074523528571 0.0 0.0 0.0 
5 321 46.5074523528571 0.0 0.0 0.0 
5 322 46.5074523528571 0.0 0.0 0.0 
5 323 46.5074523528571 0.0 0.0 0.0 
5 324 46.5074523528571 0.0 0.0 0.0 
5 325 46.5074523528571 0.0 0.0 0.0 
5 326 46.5074523528571 0.0 0.0 0.0 
5 327 46.5074523528571 0.0 0.0 0.0 
5 328 46.5074523528571 0.0 0.0 0.0 
5 329 46.5074523528571 0.0 0.0 0.0 
5 330 46.5074523528571 0.0 0.0 0.0 
5 331 46.5074523528571 0.0 0.0 0.0 
5 332 46.5074523528571 0.0 0.0 0.0 
5 333 46.5074523528571 0.0 0.0 0.0 
5 334 46.5074523528571 0.0 0.0 0.0 
5 335 46.5074523528571 0.0 0.0 0.0 
5 336 46.5074523528571 0.0 0.0 0.0 
5 337 46.5074523528571 0.0 0.0 0.0 
5 338 46.5074523528571 0.0 0.0 0.0 
5 339 46.5074523528571 0.0 0.0 0.0 
5 340 46.5074523528571 0.0 0.0 0.0 
5 341 46.5074523528571 0.0 0.0 0.0 
5 342 46.5074523528571 0.0 0.0 0.0 
5 343 46.5074523528571 0.0 0.0 0.0 
5 344 46.5074523528571 0.0 0.0 0.0 
5 345 46.5074523528571 0.0 0.0 0.0 
5 346 46.5074523528571 0.0 0.0 0.0 
5 347 46.5074523528571 0.0 0.0 0.0 
5 348 46.5074523528571 0.0 0.0 0.0 
5 349 46.5074523528571 0.0 0.0 0.0 
5 350 46.5074523528571 0.0 0.0 0.0 
5 351 46.5074523528571 0.0 0.0 0.0 
5 352 46.5074523528571 0.0 0.0 0.0 
5 353 46.5074523528571 0.0 0.0 0.0 
5 354 46.5074523528571 0.0 0.0 0.0 
5 355 46.5074523528571 0.0 0.0 0.0 
5 356 46.5074523528571 0.0 0.0 0.0 
5 357 46.5074523528571 0.0 0.0 0.0 
5 358 46.5074523528571 0.0 0.0 0.0 
5 359 46.5074523528571 0.0 0.0 0.0 
5 360 46.5074523528571 0.0 0.0 0.0 
5 361 46.5074523528571 0.0 0.0 0.0 
5 362 46.5074523528571 0.0 0.0 0.0 
5 363 46.5074523528571 0.0 0.0 0.0 
5 364 46.5074523528571 0.0 0.0 0.0 
5 365 46.5074523528571 0.0 0.0 0.0 
5 366 46.5074523528571 0.0 0.0 0.0 
5 367 46.5074523528571 0.0 0.0 0.0 
5 368 46.5074523528571 0.0 0.0 0.0 
5 369 46.5074523528571 0.0 0.0 0.0 
5 370 46.5074523528571 0.0 0.0 0.0 
5 371 46.5074523528571 0.0 0.0 0.0 
5 372 46.5074523528571 0.0 0.0 0.0 
5 373 46.5074523528571 0.0 0.0 0.0 
5 374 46.5074523528571 0.0 0.0 0.0 
5 375 46.5074523528571 0.0 0.0 0.0 
5 376 46.5074523528571 0.0 0.0 0.0 
5 377 46.5074523528571 0.0 0.0 0.0 
5 378 46.5074523528571 0.0 0.0 0.0 
5 379 46.5074523528571 0.0 0.0 0.0 
5 380 46.5074523528571 0.0 0.0 0.0 
5 381 46.5074523528571 0.0 0.0 0.0 
5 382 46.5074523528571 0.0 0.0 0.0 
5 383 46.5074523528571 0.0 0.0 0.0 
5 384 46.5074523528571 0.0 0.0 0.0 
5 385 46.5074523528571 0.0 0.0 0.0 
5 386 46.5074523528571 0.0 0.0 0.0 
5 387 46.5074523528571 0.0 0.0 0.0 
5 388 46.5074523528571 0.0 0.0 0.0 
5 389 46.5074523528571 0.0 0.0 0.0 
5 390 46.5074523528571 0.0 0.0 0.0 
5 391 46.5074523528571 0.0 0.0 0.0 
5 392 46.5074523528571 0.0 0.0 0.0 
5 393 46.5074523528571 0.0 0.0 0.0 
5 394 46.5074523528571 0.0 0.0 0.0 
5 395 46.5074523528571 0.0 0.0 0.0 
5 396 46.5074523528571 0.0 0.0 0.0 
5 397 46.5074523528571 0.0 0.0 0.0 
5 398 46.5074523528571 0.0 0.0 0.0 
5 399 46.5074523528571 0.0 0.0 0.0 
5 400 46.5074523528571 0.0 0.0 0.0 
5 401 46.5074523528571 0.0 0.0 0.0 
5 402 46.5074523528571 0.0 0.0 0.0 
5 403 46.5074523528571 0.0 0.0 0.0 
5 404 46.5074523528571 0.0 0.0 0.0 
5 405 46.5074523528571 0.0 0.0 0.0 
5 406 46.5074523528571 0.0 0.0 0.0 
5 407 46.5074523528571 0.0 0.0 0.0 
5 408 46.5074523528571 0.0 0.0 0.0 
5 409 46.5074523528571 0.0 0.0 0.0 
5 410 46.5074523528571 0.0 0.0 0.0 
5 411 46.5074523528571 0.0 0.0 0.0 
5 412 46.5074523528571 0.0 0.0 0.0 
5 413 46.5074523528571 0.0 0.0 0.0 
5 414 46.5074523528571 0.0 0.0 0.0 
5 415 46.5074523528571 0.0 0.0 0.0 
5 416 46.5074523528571 0.0 0.0 0.0 
5 417 46.5074523528571 0.0 0.0 0.0 
5 418 46.5074523528571 0.0 0.0 0.0 
5 419 46.5074523528571 0.0 0.0 0.0 
5 420 46.5074523528571 0.0 0.0 0.0 
5 421 46.5074523528571 0.0 0.0 0.0 
5 422 46.5074523528571 0.0 0.0 0.0 
5 423 46.5074523528571 0.0 0.0 0.0 
5 424 46.5074523528571 0.0 0.0 0.0 
5 425 46.5074523528571 0.0 0.0 0.0 
5 426 46.5074523528571 0.0 0.0 0.0 
5 427 46.5074523528571 0.0 0.0 0.0 
5 428 46.5074523528571 0.0 0.0 0.0 
5 429 46.5074523528571 0.0 0.0 0.0 
5 430 46.5074523528571 0.0 0.0 0.0 
5 431 46.5074523528571 0.0 0.0 0.0 
5 432 46.5074523528571 0.0 0.0 0.0 
5 433 46.5074523528571 0.0 0.0 0.0 
5 434 46.5074523528571 0.0 0.0 0.0 
5 435 46.5074523528571 0.0 0.0 0.0 
5 436 46.5074523528571 0.0 0.0 0.0 
5 437 46.5074523528571 0.0 0.0 0.0 
5 438 46.5074523528571 0.0 0.0 0.0 
5 439 46.5074523528571 0.0 0.0 0.0 
5 440 46.5074523528571 0.0 0.0 0.0 
5 441 46.5074523528571 0.0 0.0 0.0 
5 442 46.5074523528571 0.0 0.0 0.0 
5 443 46.5074523528571 0.0 0.0 0.0 
5 444 46.5074523528571 0.0 0.0 0.0 
5 445 46.5074523528571 0.0 0.0 0.0 
5 446 46.5074523528571 0.0 0.0 0.0 
5 447 46.5074523528571 0.0 0.0 0.0 
5 448 46.5074523528571 0.0 0.0 0.0 
5 449 46.5074523528571 0.0 0.0 0.0 
5 450 46.5074523528571 0.0 0.0 0.0 
5 451 46.5074523528571 0.0 0.0 0.0 
5 452 46.5074523528571 0.0 0.0 0.0 
5 453 46.5074523528571 0.0 0.0 0.0 
5 454 46.5074523528571 0.0 0.0 0.0 
5 455 46.5074523528571 0.0 0.0 0.0 
5 456 46.5074523528571 0.0 0.0 0.0 
5 457 46.5074523528571 0.0 0.0 0.0 
5 458 46.5074523528571 0.0 0.0 0.0 
5 459 46.5074523528571 0.0 0.0 0.0 
5 460 46.5074523528571 0.0 0.0 0.0 
5 461 46.5074523528571 0.0 0.0 0.0 
5 462 46.5074523528571 0.0 0.0 0.0 
5 463 46.5074523528571 0.0 0.0 0.0 
5 464 46.5074523528571 0.0 0.0 0.0 
5 465 46.5074523528571 0.0 0.0 0.0 
5 466 46.5074523528571 0.0 0.0 0.0 
5 467 46.5074523528571 0.0 0.0 0.0 
5 468 46.5074523528571 0.0 0.0 0.0 
5 469 46.5074523528571 0.0 0.0 0.0 
5 470 46.5074523528571 0.0 0.0 0.0 
5 471 46.5074523528571 0.0 0.0 0.0 
5 472 46.5074523528571 0.0 0.0 0.0 
5 473 46.5074523528571 0.0 0.0 0.0 
5 474 46.5074523528571 0.0 0.0 0.0 
5 475 46.5074523528571 0.0 0.0 0.0 
5 476 46.5074523528571 0.0 0.0 0.0 
5 477 46.5074523528571 0.0 0.0 0.0 
5 478 46.5074523528571 0.0 0.0 0.0 
5 479 46.5074523528571 0.0 0.0 0.0 
5 480 46.5074523528571 0.0 0.0 0.0 
5 481 46.5074523528571 0.0 0.0 0.0 
5 482 46.5074523528571 0.0 0.0 0.0 
5 483 46.5074523528571 0.0 0.0 0.0 
5 484 46.5074523528571 0.0 0.0 0.0 
5 485 46.5074523528571 0.0 0.0 0.0 
5 486 46.5074523528571 0.0 0.0 0.0 
5 487 46.5074523528571 0.0 0.0 0.0 
5 488 46.5074523528571 0.0 0.0 0.0 
5 489 46.5074523528571 0.0 0.0 0.0 
5 490 46.5074523528571 0.0 0.0 0.0 
5 491 46.5074523528571 0.0 0.0 0.0 
5 492 46.5074523528571 0.0 0.0 0.0 
5 493 46.5074523528571 0.0 0.0 0.0 
5 494 46.5074523528571 0.0 0.0 0.0 
5 495 46.5074523528571 0.0 0.0 0.0 
5 496 46.5074523528571 0.0 0.0 0.0 
5 497 46.5074523528571 0.0 0.0 0.0 
5 498 46.5074523528571 0.0 0.0 0.0 
5 499 46.5074523528571 0.0 0.0 0.0 
5 500 46.5074523528571 0.0 0.0 0.0 
5 501 46.5074523528571 0.0 0.0 0.0 
5 502 46.5074523528571 0.0 0.0 0.0 
5 503 46.5074523528571 0.0 0.0 0.0 
5 504 46.5074523528571 0.0 0.0 0.0 
5 505 46.5074523528571 0.0 0.0 0.0 
5 506 46.5074523528571 0.0 0.0 0.0 
5 507 46.5074523528571 0.0 0.0 0.0 
5 508 46.5074523528571 0.0 0.0 0.0 
5 509 46.5074523528571 0.0 0.0 0.0 
5 510 46.5074523528571 0.0 0.0 0.0 
5 511 46.5074523528571 0.0 0.0 0.0 
5 512 46.5074523528571 0.0 0.0 0.0 
5 513 46.5074523528571 0.0 0.0 0.0 
5 514 46.5074523528571 0.0 0.0 0.0 
5 515 46.5074523528571 0.0 0.0 0.0 
5 516 46.5074523528571 0.0 0.0 0.0 
5 517 46.5074523528571 0.0 0.0 0.0 
5 518 46.5074523528571 0.0 0.0 0.0 
5 519 46.5074523528571 0.0 0.0 0.0 
5 520 46.5074523528571 0.0 0.0 0.0 
5 521 46.5074523528571 0.0 0.0 0.0 
5 522 46.5074523528571 0.0 0.0 0.0 
5 523 46.5074523528571 0.0 0.0 0.0 
5 524 46.5074523528571 0.0 0.0 0.0 
5 525 46.5074523528571 0.0 0.0 0.0 
5 526 46.5074523528571 0.0 0.0 0.0 
5 527 46.5074523528571 0.0 0.0 0.0 
5 528 46.5074523528571 0.0 0.0 0.0 
5 529 46.5074523528571 0.0 0.0 0.0 
5 530 46.5074523528571 0.0 0.0 0.0 
5 531 46.5074523528571 0.0 0.0 0.0 
5 532 46.5074523528571 0.0 0.0 0.0 
5 533 46.5074523528571 0.0 0.0 0.0 
5 534 46.5074523528571 0.0 0.0 0.0 
5 535 46.5074523528571 0.0 0.0 0.0 
5 536 46.5074523528571 0.0 0.0 0.0 
5 537 46.5074523528571 0.0 0.0 0.0 
5 538 46.5074523528571 0.0 0.0 0.0 
5 539 46.5074523528571 0.0 0.0 0.0 
5 540 46.5074523528571 0.0 0.0 0.0 
5 541 46.5074523528571 0.0 0.0 0.0 
5 542 46.5074523528571 0.0 0.0 0.0 
5 543 46.5074523528571 0.0 0.0 0.0 
5 544 46.5074523528571 0.0 0.0 0.0 
5 545 46.5074523528571 0.0 0.0 0.0 
5 546 46.5074523528571 0.0 0.0 0.0 
5 547 46.5074523528571 0.0 0.0 0.0 
5 548 46.5074523528571 0.0 0.0 0.0 
5 549 46.5074523528571 0.0 0.0 0.0 
5 550 46.5074523528571 0.0 0.0 0.0 
5 551 46.5074523528571 0.0 0.0 0.0 
5 552 46.5074523528571 0.0 0.0 0.0 
5 553 46.5074523528571 0.0 0.0 0.0 
5 554 46.5074523528571 0.0 0.0 0.0 
5 555 46.5074523528571 0.0 0.0 0.0 
5 556 46.5074523528571 0.0 0.0 0.0 
5 557 46.5074523528571 0.0 0.0 0.0 
5 558 46.5074523528571 0.0 0.0 0.0 
5 559 46.5074523528571 0.0 0.0 0.0 
5 560 46.5074523528571 0.0 0.0 0.0 
5 561 46.5074523528571 0.0 0.0 0.0 
5 562 46.5074523528571 0.0 0.0 0.0 
5 563 46.5074523528571 0.0 0.0 0.0 
5 564 46.5074523528571 0.0 0.0 0.0 
5 565 46.5074523528571 0.0 0.0 0.0 
5 566 46.5074523528571 0.0 0.0 0.0 
5 567 46.5074523528571 0.0 0.0 0.0 
5 568 46.5074523528571 0.0 0.0 0.0 
5 569 46.5074523528571 0.0 0.0 0.0 
5 570 46.5074523528571 0.0 0.0 0.0 
5 571 46.5074523528571 0.0 0.0 0.0 
5 572 46.5074523528571 0.0 0.0 0.0 
5 573 46.5074523528571 0.0 0.0 0.0 
5 574 46.5074523528571 0.0 0.0 0.0 
5 575 46.5074523528571 0.0 0.0 0.0 
5 576 46.5074523528571 0.0 0.0 0.0 
5 577 46.5074523528571 0.0 0.0 0.0 
5 578 46.5074523528571 0.0 0.0 0.0 
5 579 46.5074523528571 0.0 0.0 0.0 
5 580 46.5074523528571 0.0 0.0 0.0 
5 581 46.5074523528571 0.0 0.0 0.0 
5 582 46.5074523528571 0.0 0.0 0.0 
5 583 46.5074523528571 0.0 0.0 0.0 
5 584 46.5074523528571 0.0 0.0 0.0 
5 585 46.5074523528571 0.0 0.0 0.0 
5 586 46.5074523528571 0.0 0.0 0.0 
5 587 46.5074523528571 0.0 0.0 0.0 
5 588 46.5074523528571 0.0 0.0 0.0 
5 589 46.5074523528571 0.0 0.0 0.0 
5 590 46.5074523528571 0.0 0.0 0.0 
5 591 46.5074523528571 0.0 0.0 0.0 
5 592 46.5074523528571 0.0 0.0 0.0 
5 593 46.5074523528571 0.0 0.0 0.0 
5 594 46.5074523528571 0.0 0.0 0.0 
5 595 46.5074523528571 0.0 0.0 0.0 
5 596 46.5074523528571 0.0 0.0 0.0 
5 597 46.5074523528571 0.0 0.0 0.0 
5 598 46.5074523528571 0.0 0.0 0.0 
5 599 46.5074523528571 0.0 0.0 0.0 
5 600 46.5074523528571 0.0 0.0 0.0 
5 601 46.5074523528571 0.0 0.0 0.0 
5 602 46.5074523528571 0.0 0.0 0.0 
5 603 46.5074523528571 0.0 0.0 0.0 
5 604 46.5074523528571 0.0 0.0 0.0 
5 605 46.5074523528571 0.0 0.0 0.0 
5 606 46.5074523528571 0.0 0.0 0.0 
5 607 46.5074523528571 0.0 0.0 0.0 
5 608 46.5074523528571 0.0 0.0 0.0 
5 609 46.5074523528571 0.0 0.0 0.0 
5 610 46.5074523528571 0.0 0.0 0.0 
5 611 46.5074523528571 0.0 0.0 0.0 
5 612 46.5074523528571 0.0 0.0 0.0 
5 613 46.5074523528571 0.0 0.0 0.0 
5 614 46.5074523528571 0.0 0.0 0.0 
5 615 46.5074523528571 0.0 0.0 0.0 
5 616 46.5074523528571 0.0 0.0 0.0 
5 617 46.5074523528571 0.0 0.0 0.0 
5 618 46.5074523528571 0.0 0.0 0.0 
5 619 46.5074523528571 0.0 0.0 0.0 
5 620 46.5074523528571 0.0 0.0 0.0 
5 621 46.5074523528571 0.0 0.0 0.0 
5 622 46.5074523528571 0.0 0.0 0.0 
5 623 46.5074523528571 0.0 0.0 0.0 
5 624 46.5074523528571 0.0 0.0 0.0 
5 625 46.5074523528571 0.0 0.0 0.0 
5 626 46.5074523528571 0.0 0.0 0.0 
5 627 46.5074523528571 0.0 0.0 0.0 
5 628 46.5074523528571 0.0 0.0 0.0 
5 629 46.5074523528571 0.0 0.0 0.0 
5 630 46.5074523528571 0.0 0.0 0.0 
5 631 46.5074523528571 0.0 0.0 0.0 
5 632 46.5074523528571 0.0 0.0 0.0 
5 633 46.5074523528571 0.0 0.0 0.0 
5 634 46.5074523528571 0.0 0.0 0.0 
5 635 46.5074523528571 0.0 0.0 0.0 
5 636 46.5074523528571 0.0 0.0 0.0 
5 637 46.5074523528571 0.0 0.0 0.0 
5 638 46.5074523528571 0.0 0.0 0.0 
5 639 46.5074523528571 0.0 0.0 0.0 
5 640 46.5074523528571 0.0 0.0 0.0 
5 641 46.5074523528571 0.0 0.0 0.0 
5 642 46.5074523528571 0.0 0.0 0.0 
5 643 46.5074523528571 0.0 0.0 0.0 
5 644 46.5074523528571 0.0 0.0 0.0 
5 645 46.5074523528571 0.0 0.0 0.0 
5 646 46.5074523528571 0.0 0.0 0.0 
5 647 46.5074523528571 0.0 0.0 0.0 
5 648 46.5074523528571 0.0 0.0 0.0 
5 649 46.5074523528571 0.0 0.0 0.0 
5 650 46.5074523528571 0.0 0.0 0.0 
5 651 46.5074523528571 0.0 0.0 0.0 
5 652 46.5074523528571 0.0 0.0 0.0 
5 653 46.5074523528571 0.0 0.0 0.0 
5 654 46.5074523528571 0.0 0.0 0.0 
5 655 46.5074523528571 0.0 0.0 0.0 
5 656 46.5074523528571 0.0 0.0 0.0 
5 657 46.5074523528571 0.0 0.0 0.0 
5 658 46.5074523528571 0.0 0.0 0.0 
5 659 46.5074523528571 0.0 0.0 0.0 
5 660 46.5074523528571 0.0 0.0 0.0 
5 661 46.5074523528571 0.0 0.0 0.0 
5 662 46.5074523528571 0.0 0.0 0.0 
5 663 46.5074523528571 0.0 0.0 0.0 
5 664 46.5074523528571 0.0 0.0 0.0 
5 665 46.5074523528571 0.0 0.0 0.0 
5 666 46.5074523528571 0.0 0.0 0.0 
5 667 46.5074523528571 0.0 0.0 0.0 
5 668 46.5074523528571 0.0 0.0 0.0 
5 669 46.5074523528571 0.0 0.0 0.0 
5 670 46.5074523528571 0.0 0.0 0.0 
5 671 46.5074523528571 0.0 0.0 0.0 
5 672 46.5074523528571 0.0 0.0 0.0 
5 673 46.5074523528571 0.0 0.0 0.0 
5 674 46.5074523528571 0.0 0.0 0.0 
5 675 46.5074523528571 0.0 0.0 0.0 
5 676 46.5074523528571 0.0 0.0 0.0 
5 677 46.5074523528571 0.0 0.0 0.0 
5 678 46.5074523528571 0.0 0.0 0.0 
5 679 46.5074523528571 0.0 0.0 0.0 
5 680 46.5074523528571 0.0 0.0 0.0 
5 681 46.5074523528571 0.0 0.0 0.0 
5 682 46.5074523528571 0.0 0.0 0.0 
5 683 46.5074523528571 0.0 0.0 0.0 
5 684 46.5074523528571 0.0 0.0 0.0 
5 685 46.5074523528571 0.0 0.0 0.0 
5 686 46.5074523528571 0.0 0.0 0.0 
5 687 46.5074523528571 0.0 0.0 0.0 
5 688 46.5074523528571 0.0 0.0 0.0 
5 689 46.5074523528571 0.0 0.0 0.0 
5 690 46.5074523528571 0.0 0.0 0.0 
5 691 46.5074523528571 0.0 0.0 0.0 
5 692 46.5074523528571 0.0 0.0 0.0 
5 693 46.5074523528571 0.0 0.0 0.0 
5 694 46.5074523528571 0.0 0.0 0.0 
5 695 46.5074523528571 0.0 0.0 0.0 
5 696 46.5074523528571 0.0 0.0 0.0 
5 697 46.5074523528571 0.0 0.0 0.0 
5 698 46.5074523528571 0.0 0.0 0.0 
5 699 46.5074523528571 0.0 0.0 0.0 
5 700 46.5074523528571 0.0 0.0 0.0 
5 701 46.5074523528571 0.0 0.0 0.0 
5 702 46.5074523528571 0.0 0.0 0.0 
5 703 46.5074523528571 0.0 0.0 0.0 
5 704 46.5074523528571 0.0 0.0 0.0 
5 705 46.5074523528571 0.0 0.0 0.0 
5 706 46.5074523528571 0.0 0.0 0.0 
5 707 46.5074523528571 0.0 0.0 0.0 
5 708 46.5074523528571 0.0 0.0 0.0 
5 709 46.5074523528571 0.0 0.0 0.0 
5 710 46.5074523528571 0.0 0.0 0.0 
5 711 46.5074523528571 0.0 0.0 0.0 
5 712 46.5074523528571 0.0 0.0 0.0 
5 713 46.5074523528571 0.0 0.0 0.0 
5 714 46.5074523528571 0.0 0.0 0.0 
5 715 46.5074523528571 0.0 0.0 0.0 
5 716 46.5074523528571 0.0 0.0 0.0 
5 717 46.5074523528571 0.0 0.0 0.0 
5 718 46.5074523528571 0.0 0.0 0.0 
5 719 46.5074523528571 0.0 0.0 0.0 
5 720 46.5074523528571 0.0 0.0 0.0 
5 721 46.5074523528571 0.0 0.0 0.0 
5 722 46.5074523528571 0.0 0.0 0.0 
5 723 46.5074523528571 0.0 0.0 0.0 
5 724 46.5074523528571 0.0 0.0 0.0 
5 725 46.5074523528571 0.0 0.0 0.0 
5 726 46.5074523528571 0.0 0.0 0.0 
5 727 46.5074523528571 0.0 0.0 0.0 
5 728 46.5074523528571 0.0 0.0 0.0 
5 729 46.5074523528571 0.0 0.0 0.0 
5 730 46.5074523528571 0.0 0.0 0.0 
5 731 46.5074523528571 0.0 0.0 0.0 
5 732 46.5074523528571 0.0 0.0 0.0 
5 733 46.5074523528571 0.0 0.0 0.0 
5 734 46.5074523528571 0.0 0.0 0.0 
5 735 46.5074523528571 0.0 0.0 0.0 
5 736 46.5074523528571 0.0 0.0 0.0 
5 737 46.5074523528571 0.0 0.0 0.0 
5 738 46.5074523528571 0.0 0.0 0.0 
5 739 46.5074523528571 0.0 0.0 0.0 
5 740 46.5074523528571 0.0 0.0 0.0 
5 741 46.5074523528571 0.0 0.0 0.0 
5 742 46.5074523528571 0.0 0.0 0.0 
5 743 46.5074523528571 0.0 0.0 0.0 
5 744 46.5074523528571 0.0 0.0 0.0 
5 745 46.5074523528571 0.0 0.0 0.0 
5 746 46.5074523528571 0.0 0.0 0.0 
5 747 46.5074523528571 0.0 0.0 0.0 
5 748 46.5074523528571 0.0 0.0 0.0 
5 749 46.5074523528571 0.0 0.0 0.0 
5 750 46.5074523528571 0.0 0.0 0.0 
5 751 46.5074523528571 0.0 0.0 0.0 
5 752 46.5074523528571 0.0 0.0 0.0 
5 753 46.5074523528571 0.0 0.0 0.0 
5 754 46.5074523528571 0.0 0.0 0.0 
5 755 46.5074523528571 0.0 0.0 0.0 
5 756 46.5074523528571 0.0 0.0 0.0 
5 757 46.5074523528571 0.0 0.0 0.0 
5 758 46.5074523528571 0.0 0.0 0.0 
5 759 46.5074523528571 0.0 0.0 0.0 
5 760 46.5074523528571 0.0 0.0 0.0 
5 761 46.5074523528571 0.0 0.0 0.0 
5 762 46.5074523528571 0.0 0.0 0.0 
5 763 46.5074523528571 0.0 0.0 0.0 
5 764 46.5074523528571 0.0 0.0 0.0 
5 765 46.5074523528571 0.0 0.0 0.0 
5 766 46.5074523528571 0.0 0.0 0.0 
5 767 46.5074523528571 0.0 0.0 0.0 
5 768 46.5074523528571 0.0 0.0 0.0 
5 769 46.5074523528571 0.0 0.0 0.0 
5 770 46.5074523528571 0.0 0.0 0.0 
5 771 46.5074523528571 0.0 0.0 0.0 
5 772 46.5074523528571 0.0 0.0 0.0 
5 773 46.5074523528571 0.0 0.0 0.0 
5 774 46.5074523528571 0.0 0.0 0.0 
5 775 46.5074523528571 0.0 0.0 0.0 
5 776 46.5074523528571 0.0 0.0 0.0 
5 777 46.5074523528571 0.0 0.0 0.0 
5 778 46.5074523528571 0.0 0.0 0.0 
5 779 46.5074523528571 0.0 0.0 0.0 
5 780 46.5074523528571 0.0 0.0 0.0 
5 781 46.5074523528571 0.0 0.0 0.0 
5 782 46.5074523528571 0.0 0.0 0.0 
5 783 46.5074523528571 0.0 0.0 0.0 
5 784 46.5074523528571 0.0 0.0 0.0 
5 785 46.5074523528571 0.0 0.0 0.0 
5 786 46.5074523528571 0.0 0.0 0.0 
5 787 46.5074523528571 0.0 0.0 0.0 
5 788 46.5074523528571 0.0 0.0 0.0 
5 789 46.5074523528571 0.0 0.0 0.0 
5 790 46.5074523528571 0.0 0.0 0.0 
5 791 46.5074523528571 0.0 0.0 0.0 
5 792 46.5074523528571 0.0 0.0 0.0 
5 793 46.5074523528571 0.0 0.0 0.0 
5 794 46.5074523528571 0.0 0.0 0.0 
5 795 46.5074523528571 0.0 0.0 0.0 
5 796 46.5074523528571 0.0 0.0 0.0 
5 797 46.5074523528571 0.0 0.0 0.0 
5 798 46.5074523528571 0.0 0.0 0.0 
5 799 46.5074523528571 0.0 0.0 0.0 
5 800 46.5074523528571 0.0 0.0 0.0 
5 801 46.5074523528571 0.0 0.0 0.0 
5 802 46.5074523528571 0.0 0.0 0.0 
5 803 46.5074523528571 0.0 0.0 0.0 
5 804 46.5074523528571 0.0 0.0 0.0 
5 805 46.5074523528571 0.0 0.0 0.0 
5 806 46.5074523528571 0.0 0.0 0.0 
5 807 46.5074523528571 0.0 0.0 0.0 
5 808 46.5074523528571 0.0 0.0 0.0 
5 809 46.5074523528571 0.0 0.0 0.0 
5 810 46.5074523528571 0.0 0.0 0.0 
5 811 46.5074523528571 0.0 0.0 0.0 
5 812 46.5074523528571 0.0 0.0 0.0 
5 813 46.5074523528571 0.0 0.0 0.0 
5 814 46.5074523528571 0.0 0.0 0.0 
5 815 46.5074523528571 0.0 0.0 0.0 
5 816 46.5074523528571 0.0 0.0 0.0 
5 817 46.5074523528571 0.0 0.0 0.0 
5 818 46.5074523528571 0.0 0.0 0.0 
5 819 46.5074523528571 0.0 0.0 0.0 
5 820 46.5074523528571 0.0 0.0 0.0 
5 821 46.5074523528571 0.0 0.0 0.0 
5 822 46.5074523528571 0.0 0.0 0.0 
5 823 46.5074523528571 0.0 0.0 0.0 
5 824 46.5074523528571 0.0 0.0 0.0 
5 825 46.5074523528571 0.0 0.0 0.0 
5 826 46.5074523528571 0.0 0.0 0.0 
5 827 46.5074523528571 0.0 0.0 0.0 
5 828 46.5074523528571 0.0 0.0 0.0 
5 829 46.5074523528571 0.0 0.0 0.0 
5 830 46.5074523528571 0.0 0.0 0.0 
5 831 46.5074523528571 0.0 0.0 0.0 
5 832 46.5074523528571 0.0 0.0 0.0 
5 833 46.5074523528571 0.0 0.0 0.0 
5 834 46.5074523528571 0.0 0.0 0.0 
5 835 46.5074523528571 0.0 0.0 0.0 
5 836 46.5074523528571 0.0 0.0 0.0 
5 837 46.5074523528571 0.0 0.0 0.0 
5 838 46.5074523528571 0.0 0.0 0.0 
5 839 46.5074523528571 0.0 0.0 0.0 
5 840 46.5074523528571 0.0 0.0 0.0 
5 841 46.5074523528571 0.0 0.0 0.0 
5 842 46.5074523528571 0.0 0.0 0.0 
5 843 46.5074523528571 0.0 0.0 0.0 
5 844 46.5074523528571 0.0 0.0 0.0 
5 845 46.5074523528571 0.0 0.0 0.0 
5 846 46.5074523528571 0.0 0.0 0.0 
5 847 46.5074523528571 0.0 0.0 0.0 
5 848 46.5074523528571 0.0 0.0 0.0 
5 849 46.5074523528571 0.0 0.0 0.0 
5 850 46.5074523528571 0.0 0.0 0.0 
5 851 46.5074523528571 0.0 0.0 0.0 
5 852 46.5074523528571 0.0 0.0 0.0 
5 853 46.5074523528571 0.0 0.0 0.0 
5 854 46.5074523528571 0.0 0.0 0.0 
5 855 46.5074523528571 0.0 0.0 0.0 
5 856 46.5074523528571 0.0 0.0 0.0 
5 857 46.5074523528571 0.0 0.0 0.0 
5 858 46.5074523528571 0.0 0.0 0.0 
5 859 46.5074523528571 0.0 0.0 0.0 
5 860 46.5074523528571 0.0 0.0 0.0 
5 861 46.5074523528571 0.0 0.0 0.0 
5 862 46.5074523528571 0.0 0.0 0.0 
5 863 46.5074523528571 0.0 0.0 0.0 
5 864 46.5074523528571 0.0 0.0 0.0 
5 865 46.5074523528571 0.0 0.0 0.0 
5 866 46.5074523528571 0.0 0.0 0.0 
5 867 46.5074523528571 0.0 0.0 0.0 
5 868 46.5074523528571 0.0 0.0 0.0 
5 869 46.5074523528571 0.0 0.0 0.0 
5 870 46.5074523528571 0.0 0.0 0.0 
5 871 46.5074523528571 0.0 0.0 0.0 
5 872 46.5074523528571 0.0 0.0 0.0 
5 873 46.5074523528571 0.0 0.0 0.0 
5 874 46.5074523528571 0.0 0.0 0.0 
5 875 46.5074523528571 0.0 0.0 0.0 
5 876 46.5074523528571 0.0 0.0 0.0 
5 877 46.5074523528571 0.0 0.0 0.0 
5 878 46.5074523528571 0.0 0.0 0.0 
5 879 46.5074523528571 0.0 0.0 0.0 
5 880 46.5074523528571 0.0 0.0 0.0 
5 881 46.5074523528571 0.0 0.0 0.0 
5 882 46.5074523528571 0.0 0.0 0.0 
5 883 46.5074523528571 0.0 0.0 0.0 
5 884 46.5074523528571 0.0 0.0 0.0 
5 885 46.5074523528571 0.0 0.0 0.0 
5 886 46.5074523528571 0.0 0.0 0.0 
5 887 46.5074523528571 0.0 0.0 0.0 
5 888 46.5074523528571 0.0 0.0 0.0 
5 889 46.5074523528571 0.0 0.0 0.0 
5 890 46.5074523528571 0.0 0.0 0.0 
5 891 46.5074523528571 0.0 0.0 0.0 
5 892 46.5074523528571 0.0 0.0 0.0 
5 893 46.5074523528571 0.0 0.0 0.0 
5 894 46.5074523528571 0.0 0.0 0.0 
5 895 46.5074523528571 0.0 0.0 0.0 
5 896 46.5074523528571 0.0 0.0 0.0 
5 897 46.5074523528571 0.0 0.0 0.0 
5 898 46.5074523528571 0.0 0.0 0.0 
5 899 46.5074523528571 0.0 0.0 0.0 
5 900 46.5074523528571 0.0 0.0 0.0 
5 901 46.5074523528571 0.0 0.0 0.0 
5 902 46.5074523528571 0.0 0.0 0.0 
5 903 46.5074523528571 0.0 0.0 0.0 
5 904 46.5074523528571 0.0 0.0 0.0 
5 905 46.5074523528571 0.0 0.0 0.0 
5 906 46.5074523528571 0.0 0.0 0.0 
5 907 46.5074523528571 0.0 0.0 0.0 
5 908 46.5074523528571 0.0 0.0 0.0 
5 909 46.5074523528571 0.0 0.0 0.0 
5 910 46.5074523528571 0.0 0.0 0.0 
5 911 46.5074523528571 0.0 0.0 0.0 
5 912 46.5074523528571 0.0 0.0 0.0 
5 913 46.5074523528571 0.0 0.0 0.0 
5 914 46.5074523528571 0.0 0.0 0.0 
5 915 46.5074523528571 0.0 0.0 0.0 
5 916 46.5074523528571 0.0 0.0 0.0 
5 917 46.5074523528571 0.0 0.0 0.0 
5 918 46.5074523528571 0.0 0.0 0.0 
5 919 46.5074523528571 0.0 0.0 0.0 
5 920 46.5074523528571 0.0 0.0 0.0 
5 921 46.5074523528571 0.0 0.0 0.0 
5 922 46.5074523528571 0.0 0.0 0.0 
5 923 46.5074523528571 0.0 0.0 0.0 
5 924 46.5074523528571 0.0 0.0 0.0 
5 925 46.5074523528571 0.0 0.0 0.0 
5 926 46.5074523528571 0.0 0.0 0.0 
5 927 46.5074523528571 0.0 0.0 0.0 
5 928 46.5074523528571 0.0 0.0 0.0 
5 929 46.5074523528571 0.0 0.0 0.0 
5 930 46.5074523528571 0.0 0.0 0.0 
5 931 46.5074523528571 0.0 0.0 0.0 
5 932 46.5074523528571 0.0 0.0 0.0 
5 933 46.5074523528571 0.0 0.0 0.0 
5 934 46.5074523528571 0.0 0.0 0.0 
5 935 46.5074523528571 0.0 0.0 0.0 
5 936 46.5074523528571 0.0 0.0 0.0 
5 937 46.5074523528571 0.0 0.0 0.0 
5 938 46.5074523528571 0.0 0.0 0.0 
5 939 46.5074523528571 0.0 0.0 0.0 
5 940 46.5074523528571 0.0 0.0 0.0 
5 941 46.5074523528571 0.0 0.0 0.0 
5 942 46.5074523528571 0.0 0.0 0.0 
5 943 46.5074523528571 0.0 0.0 0.0 
5 944 46.5074523528571 0.0 0.0 0.0 
5 945 46.5074523528571 0.0 0.0 0.0 
5 946 46.5074523528571 0.0 0.0 0.0 
5 947 46.5074523528571 0.0 0.0 0.0 
5 948 46.5074523528571 0.0 0.0 0.0 
5 949 46.5074523528571 0.0 0.0 0.0 
5 950 46.5074523528571 0.0 0.0 0.0 
5 951 46.5074523528571 0.0 0.0 0.0 
5 952 46.5074523528571 0.0 0.0 0.0 
5 953 46.5074523528571 0.0 0.0 0.0 
5 954 46.5074523528571 0.0 0.0 0.0 
5 955 46.5074523528571 0.0 0.0 0.0 
5 956 46.5074523528571 0.0 0.0 0.0 
5 957 46.5074523528571 0.0 0.0 0.0 
