2 1 27.4049860834509 838072.934824464 0.02043 26.5 0.0 
2 32 27.3736270968504 1558462.26128169 0.02043 26.5 0.0 
2 63 27.3328417186526 1558462.26128285 0.02043 26.5 0.0 
2 94 27.2920563404548 1558462.26128285 0.02043 26.5 0.0 
2 125 27.2512709622569 1558462.26128285 0.02043 26.5 0.0 
2 156 27.2104855840591 1558462.26128169 0.02043 26.5 0.0 
2 187 27.1697002058612 1558462.26128285 0.02043 26.5 0.0 
2 218 27.1289148276634 1558462.26128285 0.02043 26.5 0.0 
2 249 27.0881294494655 1558462.26128169 0.02043 26.5 0.0 
2 280 27.0473440712677 1558462.26128285 0.02043 26.5 0.0 
2 311 27.0065586930698 1558462.26128285 0.02043 26.5 0.0 
2 342 26.965773314872 1558462.26128169 0.02043 26.5 0.0 
2 373 26.9249879366741 1558462.26128285 0.02043 26.5 0.0 
2 404 26.8842025584763 1558462.26128285 0.02043 26.5 0.0 
2 435 26.8525596965934 859767.421137307 0.02043 26.5 0.0 
2 31 26.7753738249631 900786.691800257 0.02043 26.5 0.0 
2 30 26.7593560047733 1546397.73033443 0.02043 26.5 0.0 
2 29 26.7391123970073 1546397.73033327 0.02043 26.5 0.0 
2 28 26.7188687892412 1546397.73033443 0.02043 26.5 0.0 
2 27 26.6986251814752 1546397.73033444 0.02043 26.5 0.0 
2 26 26.6783815737092 1546397.73033443 0.02043 26.5 0.0 
2 25 26.6581379659432 1546397.73033327 0.02043 26.5 0.0 
2 24 26.6378943581772 1546397.73033444 0.02043 26.5 0.0 
2 23 26.6176507504112 1546397.73033443 0.02043 26.5 0.0 
2 22 26.5974071426452 1546397.73033444 0.02043 26.5 0.0 
2 21 26.5771635348791 1546397.73033443 0.02043 26.5 0.0 
2 20 26.5569199271131 1546397.73033327 0.02043 26.5 0.0 
2 19 26.5366763193471 1546397.73033444 0.02043 26.5 0.0 
2 18 26.5164327115811 1546397.73033443 0.02043 26.5 0.0 
2 17 26.4961891038151 1546397.73033443 0.02043 26.5 0.0 
2 16 26.4805733325057 839362.119326778 0.02043 26.5 0.0 
2 957 27.673257133374 793002.980710612 0.02043 26.5 0.0 
2 926 27.615726028491 1558470.36254446 0.02043 26.5 0.0 
2 895 27.5394670122944 1558470.36254562 0.02043 26.5 0.0 
2 864 27.4632079960977 1558470.36254562 0.02043 26.5 0.0 
2 833 27.386948979901 1558470.36254446 0.02043 26.5 0.0 
2 802 27.3106899637044 1558470.36254562 0.02043 26.5 0.0 
2 771 27.2344309475077 1558470.36254562 0.02043 26.5 0.0 
2 740 27.158171931311 1558470.36254562 0.02043 26.5 0.0 
2 709 27.0819129151144 1558470.36254446 0.02043 26.5 0.0 
2 678 27.0056538989177 1558470.36254563 0.02043 26.5 0.0 
2 647 26.9293948827211 1558470.36254562 0.02043 26.5 0.0 
2 616 26.8531358665244 1558470.36254446 0.02043 26.5 0.0 
2 585 26.7768768503278 1558470.36254562 0.02043 26.5 0.0 
2 554 26.7006178341311 1558470.36254562 0.02043 26.5 0.0 
2 523 26.6243588179344 1558470.36254446 0.02043 26.5 0.0 
2 483 26.5691464009498 698231.06914262 0.02043 26.5 0.0 
2 927 27.4514997501207 934462.350052176 0.02043 26.5 0.0 
2 928 27.3990135885717 1546373.04399086 0.02043 26.5 0.0 
2 929 27.3335814477721 1546373.04398969 0.02043 26.5 0.0 
2 930 27.2681493069725 1546373.04399086 0.02043 26.5 0.0 
2 931 27.2027171661729 1546373.04399086 0.02043 26.5 0.0 
2 932 27.1372850253733 1546373.04399086 0.02043 26.5 0.0 
2 933 27.0718528845737 1546373.0439897 0.02043 26.5 0.0 
2 934 27.006420743774 1546373.04399086 0.02043 26.5 0.0 
2 935 26.9409886029744 1546373.04399086 0.02043 26.5 0.0 
2 936 26.8755564621748 1546373.04399086 0.02043 26.5 0.0 
2 937 26.8101243213752 1546373.04399086 0.02043 26.5 0.0 
2 938 26.7446921805756 1546373.0439897 0.02043 26.5 0.0 
2 939 26.679260039776 1546373.04399086 0.02043 26.5 0.0 
2 940 26.6138278989763 1546373.04399086 0.02043 26.5 0.0 
2 941 26.5483957581767 1546373.04399086 0.02043 26.5 0.0 
2 942 26.5007366692853 706303.682223875 0.02043 26.5 0.0 
2 435 26.8507791214317 698694.840145542 0.02043 26.5 0.0 
2 484 26.8813709739722 1558462.26128169 0.02043 26.5 0.0 
2 524 26.9236154838088 1558462.26128285 0.02043 26.5 0.0 
2 555 26.9658599936455 1558462.26128285 0.02043 26.5 0.0 
2 586 27.0081045034822 1558462.26128169 0.02043 26.5 0.0 
2 617 27.0503490133188 1558462.26128285 0.02043 26.5 0.0 
2 648 27.0925935231555 1558462.26128285 0.02043 26.5 0.0 
2 679 27.1348380329921 1558462.26128169 0.02043 26.5 0.0 
2 710 27.1770825428288 1558462.26128285 0.02043 26.5 0.0 
2 741 27.2193270526655 1558462.26128285 0.02043 26.5 0.0 
2 772 27.2615715625021 1558462.26128285 0.02043 26.5 0.0 
2 803 27.3038160723388 1558462.26128169 0.02043 26.5 0.0 
2 834 27.3460605821754 1558462.26128285 0.02043 26.5 0.0 
2 865 27.3883050920121 1558462.26128285 0.02043 26.5 0.0 
2 896 27.4305496018488 1558462.26128169 0.02043 26.5 0.0 
2 927 27.4614708490185 722998.547333626 0.02043 26.5 0.0 
2 16 26.4894432839468 707035.611006496 0.02043 26.5 0.0 
2 15 26.5352233453531 1546397.73033443 0.02043 26.5 0.0 
2 14 26.5980556304307 1546397.73033444 0.02043 26.5 0.0 
2 13 26.6608879155084 1546397.73033443 0.02043 26.5 0.0 
2 12 26.7237202005859 1546397.73033327 0.02043 26.5 0.0 
2 11 26.7865524856635 1546397.73033444 0.02043 26.5 0.0 
2 10 26.8493847707411 1546397.73033443 0.02043 26.5 0.0 
2 9 26.9122170558187 1546397.73033444 0.02043 26.5 0.0 
2 8 26.9750493408963 1546397.73033443 0.02043 26.5 0.0 
2 7 27.0378816259739 1546397.73033327 0.02043 26.5 0.0 
2 6 27.1007139110515 1546397.73033444 0.02043 26.5 0.0 
2 5 27.1635461961291 1546397.73033443 0.02043 26.5 0.0 
2 4 27.2263784812067 1546397.73033443 0.02043 26.5 0.0 
2 3 27.2892107662843 1546397.73033327 0.02043 26.5 0.0 
2 2 27.3520430513619 1546397.73033443 0.02043 26.5 0.0 
2 1 27.3997057874265 799706.562414698 0.02043 26.5 0.0 
2 483 26.556498193108 860239.293403004 0.02043 26.5 0.0 
2 434 26.5689671123029 1558470.36254563 0.02043 26.5 0.0 
2 403 26.5850355486036 1558470.36254562 0.02043 26.5 0.0 
2 372 26.6011039849042 1558470.36254446 0.02043 26.5 0.0 
2 341 26.6171724212049 1558470.36254562 0.02043 26.5 0.0 
2 310 26.6332408575056 1558470.36254562 0.02043 26.5 0.0 
2 279 26.6493092938062 1558470.36254446 0.02043 26.5 0.0 
2 248 26.6653777301069 1558470.36254563 0.02043 26.5 0.0 
2 217 26.6814461664075 1558470.36254562 0.02043 26.5 0.0 
2 186 26.6975146027082 1558470.36254446 0.02043 26.5 0.0 
2 155 26.7135830390088 1558470.36254562 0.02043 26.5 0.0 
2 124 26.7296514753095 1558470.36254562 0.02043 26.5 0.0 
2 93 26.7457199116102 1558470.36254563 0.02043 26.5 0.0 
2 62 26.7617883479108 1558470.36254446 0.02043 26.5 0.0 
2 31 26.7755462036655 1110266.04025697 0.02043 26.5 0.0 
2 942 26.5076532363088 840069.361765821 0.02043 26.5 0.0 
2 943 26.5697512537106 1546373.04399086 0.02043 26.5 0.0 
2 944 26.6502281174838 1546373.04399086 0.02043 26.5 0.0 
2 945 26.7307049812571 1546373.04399086 0.02043 26.5 0.0 
2 946 26.8111818450303 1546373.0439897 0.02043 26.5 0.0 
2 947 26.8916587088035 1546373.04399086 0.02043 26.5 0.0 
2 948 26.9721355725767 1546373.04399086 0.02043 26.5 0.0 
2 949 27.0526124363499 1546373.04399086 0.02043 26.5 0.0 
2 950 27.1330893001232 1546373.04399086 0.02043 26.5 0.0 
2 951 27.2135661638964 1546373.0439897 0.02043 26.5 0.0 
2 952 27.2940430276696 1546373.04399086 0.02043 26.5 0.0 
2 953 27.3745198914428 1546373.04399086 0.02043 26.5 0.0 
2 954 27.4549967552161 1546373.04399086 0.02043 26.5 0.0 
2 955 27.5354736189893 1546373.0439897 0.02043 26.5 0.0 
2 956 27.6159504827625 1546373.04399086 0.02043 26.5 0.0 
2 957 27.6744238224039 700772.085034537 0.02043 26.5 0.0 
3 1 41.13228872219 838072.934824464 0.024 25.5 0.0 
3 32 41.0772773229213 1558462.26128169 0.024 25.5 0.0 
3 63 41.0057297071468 1558462.26128285 0.024 25.5 0.0 
3 94 40.9341820913722 1558462.26128285 0.024 25.5 0.0 
3 125 40.8626344755977 1558462.26128285 0.024 25.5 0.0 
3 156 40.7910868598231 1558462.26128169 0.024 25.5 0.0 
3 187 40.7195392440486 1558462.26128285 0.024 25.5 0.0 
3 218 40.6479916282741 1558462.26128285 0.024 25.5 0.0 
3 249 40.5764440124995 1558462.26128169 0.024 25.5 0.0 
3 280 40.504896396725 1558462.26128285 0.024 25.5 0.0 
3 311 40.4333487809504 1558462.26128285 0.024 25.5 0.0 
3 342 40.3618011651759 1558462.26128169 0.024 25.5 0.0 
3 373 40.2902535494014 1558462.26128285 0.024 25.5 0.0 
3 404 40.2187059336268 1558462.26128285 0.024 25.5 0.0 
3 435 40.1631965470761 859767.421137307 0.024 25.5 0.0 
3 31 41.2309698024683 900786.691800257 0.024 25.5 0.0 
3 30 41.146121989901 1546397.73033443 0.024 25.5 0.0 
3 29 41.0388898061792 1546397.73033327 0.024 25.5 0.0 
3 28 40.9316576224573 1546397.73033443 0.024 25.5 0.0 
3 27 40.8244254387354 1546397.73033444 0.024 25.5 0.0 
3 26 40.7171932550135 1546397.73033443 0.024 25.5 0.0 
3 25 40.6099610712917 1546397.73033327 0.024 25.5 0.0 
3 24 40.5027288875698 1546397.73033444 0.024 25.5 0.0 
3 23 40.3954967038479 1546397.73033443 0.024 25.5 0.0 
3 22 40.288264520126 1546397.73033444 0.024 25.5 0.0 
3 21 40.1810323364041 1546397.73033443 0.024 25.5 0.0 
3 20 40.0738001526823 1546397.73033327 0.024 25.5 0.0 
3 19 39.9665679689604 1546397.73033444 0.024 25.5 0.0 
3 18 39.8593357852385 1546397.73033443 0.024 25.5 0.0 
3 17 39.7521036015166 1546397.73033443 0.024 25.5 0.0 
3 16 39.6693854774866 839362.119326778 0.024 25.5 0.0 
3 957 41.6077068473655 793002.980710612 0.024 25.5 0.0 
3 926 41.5317630293364 1558470.36254446 0.024 25.5 0.0 
3 895 41.4310974700551 1558470.36254562 0.024 25.5 0.0 
3 864 41.3304319107738 1558470.36254562 0.024 25.5 0.0 
3 833 41.2297663514925 1558470.36254446 0.024 25.5 0.0 
3 802 41.1291007922113 1558470.36254562 0.024 25.5 0.0 
3 771 41.02843523293 1558470.36254562 0.024 25.5 0.0 
3 740 40.9277696736487 1558470.36254562 0.024 25.5 0.0 
3 709 40.8271041143674 1558470.36254446 0.024 25.5 0.0 
3 678 40.7264385550861 1558470.36254563 0.024 25.5 0.0 
3 647 40.6257729958048 1558470.36254562 0.024 25.5 0.0 
3 616 40.5251074365235 1558470.36254446 0.024 25.5 0.0 
3 585 40.4244418772423 1558470.36254562 0.024 25.5 0.0 
3 554 40.323776317961 1558470.36254562 0.024 25.5 0.0 
3 523 40.2231107586797 1558470.36254446 0.024 25.5 0.0 
3 483 40.1502277198965 698231.06914262 0.024 25.5 0.0 
3 927 41.4936394832846 934462.350052176 0.024 25.5 0.0 
3 928 41.4172371397167 1546373.04399086 0.024 25.5 0.0 
3 929 41.3219897687105 1546373.04398969 0.024 25.5 0.0 
3 930 41.2267423977042 1546373.04399086 0.024 25.5 0.0 
3 931 41.1314950266979 1546373.04399086 0.024 25.5 0.0 
3 932 41.0362476556916 1546373.04399086 0.024 25.5 0.0 
3 933 40.9410002846854 1546373.0439897 0.024 25.5 0.0 
3 934 40.8457529136791 1546373.04399086 0.024 25.5 0.0 
3 935 40.7505055426728 1546373.04399086 0.024 25.5 0.0 
3 936 40.6552581716665 1546373.04399086 0.024 25.5 0.0 
3 937 40.5600108006602 1546373.04399086 0.024 25.5 0.0 
3 938 40.4647634296539 1546373.0439897 0.024 25.5 0.0 
3 939 40.3695160586477 1546373.04399086 0.024 25.5 0.0 
3 940 40.2742686876414 1546373.04399086 0.024 25.5 0.0 
3 941 40.1790213166351 1546373.04399086 0.024 25.5 0.0 
3 942 40.1096455807048 706303.682223875 0.024 25.5 0.0 
3 435 40.1641895273457 698694.840145542 0.024 25.5 0.0 
3 484 40.2311538318025 1558462.26128169 0.024 25.5 0.0 
3 524 40.3236253228502 1558462.26128285 0.024 25.5 0.0 
3 555 40.4160968138979 1558462.26128285 0.024 25.5 0.0 
3 586 40.5085683049456 1558462.26128169 0.024 25.5 0.0 
3 617 40.6010397959934 1558462.26128285 0.024 25.5 0.0 
3 648 40.6935112870411 1558462.26128285 0.024 25.5 0.0 
3 679 40.7859827780888 1558462.26128169 0.024 25.5 0.0 
3 710 40.8784542691365 1558462.26128285 0.024 25.5 0.0 
3 741 40.9709257601842 1558462.26128285 0.024 25.5 0.0 
3 772 41.063397251232 1558462.26128285 0.024 25.5 0.0 
3 803 41.1558687422797 1558462.26128169 0.024 25.5 0.0 
3 834 41.2483402333274 1558462.26128285 0.024 25.5 0.0 
3 865 41.3408117243752 1558462.26128285 0.024 25.5 0.0 
3 896 41.4332832154229 1558462.26128169 0.024 25.5 0.0 
3 927 41.500968551148 722998.547333626 0.024 25.5 0.0 
3 16 39.6633549646218 707035.611006496 0.024 25.5 0.0 
3 15 39.7368875137983 1546397.73033443 0.024 25.5 0.0 
3 14 39.8378095735425 1546397.73033444 0.024 25.5 0.0 
3 13 39.9387316332867 1546397.73033443 0.024 25.5 0.0 
3 12 40.0396536930308 1546397.73033327 0.024 25.5 0.0 
3 11 40.140575752775 1546397.73033444 0.024 25.5 0.0 
3 10 40.2414978125192 1546397.73033443 0.024 25.5 0.0 
3 9 40.3424198722634 1546397.73033444 0.024 25.5 0.0 
3 8 40.4433419320075 1546397.73033443 0.024 25.5 0.0 
3 7 40.5442639917517 1546397.73033327 0.024 25.5 0.0 
3 6 40.6451860514959 1546397.73033444 0.024 25.5 0.0 
3 5 40.74610811124 1546397.73033443 0.024 25.5 0.0 
3 4 40.8470301709842 1546397.73033443 0.024 25.5 0.0 
3 3 40.9479522307284 1546397.73033327 0.024 25.5 0.0 
3 2 41.0488742904725 1546397.73033443 0.024 25.5 0.0 
3 1 41.125430816958 799706.562414698 0.024 25.5 0.0 
3 483 40.1496283144808 860239.293403004 0.024 25.5 0.0 
3 434 40.2113468877575 1558470.36254563 0.024 25.5 0.0 
3 403 40.2908823268572 1558470.36254562 0.024 25.5 0.0 
3 372 40.3704177659569 1558470.36254446 0.024 25.5 0.0 
3 341 40.4499532050566 1558470.36254562 0.024 25.5 0.0 
3 310 40.5294886441563 1558470.36254562 0.024 25.5 0.0 
3 279 40.609024083256 1558470.36254446 0.024 25.5 0.0 
3 248 40.6885595223558 1558470.36254563 0.024 25.5 0.0 
3 217 40.7680949614555 1558470.36254562 0.024 25.5 0.0 
3 186 40.8476304005552 1558470.36254446 0.024 25.5 0.0 
3 155 40.9271658396549 1558470.36254562 0.024 25.5 0.0 
3 124 41.0067012787546 1558470.36254562 0.024 25.5 0.0 
3 93 41.0862367178543 1558470.36254563 0.024 25.5 0.0 
3 62 41.165772156954 1558470.36254446 0.024 25.5 0.0 
3 31 41.2338706998392 1110266.04025697 0.024 25.5 0.0 
3 942 40.1158853385034 840069.361765821 0.024 25.5 0.0 
3 943 40.1954035797387 1546373.04399086 0.024 25.5 0.0 
3 944 40.2984564457583 1546373.04399086 0.024 25.5 0.0 
3 945 40.4015093117778 1546373.04399086 0.024 25.5 0.0 
3 946 40.5045621777974 1546373.0439897 0.024 25.5 0.0 
3 947 40.6076150438169 1546373.04399086 0.024 25.5 0.0 
3 948 40.7106679098365 1546373.04399086 0.024 25.5 0.0 
3 949 40.813720775856 1546373.04399086 0.024 25.5 0.0 
3 950 40.9167736418756 1546373.04399086 0.024 25.5 0.0 
3 951 41.0198265078951 1546373.0439897 0.024 25.5 0.0 
3 952 41.1228793739146 1546373.04399086 0.024 25.5 0.0 
3 953 41.2259322399342 1546373.04399086 0.024 25.5 0.0 
3 954 41.3289851059538 1546373.04399086 0.024 25.5 0.0 
3 955 41.4320379719733 1546373.0439897 0.024 25.5 0.0 
3 956 41.5350908379928 1546373.04399086 0.024 25.5 0.0 
3 957 41.6099675783783 700772.085034537 0.024 25.5 0.0 
4 1 42.6613408438422 838072.934824464 0.0277 27 0.0 
4 32 42.6113072108991 1558462.26128169 0.0277 27 0.0 
4 63 42.5462336589953 1558462.26128285 0.0277 27 0.0 
4 94 42.4811601070914 1558462.26128285 0.0277 27 0.0 
4 125 42.4160865551875 1558462.26128285 0.0 0.0 0.0 
1 1 0.0 1.0 0.0277 27 0.0 
4 156 42.3510130032837 1558462.26128169 0.0 0.0 0.0 
1 1 0.0 1.0 0.0277 27 0.0 
4 187 42.2859394513798 1558462.26128285 0.0 0.0 0.0 
1 1 0.0 1.0 0.0277 27 0.0 
4 218 42.220865899476 1558462.26128285 0.0 0.0 0.0 
1 1 0.0 1.0 0.0277 27 0.0 
4 249 42.1557923475721 1558462.26128169 0.0 0.0 0.0 
1 1 0.0 1.0 0.0277 27 0.0 
4 280 42.0907187956682 1558462.26128285 0.0 0.0 0.0 
1 1 0.0 1.0 0.0277 27 0.0 
4 311 42.0256452437644 1558462.26128285 0.0 0.0 0.0 
1 1 0.0 1.0 0.0277 27 0.0 
4 342 41.9605716918605 1558462.26128169 0.0 0.0 0.0 
1 1 0.0 1.0 0.0277 27 0.0 
4 373 41.8954981399567 1558462.26128285 0.0 0.0 0.0 
1 1 0.0 1.0 0.0277 27 0.0 
4 404 41.8304245880528 1558462.26128285 0.0 0.0 0.0 
1 1 0.0 1.0 0.0277 27 0.0 
4 435 41.7799380287488 859767.421137307 0.0 0.0 0.0 
1 1 0.0 1.0 0.0277 27 0.0 
4 31 42.7482570374684 900786.691800257 0.0 0.0 0.0 
1 1 0.0 1.0 0.0277 27 0.0 
4 30 42.6863106247563 1546397.73033443 0.0 0.0 0.0 
1 1 0.0 1.0 0.0277 27 0.0 
4 29 42.6080216399508 1546397.73033327 0.0 0.0 0.0 
1 1 0.0 1.0 0.0277 27 0.0 
4 28 42.5297326551453 1546397.73033443 0.0 0.0 0.0 
1 1 0.0 1.0 0.0277 27 0.0 
4 27 42.4514436703398 1546397.73033444 0.0 0.0 0.0 
1 1 0.0 1.0 0.0277 27 0.0 
4 26 42.3731546855343 1546397.73033443 0.0 0.0 0.0 
1 1 0.0 1.0 0.0277 27 0.0 
4 25 42.2948657007288 1546397.73033327 0.0 0.0 0.0 
1 1 0.0 1.0 0.0277 27 0.0 
4 24 42.2165767159233 1546397.73033444 0.0 0.0 0.0 
1 1 0.0 1.0 0.0277 27 0.0 
4 23 42.1382877311178 1546397.73033443 0.0 0.0 0.0 
1 1 0.0 1.0 0.0277 27 0.0 
4 22 42.0599987463123 1546397.73033444 0.0 0.0 0.0 
1 1 0.0 1.0 0.0277 27 0.0 
4 21 41.9817097615068 1546397.73033443 0.0 0.0 0.0 
1 1 0.0 1.0 0.0277 27 0.0 
4 20 41.9034207767013 1546397.73033327 0.0 0.0 0.0 
1 1 0.0 1.0 0.0277 27 0.0 
4 19 41.8251317918958 1546397.73033444 0.0 0.0 0.0 
1 1 0.0 1.0 0.0277 27 0.0 
4 18 41.7468428070903 1546397.73033443 0.0 0.0 0.0 
1 1 0.0 1.0 0.0277 27 0.0 
4 17 41.6685538222848 1546397.73033443 0.0 0.0 0.0 
1 1 0.0 1.0 0.0277 27 0.0 
4 16 41.608162270695 839362.119326778 0.0 0.0 0.0 
1 1 0.0 1.0 0.0277 27 0.0 
4 957 42.9778658061941 793002.980710612 0.0 0.0 0.0 
1 1 0.0 1.0 0.0277 27 0.0 
4 926 42.9222032650832 1558470.36254446 0.0 0.0 0.0 
1 1 0.0 1.0 0.0277 27 0.0 
4 895 42.8484210800765 1558470.36254562 0.0 0.0 0.0 
1 1 0.0 1.0 0.0277 27 0.0 
4 864 42.7746388950697 1558470.36254562 0.0 0.0 0.0 
1 1 0.0 1.0 0.0277 27 0.0 
4 833 42.7008567100629 1558470.36254446 0.0 0.0 0.0 
1 1 0.0 1.0 0.0277 27 0.0 
4 802 42.6270745250562 1558470.36254562 0.0 0.0 0.0 
1 1 0.0 1.0 0.0277 27 0.0 
4 771 42.5532923400494 1558470.36254562 0.0 0.0 0.0 
1 1 0.0 1.0 0.0277 27 0.0 
4 740 42.4795101550426 1558470.36254562 0.0 0.0 0.0 
1 1 0.0 1.0 0.0277 27 0.0 
4 709 42.4057279700359 1558470.36254446 0.0 0.0 0.0 
1 1 0.0 1.0 0.0277 27 0.0 
4 678 42.3319457850291 1558470.36254563 0.0 0.0 0.0 
1 1 0.0 1.0 0.0277 27 0.0 
4 647 42.2581636000223 1558470.36254562 0.0 0.0 0.0 
1 1 0.0 1.0 0.0277 27 0.0 
4 616 42.1843814150156 1558470.36254446 0.0 0.0 0.0 
1 1 0.0 1.0 0.0277 27 0.0 
4 585 42.1105992300088 1558470.36254562 0.0 0.0 0.0 
1 1 0.0 1.0 0.0277 27 0.0 
4 554 42.036817045002 1558470.36254562 0.0 0.0 0.0 
1 1 0.0 1.0 0.0277 27 0.0 
4 523 41.9630348599953 1558470.36254446 0.0 0.0 0.0 
1 1 0.0 1.0 0.0277 27 0.0 
4 483 41.9096156976745 698231.06914262 0.0 0.0 0.0 
1 1 0.0 1.0 0.0277 27 0.0 
4 927 42.8615330550017 934462.350052176 0.0 0.0 0.0 
1 1 0.0 1.0 0.0277 27 0.0 
4 928 42.8055975111161 1546373.04399086 0.0 0.0 0.0 
1 1 0.0 1.0 0.0277 27 0.0 
4 929 42.7358651802461 1546373.04398969 0.0 0.0 0.0 
1 1 0.0 1.0 0.0277 27 0.0 
4 930 42.6661328493761 1546373.04399086 0.0 0.0 0.0 
1 1 0.0 1.0 0.0277 27 0.0 
4 931 42.596400518506 1546373.04399086 0.0 0.0 0.0 
1 1 0.0 1.0 0.0277 27 0.0 
4 932 42.526668187636 1546373.04399086 0.0 0.0 0.0 
1 1 0.0 1.0 0.0277 27 0.0 
4 933 42.456935856766 1546373.0439897 0.0 0.0 0.0 
1 1 0.0 1.0 0.0277 27 0.0 
4 934 42.387203525896 1546373.04399086 0.0 0.0 0.0 
1 1 0.0 1.0 0.0277 27 0.0 
4 935 42.317471195026 1546373.04399086 0.0 0.0 0.0 
1 1 0.0 1.0 0.0277 27 0.0 
4 936 42.2477388641559 1546373.04399086 0.0 0.0 0.0 
1 1 0.0 1.0 0.0277 27 0.0 
4 937 42.1780065332859 1546373.04399086 0.0 0.0 0.0 
1 1 0.0 1.0 0.0277 27 0.0 
4 938 42.1082742024159 1546373.0439897 0.0 0.0 0.0 
1 1 0.0 1.0 0.0277 27 0.0 
4 939 42.0385418715459 1546373.04399086 0.0 0.0 0.0 
1 1 0.0 1.0 0.0277 27 0.0 
4 940 41.9688095406758 1546373.04399086 0.0 0.0 0.0 
1 1 0.0 1.0 0.0277 27 0.0 
4 941 41.8990772098058 1546373.04399086 0.0 0.0 0.0 
1 1 0.0 1.0 0.0277 27 0.0 
4 942 41.8482859730386 706303.682223875 0.0 0.0 0.0 
1 1 0.0 1.0 0.0277 27 0.0 
4 435 41.7788333785845 698694.840145542 0.0 0.0 0.0 
1 1 0.0 1.0 0.0277 27 0.0 
4 484 41.8332521459983 1558462.26128169 0.0 0.0 0.0 
1 1 0.0 1.0 0.0277 27 0.0 
4 524 41.9083994144505 1558462.26128285 0.0 0.0 0.0 
1 1 0.0 1.0 0.0277 27 0.0 
4 555 41.9835466829027 1558462.26128285 0.0 0.0 0.0 
1 1 0.0 1.0 0.0277 27 0.0 
4 586 42.0586939513548 1558462.26128169 0.0 0.0 0.0 
1 1 0.0 1.0 0.0277 27 0.0 
4 617 42.133841219807 1558462.26128285 0.0 0.0 0.0 
1 1 0.0 1.0 0.0277 27 0.0 
4 648 42.2089884882592 1558462.26128285 0.0 0.0 0.0 
1 1 0.0 1.0 0.0277 27 0.0 
4 679 42.2841357567114 1558462.26128169 0.0 0.0 0.0 
1 1 0.0 1.0 0.0277 27 0.0 
4 710 42.3592830251636 1558462.26128285 0.0 0.0 0.0 
1 1 0.0 1.0 0.0277 27 0.0 
4 741 42.4344302936158 1558462.26128285 0.0 0.0 0.0 
1 1 0.0 1.0 0.0277 27 0.0 
4 772 42.509577562068 1558462.26128285 0.0 0.0 0.0 
1 1 0.0 1.0 0.0277 27 0.0 
4 803 42.5847248305202 1558462.26128169 0.0 0.0 0.0 
1 1 0.0 1.0 0.0277 27 0.0 
4 834 42.6598720989723 1558462.26128285 0.0 0.0 0.0 
1 1 0.0 1.0 0.0277 27 0.0 
4 865 42.7350193674245 1558462.26128285 0.0 0.0 0.0 
1 1 0.0 1.0 0.0277 27 0.0 
4 896 42.8101666358767 1558462.26128169 0.0 0.0 0.0 
1 1 0.0 1.0 0.0277 27 0.0 
4 927 42.8651713517776 722998.547333626 0.0 0.0 0.0 
1 1 0.0 1.0 0.0277 27 0.0 
4 16 41.6035851401611 707035.611006496 0.0 0.0 0.0 
1 1 0.0 1.0 0.0277 27 0.0 
4 15 41.6567148162905 1546397.73033443 0.0 0.0 0.0 
1 1 0.0 1.0 0.0277 27 0.0 
4 14 41.729634311243 1546397.73033444 0.0 0.0 0.0 
1 1 0.0 1.0 0.0277 27 0.0 
4 13 41.8025538061956 1546397.73033443 0.0 0.0 0.0 
1 1 0.0 1.0 0.0277 27 0.0 
4 12 41.8754733011481 1546397.73033327 0.0 0.0 0.0 
1 1 0.0 1.0 0.0277 27 0.0 
4 11 41.9483927961006 1546397.73033444 0.0 0.0 0.0 
1 1 0.0 1.0 0.0277 27 0.0 
4 10 42.0213122910532 1546397.73033443 0.0 0.0 0.0 
1 1 0.0 1.0 0.0277 27 0.0 
4 9 42.0942317860057 1546397.73033444 0.0 0.0 0.0 
1 1 0.0 1.0 0.0277 27 0.0 
4 8 42.1671512809583 1546397.73033443 0.0 0.0 0.0 
1 1 0.0 1.0 0.0277 27 0.0 
4 7 42.2400707759108 1546397.73033327 0.0 0.0 0.0 
1 1 0.0 1.0 0.0277 27 0.0 
4 6 42.3129902708633 1546397.73033444 0.0 0.0 0.0 
1 1 0.0 1.0 0.0277 27 0.0 
4 5 42.3859097658159 1546397.73033443 0.0 0.0 0.0 
1 1 0.0 1.0 0.0277 27 0.0 
4 4 42.4588292607684 1546397.73033443 0.0 0.0 0.0 
1 1 0.0 1.0 0.0277 27 0.0 
4 3 42.5317487557209 1546397.73033327 0.0 0.0 0.0 
1 1 0.0 1.0 0.0277 27 0.0 
4 2 42.6046682506735 1546397.73033443 0.0 0.0 0.0 
1 1 0.0 1.0 0.0277 27 0.0 
4 1 42.6599828494915 799706.562414698 0.0 0.0 0.0 
1 1 0.0 1.0 0.0277 27 0.0 
4 483 41.9100746807349 860239.293403004 0.0 0.0 0.0 
1 1 0.0 1.0 0.0277 27 0.0 
4 434 41.9578366803746 1558470.36254563 0.0 0.0 0.0 
1 1 0.0 1.0 0.0277 27 0.0 
4 403 42.0193865738984 1558470.36254562 0.0 0.0 0.0 
1 1 0.0 1.0 0.0277 27 0.0 
4 372 42.0809364674222 1558470.36254446 0.0 0.0 0.0 
1 1 0.0 1.0 0.0277 27 0.0 
4 341 42.142486360946 1558470.36254562 0.0 0.0 0.0 
1 1 0.0 1.0 0.0277 27 0.0 
4 310 42.2040362544699 1558470.36254562 0.0 0.0 0.0 
1 1 0.0 1.0 0.0277 27 0.0 
4 279 42.2655861479937 1558470.36254446 0.0 0.0 0.0 
1 1 0.0 1.0 0.0277 27 0.0 
4 248 42.3271360415175 1558470.36254563 0.0 0.0 0.0 
1 1 0.0 1.0 0.0277 27 0.0 
4 217 42.3886859350413 1558470.36254562 0.0 0.0 0.0 
1 1 0.0 1.0 0.0277 27 0.0 
4 186 42.4502358285651 1558470.36254446 0.0 0.0 0.0 
1 1 0.0 1.0 0.0277 27 0.0 
4 155 42.5117857220889 1558470.36254562 0.0 0.0 0.0 
1 1 0.0 1.0 0.0277 27 0.0 
4 124 42.5733356156127 1558470.36254562 0.0 0.0 0.0 
1 1 0.0 1.0 0.0277 27 0.0 
4 93 42.6348855091366 1558470.36254563 0.0 0.0 0.0 
1 1 0.0 1.0 0.0277 27 0.0 
4 62 42.6964354026604 1558470.36254446 0.0 0.0 0.0 
1 1 0.0 1.0 0.0277 27 0.0 
4 31 42.7491346536 1110266.04025697 0.0 0.0 0.0 
1 1 0.0 1.0 0.0277 27 0.0 
4 942 41.8534490903854 840069.361765821 0.0 0.0 0.0 
1 1 0.0 1.0 0.0277 27 0.0 
4 943 41.9133557481147 1546373.04399086 0.0 0.0 0.0 
1 1 0.0 1.0 0.0277 27 0.0 
4 944 41.9909926862153 1546373.04399086 0.0 0.0 0.0 
1 1 0.0 1.0 0.0277 27 0.0 
4 945 42.0686296243159 1546373.04399086 0.0 0.0 0.0 
1 1 0.0 1.0 0.0277 27 0.0 
4 946 42.1462665624165 1546373.0439897 0.0 0.0 0.0 
1 1 0.0 1.0 0.0277 27 0.0 
4 947 42.223903500517 1546373.04399086 0.0 0.0 0.0 
1 1 0.0 1.0 0.0277 27 0.0 
4 948 42.3015404386176 1546373.04399086 0.0 0.0 0.0 
1 1 0.0 1.0 0.0277 27 0.0 
4 949 42.3791773767182 1546373.04399086 0.0 0.0 0.0 
1 1 0.0 1.0 0.0277 27 0.0 
4 950 42.4568143148188 1546373.04399086 0.0 0.0 0.0 
1 1 0.0 1.0 0.0277 27 0.0 
4 951 42.5344512529194 1546373.0439897 0.0 0.0 0.0 
1 1 0.0 1.0 0.0277 27 0.0 
4 952 42.61208819102 1546373.04399086 0.0 0.0 0.0 
1 1 0.0 1.0 0.0277 27 0.0 
4 953 42.6897251291206 1546373.04399086 0.0 0.0 0.0 
1 1 0.0 1.0 0.0277 27 0.0 
4 954 42.7673620672212 1546373.04399086 0.0 0.0 0.0 
1 1 0.0 1.0 0.0277 27 0.0 
4 955 42.8449990053218 1546373.0439897 0.0 0.0 0.0 
1 1 0.0 1.0 0.0277 27 0.0 
4 956 42.9226359434224 1546373.04399086 0.0 0.0 0.0 
1 1 0.0 1.0 0.0277 27 0.0 
4 957 42.9790458336371 700772.085034537 0.0 0.0 0.0 
1 1 0.0 1.0 0.0277 27 0.0 
