1 1 13.4123996083333 0.0 0.0 0.0 
1 2 13.4123996083333 0.0 0.0 0.0 
1 3 13.4123996083333 0.0 0.0 0.0 
1 4 13.4123996083333 0.0 0.0 0.0 
1 5 13.4123996083333 0.0 0.0 0.0 
1 6 13.4123996083333 0.0 0.0 0.0 
1 7 13.4123996083333 0.0 0.0 0.0 
1 8 13.4123996083333 0.0 0.0 0.0 
1 9 13.4123996083333 0.0 0.0 0.0 
1 10 13.4123996083333 0.0 0.0 0.0 
1 11 13.4123996083333 0.0 0.0 0.0 
1 12 13.4123996083333 0.0 0.0 0.0 
1 13 13.4123996083333 0.0 0.0 0.0 
1 14 13.4123996083333 0.0 0.0 0.0 
1 15 13.4123996083333 0.0 0.0 0.0 
1 16 13.4123996083333 0.0 0.0 0.0 
1 17 13.4123996083333 0.0 0.0 0.0 
1 18 13.4123996083333 0.0 0.0 0.0 
1 19 13.4123996083333 0.0 0.0 0.0 
1 20 13.4123996083333 0.0 0.0 0.0 
1 21 13.4123996083333 0.0 0.0 0.0 
1 22 13.4123996083333 0.0 0.0 0.0 
1 23 13.4123996083333 0.0 0.0 0.0 
1 24 13.4123996083333 0.0 0.0 0.0 
1 25 13.4123996083333 0.0 0.0 0.0 
1 26 13.4123996083333 0.0 0.0 0.0 
1 27 13.4123996083333 0.0 0.0 0.0 
1 28 13.4123996083333 0.0 0.0 0.0 
1 29 13.4123996083333 0.0 0.0 0.0 
1 30 13.4123996083333 0.0 0.0 0.0 
1 31 13.4123996083333 0.0 0.0 0.0 
1 32 13.4123996083333 0.0 0.0 0.0 
1 33 13.4123996083333 0.0 0.0 0.0 
1 34 13.4123996083333 0.0 0.0 0.0 
1 35 13.4123996083333 0.0 0.0 0.0 
1 36 13.4123996083333 0.0 0.0 0.0 
1 37 13.4123996083333 0.0 0.0 0.0 
1 38 13.4123996083333 0.0 0.0 0.0 
1 39 13.4123996083333 0.0 0.0 0.0 
1 40 13.4123996083333 0.0 0.0 0.0 
1 41 13.4123996083333 0.0 0.0 0.0 
1 42 13.4123996083333 0.0 0.0 0.0 
1 43 13.4123996083333 0.0 0.0 0.0 
1 44 13.4123996083333 0.0 0.0 0.0 
1 45 13.4123996083333 0.0 0.0 0.0 
1 46 13.4123996083333 0.0 0.0 0.0 
1 47 13.4123996083333 0.0 0.0 0.0 
1 48 13.4123996083333 0.0 0.0 0.0 
1 49 13.4123996083333 0.0 0.0 0.0 
1 50 13.4123996083333 0.0 0.0 0.0 
1 51 13.4123996083333 0.0 0.0 0.0 
1 52 13.4123996083333 0.0 0.0 0.0 
1 53 13.4123996083333 0.0 0.0 0.0 
1 54 13.4123996083333 0.0 0.0 0.0 
1 55 13.4123996083333 0.0 0.0 0.0 
1 56 13.4123996083333 0.0 0.0 0.0 
1 57 13.4123996083333 0.0 0.0 0.0 
1 58 13.4123996083333 0.0 0.0 0.0 
1 59 13.4123996083333 0.0 0.0 0.0 
1 60 13.4123996083333 0.0 0.0 0.0 
1 61 13.4123996083333 0.0 0.0 0.0 
1 62 13.4123996083333 0.0 0.0 0.0 
1 63 13.4123996083333 0.0 0.0 0.0 
1 64 13.4123996083333 0.0 0.0 0.0 
1 65 13.4123996083333 0.0 0.0 0.0 
1 66 13.4123996083333 0.0 0.0 0.0 
1 67 13.4123996083333 0.0 0.0 0.0 
1 68 13.4123996083333 0.0 0.0 0.0 
1 69 13.4123996083333 0.0 0.0 0.0 
1 70 13.4123996083333 0.0 0.0 0.0 
1 71 13.4123996083333 0.0 0.0 0.0 
1 72 13.4123996083333 0.0 0.0 0.0 
1 73 13.4123996083333 0.0 0.0 0.0 
1 74 13.4123996083333 0.0 0.0 0.0 
1 75 13.4123996083333 0.0 0.0 0.0 
1 76 13.4123996083333 0.0 0.0 0.0 
1 77 13.4123996083333 0.0 0.0 0.0 
1 78 13.4123996083333 0.0 0.0 0.0 
1 79 13.4123996083333 0.0 0.0 0.0 
1 80 13.4123996083333 0.0 0.0 0.0 
1 81 13.4123996083333 0.0 0.0 0.0 
1 82 13.4123996083333 0.0 0.0 0.0 
1 83 13.4123996083333 0.0 0.0 0.0 
1 84 13.4123996083333 0.0 0.0 0.0 
1 85 13.4123996083333 0.0 0.0 0.0 
1 86 13.4123996083333 0.0 0.0 0.0 
1 87 13.4123996083333 0.0 0.0 0.0 
1 88 13.4123996083333 0.0 0.0 0.0 
1 89 13.4123996083333 0.0 0.0 0.0 
1 90 13.4123996083333 0.0 0.0 0.0 
1 91 13.4123996083333 0.0 0.0 0.0 
1 92 13.4123996083333 0.0 0.0 0.0 
1 93 13.4123996083333 0.0 0.0 0.0 
1 94 13.4123996083333 0.0 0.0 0.0 
1 95 13.4123996083333 0.0 0.0 0.0 
1 96 13.4123996083333 0.0 0.0 0.0 
1 97 13.4123996083333 0.0 0.0 0.0 
1 98 13.4123996083333 0.0 0.0 0.0 
1 99 13.4123996083333 0.0 0.0 0.0 
1 100 13.4123996083333 0.0 0.0 0.0 
1 101 13.4123996083333 0.0 0.0 0.0 
1 102 13.4123996083333 0.0 0.0 0.0 
1 103 13.4123996083333 0.0 0.0 0.0 
1 104 13.4123996083333 0.0 0.0 0.0 
1 105 13.4123996083333 0.0 0.0 0.0 
1 106 13.4123996083333 0.0 0.0 0.0 
1 107 13.4123996083333 0.0 0.0 0.0 
1 108 13.4123996083333 0.0 0.0 0.0 
1 109 13.4123996083333 0.0 0.0 0.0 
1 110 13.4123996083333 0.0 0.0 0.0 
1 111 13.4123996083333 0.0 0.0 0.0 
1 112 13.4123996083333 0.0 0.0 0.0 
1 113 13.4123996083333 0.0 0.0 0.0 
1 114 13.4123996083333 0.0 0.0 0.0 
1 115 13.4123996083333 0.0 0.0 0.0 
1 116 13.4123996083333 0.0 0.0 0.0 
1 117 13.4123996083333 0.0 0.0 0.0 
1 118 13.4123996083333 0.0 0.0 0.0 
1 119 13.4123996083333 0.0 0.0 0.0 
1 120 13.4123996083333 0.0 0.0 0.0 
1 121 13.4123996083333 0.0 0.0 0.0 
1 122 13.4123996083333 0.0 0.0 0.0 
1 123 13.4123996083333 0.0 0.0 0.0 
1 124 13.4123996083333 0.0 0.0 0.0 
1 125 13.4123996083333 0.0 0.0 0.0 
1 126 13.4123996083333 0.0 0.0 0.0 
1 127 13.4123996083333 0.0 0.0 0.0 
1 128 13.4123996083333 0.0 0.0 0.0 
1 129 13.4123996083333 0.0 0.0 0.0 
1 130 13.4123996083333 0.0 0.0 0.0 
1 131 13.4123996083333 0.0 0.0 0.0 
1 132 13.4123996083333 0.0 0.0 0.0 
1 133 13.4123996083333 0.0 0.0 0.0 
1 134 13.4123996083333 0.0 0.0 0.0 
1 135 13.4123996083333 0.0 0.0 0.0 
1 136 13.4123996083333 0.0 0.0 0.0 
1 137 13.4123996083333 0.0 0.0 0.0 
1 138 13.4123996083333 0.0 0.0 0.0 
1 139 13.4123996083333 0.0 0.0 0.0 
1 140 13.4123996083333 0.0 0.0 0.0 
1 141 13.4123996083333 0.0 0.0 0.0 
1 142 13.4123996083333 0.0 0.0 0.0 
1 143 13.4123996083333 0.0 0.0 0.0 
1 144 13.4123996083333 0.0 0.0 0.0 
1 145 13.4123996083333 0.0 0.0 0.0 
1 146 13.4123996083333 0.0 0.0 0.0 
1 147 13.4123996083333 0.0 0.0 0.0 
1 148 13.4123996083333 0.0 0.0 0.0 
1 149 13.4123996083333 0.0 0.0 0.0 
1 150 13.4123996083333 0.0 0.0 0.0 
1 151 13.4123996083333 0.0 0.0 0.0 
1 152 13.4123996083333 0.0 0.0 0.0 
1 153 13.4123996083333 0.0 0.0 0.0 
1 154 13.4123996083333 0.0 0.0 0.0 
1 155 13.4123996083333 0.0 0.0 0.0 
1 156 13.4123996083333 0.0 0.0 0.0 
1 157 13.4123996083333 0.0 0.0 0.0 
1 158 13.4123996083333 0.0 0.0 0.0 
1 159 13.4123996083333 0.0 0.0 0.0 
1 160 13.4123996083333 0.0 0.0 0.0 
1 161 13.4123996083333 0.0 0.0 0.0 
1 162 13.4123996083333 0.0 0.0 0.0 
1 163 13.4123996083333 0.0 0.0 0.0 
1 164 13.4123996083333 0.0 0.0 0.0 
1 165 13.4123996083333 0.0 0.0 0.0 
1 166 13.4123996083333 0.0 0.0 0.0 
1 167 13.4123996083333 0.0 0.0 0.0 
1 168 13.4123996083333 0.0 0.0 0.0 
1 169 13.4123996083333 0.0 0.0 0.0 
1 170 13.4123996083333 0.0 0.0 0.0 
1 171 13.4123996083333 0.0 0.0 0.0 
1 172 13.4123996083333 0.0 0.0 0.0 
1 173 13.4123996083333 0.0 0.0 0.0 
1 174 13.4123996083333 0.0 0.0 0.0 
1 175 13.4123996083333 0.0 0.0 0.0 
1 176 13.4123996083333 0.0 0.0 0.0 
1 177 13.4123996083333 0.0 0.0 0.0 
1 178 13.4123996083333 0.0 0.0 0.0 
1 179 13.4123996083333 0.0 0.0 0.0 
1 180 13.4123996083333 0.0 0.0 0.0 
1 181 13.4123996083333 0.0 0.0 0.0 
1 182 13.4123996083333 0.0 0.0 0.0 
1 183 13.4123996083333 0.0 0.0 0.0 
1 184 13.4123996083333 0.0 0.0 0.0 
1 185 13.4123996083333 0.0 0.0 0.0 
1 186 13.4123996083333 0.0 0.0 0.0 
1 187 13.4123996083333 0.0 0.0 0.0 
1 188 13.4123996083333 0.0 0.0 0.0 
1 189 13.4123996083333 0.0 0.0 0.0 
1 190 13.4123996083333 0.0 0.0 0.0 
1 191 13.4123996083333 0.0 0.0 0.0 
1 192 13.4123996083333 0.0 0.0 0.0 
1 193 13.4123996083333 0.0 0.0 0.0 
1 194 13.4123996083333 0.0 0.0 0.0 
1 195 13.4123996083333 0.0 0.0 0.0 
1 196 13.4123996083333 0.0 0.0 0.0 
1 197 13.4123996083333 0.0 0.0 0.0 
1 198 13.4123996083333 0.0 0.0 0.0 
1 199 13.4123996083333 0.0 0.0 0.0 
1 200 13.4123996083333 0.0 0.0 0.0 
1 201 13.4123996083333 0.0 0.0 0.0 
1 202 13.4123996083333 0.0 0.0 0.0 
1 203 13.4123996083333 0.0 0.0 0.0 
1 204 13.4123996083333 0.0 0.0 0.0 
1 205 13.4123996083333 0.0 0.0 0.0 
1 206 13.4123996083333 0.0 0.0 0.0 
1 207 13.4123996083333 0.0 0.0 0.0 
1 208 13.4123996083333 0.0 0.0 0.0 
1 209 13.4123996083333 0.0 0.0 0.0 
1 210 13.4123996083333 0.0 0.0 0.0 
1 211 13.4123996083333 0.0 0.0 0.0 
1 212 13.4123996083333 0.0 0.0 0.0 
1 213 13.4123996083333 0.0 0.0 0.0 
1 214 13.4123996083333 0.0 0.0 0.0 
1 215 13.4123996083333 0.0 0.0 0.0 
1 216 13.4123996083333 0.0 0.0 0.0 
1 217 13.4123996083333 0.0 0.0 0.0 
1 218 13.4123996083333 0.0 0.0 0.0 
1 219 13.4123996083333 0.0 0.0 0.0 
1 220 13.4123996083333 0.0 0.0 0.0 
1 221 13.4123996083333 0.0 0.0 0.0 
1 222 13.4123996083333 0.0 0.0 0.0 
1 223 13.4123996083333 0.0 0.0 0.0 
1 224 13.4123996083333 0.0 0.0 0.0 
1 225 13.4123996083333 0.0 0.0 0.0 
1 226 13.4123996083333 0.0 0.0 0.0 
1 227 13.4123996083333 0.0 0.0 0.0 
1 228 13.4123996083333 0.0 0.0 0.0 
1 229 13.4123996083333 0.0 0.0 0.0 
1 230 13.4123996083333 0.0 0.0 0.0 
1 231 13.4123996083333 0.0 0.0 0.0 
1 232 13.4123996083333 0.0 0.0 0.0 
1 233 13.4123996083333 0.0 0.0 0.0 
1 234 13.4123996083333 0.0 0.0 0.0 
1 235 13.4123996083333 0.0 0.0 0.0 
1 236 13.4123996083333 0.0 0.0 0.0 
1 237 13.4123996083333 0.0 0.0 0.0 
1 238 13.4123996083333 0.0 0.0 0.0 
1 239 13.4123996083333 0.0 0.0 0.0 
1 240 13.4123996083333 0.0 0.0 0.0 
1 241 13.4123996083333 0.0 0.0 0.0 
1 242 13.4123996083333 0.0 0.0 0.0 
1 243 13.4123996083333 0.0 0.0 0.0 
1 244 13.4123996083333 0.0 0.0 0.0 
1 245 13.4123996083333 0.0 0.0 0.0 
1 246 13.4123996083333 0.0 0.0 0.0 
1 247 13.4123996083333 0.0 0.0 0.0 
1 248 13.4123996083333 0.0 0.0 0.0 
1 249 13.4123996083333 0.0 0.0 0.0 
1 250 13.4123996083333 0.0 0.0 0.0 
1 251 13.4123996083333 0.0 0.0 0.0 
1 252 13.4123996083333 0.0 0.0 0.0 
1 253 13.4123996083333 0.0 0.0 0.0 
1 254 13.4123996083333 0.0 0.0 0.0 
1 255 13.4123996083333 0.0 0.0 0.0 
1 256 13.4123996083333 0.0 0.0 0.0 
1 257 13.4123996083333 0.0 0.0 0.0 
1 258 13.4123996083333 0.0 0.0 0.0 
1 259 13.4123996083333 0.0 0.0 0.0 
1 260 13.4123996083333 0.0 0.0 0.0 
1 261 13.4123996083333 0.0 0.0 0.0 
1 262 13.4123996083333 0.0 0.0 0.0 
1 263 13.4123996083333 0.0 0.0 0.0 
1 264 13.4123996083333 0.0 0.0 0.0 
1 265 13.4123996083333 0.0 0.0 0.0 
1 266 13.4123996083333 0.0 0.0 0.0 
1 267 13.4123996083333 0.0 0.0 0.0 
1 268 13.4123996083333 0.0 0.0 0.0 
1 269 13.4123996083333 0.0 0.0 0.0 
1 270 13.4123996083333 0.0 0.0 0.0 
1 271 13.4123996083333 0.0 0.0 0.0 
1 272 13.4123996083333 0.0 0.0 0.0 
1 273 13.4123996083333 0.0 0.0 0.0 
1 274 13.4123996083333 0.0 0.0 0.0 
1 275 13.4123996083333 0.0 0.0 0.0 
1 276 13.4123996083333 0.0 0.0 0.0 
1 277 13.4123996083333 0.0 0.0 0.0 
1 278 13.4123996083333 0.0 0.0 0.0 
1 279 13.4123996083333 0.0 0.0 0.0 
1 280 13.4123996083333 0.0 0.0 0.0 
1 281 13.4123996083333 0.0 0.0 0.0 
1 282 13.4123996083333 0.0 0.0 0.0 
1 283 13.4123996083333 0.0 0.0 0.0 
1 284 13.4123996083333 0.0 0.0 0.0 
1 285 13.4123996083333 0.0 0.0 0.0 
1 286 13.4123996083333 0.0 0.0 0.0 
1 287 13.4123996083333 0.0 0.0 0.0 
1 288 13.4123996083333 0.0 0.0 0.0 
1 289 13.4123996083333 0.0 0.0 0.0 
1 290 13.4123996083333 0.0 0.0 0.0 
1 291 13.4123996083333 0.0 0.0 0.0 
1 292 13.4123996083333 0.0 0.0 0.0 
1 293 13.4123996083333 0.0 0.0 0.0 
1 294 13.4123996083333 0.0 0.0 0.0 
1 295 13.4123996083333 0.0 0.0 0.0 
1 296 13.4123996083333 0.0 0.0 0.0 
1 297 13.4123996083333 0.0 0.0 0.0 
1 298 13.4123996083333 0.0 0.0 0.0 
1 299 13.4123996083333 0.0 0.0 0.0 
1 300 13.4123996083333 0.0 0.0 0.0 
1 301 13.4123996083333 0.0 0.0 0.0 
1 302 13.4123996083333 0.0 0.0 0.0 
1 303 13.4123996083333 0.0 0.0 0.0 
1 304 13.4123996083333 0.0 0.0 0.0 
1 305 13.4123996083333 0.0 0.0 0.0 
1 306 13.4123996083333 0.0 0.0 0.0 
1 307 13.4123996083333 0.0 0.0 0.0 
1 308 13.4123996083333 0.0 0.0 0.0 
1 309 13.4123996083333 0.0 0.0 0.0 
1 310 13.4123996083333 0.0 0.0 0.0 
1 311 13.4123996083333 0.0 0.0 0.0 
1 312 13.4123996083333 0.0 0.0 0.0 
1 313 13.4123996083333 0.0 0.0 0.0 
1 314 13.4123996083333 0.0 0.0 0.0 
1 315 13.4123996083333 0.0 0.0 0.0 
1 316 13.4123996083333 0.0 0.0 0.0 
1 317 13.4123996083333 0.0 0.0 0.0 
1 318 13.4123996083333 0.0 0.0 0.0 
1 319 13.4123996083333 0.0 0.0 0.0 
1 320 13.4123996083333 0.0 0.0 0.0 
1 321 13.4123996083333 0.0 0.0 0.0 
1 322 13.4123996083333 0.0 0.0 0.0 
1 323 13.4123996083333 0.0 0.0 0.0 
1 324 13.4123996083333 0.0 0.0 0.0 
1 325 13.4123996083333 0.0 0.0 0.0 
1 326 13.4123996083333 0.0 0.0 0.0 
1 327 13.4123996083333 0.0 0.0 0.0 
1 328 13.4123996083333 0.0 0.0 0.0 
1 329 13.4123996083333 0.0 0.0 0.0 
1 330 13.4123996083333 0.0 0.0 0.0 
1 331 13.4123996083333 0.0 0.0 0.0 
1 332 13.4123996083333 0.0 0.0 0.0 
1 333 13.4123996083333 0.0 0.0 0.0 
1 334 13.4123996083333 0.0 0.0 0.0 
1 335 13.4123996083333 0.0 0.0 0.0 
1 336 13.4123996083333 0.0 0.0 0.0 
1 337 13.4123996083333 0.0 0.0 0.0 
1 338 13.4123996083333 0.0 0.0 0.0 
1 339 13.4123996083333 0.0 0.0 0.0 
1 340 13.4123996083333 0.0 0.0 0.0 
1 341 13.4123996083333 0.0 0.0 0.0 
1 342 13.4123996083333 0.0 0.0 0.0 
1 343 13.4123996083333 0.0 0.0 0.0 
1 344 13.4123996083333 0.0 0.0 0.0 
1 345 13.4123996083333 0.0 0.0 0.0 
1 346 13.4123996083333 0.0 0.0 0.0 
1 347 13.4123996083333 0.0 0.0 0.0 
1 348 13.4123996083333 0.0 0.0 0.0 
1 349 13.4123996083333 0.0 0.0 0.0 
1 350 13.4123996083333 0.0 0.0 0.0 
1 351 13.4123996083333 0.0 0.0 0.0 
1 352 13.4123996083333 0.0 0.0 0.0 
1 353 13.4123996083333 0.0 0.0 0.0 
1 354 13.4123996083333 0.0 0.0 0.0 
1 355 13.4123996083333 0.0 0.0 0.0 
1 356 13.4123996083333 0.0 0.0 0.0 
1 357 13.4123996083333 0.0 0.0 0.0 
1 358 13.4123996083333 0.0 0.0 0.0 
1 359 13.4123996083333 0.0 0.0 0.0 
1 360 13.4123996083333 0.0 0.0 0.0 
1 361 13.4123996083333 0.0 0.0 0.0 
1 362 13.4123996083333 0.0 0.0 0.0 
1 363 13.4123996083333 0.0 0.0 0.0 
1 364 13.4123996083333 0.0 0.0 0.0 
1 365 13.4123996083333 0.0 0.0 0.0 
1 366 13.4123996083333 0.0 0.0 0.0 
1 367 13.4123996083333 0.0 0.0 0.0 
1 368 13.4123996083333 0.0 0.0 0.0 
1 369 13.4123996083333 0.0 0.0 0.0 
1 370 13.4123996083333 0.0 0.0 0.0 
1 371 13.4123996083333 0.0 0.0 0.0 
1 372 13.4123996083333 0.0 0.0 0.0 
1 373 13.4123996083333 0.0 0.0 0.0 
1 374 13.4123996083333 0.0 0.0 0.0 
1 375 13.4123996083333 0.0 0.0 0.0 
1 376 13.4123996083333 0.0 0.0 0.0 
1 377 13.4123996083333 0.0 0.0 0.0 
1 378 13.4123996083333 0.0 0.0 0.0 
1 379 13.4123996083333 0.0 0.0 0.0 
1 380 13.4123996083333 0.0 0.0 0.0 
1 381 13.4123996083333 0.0 0.0 0.0 
1 382 13.4123996083333 0.0 0.0 0.0 
1 383 13.4123996083333 0.0 0.0 0.0 
1 384 13.4123996083333 0.0 0.0 0.0 
1 385 13.4123996083333 0.0 0.0 0.0 
1 386 13.4123996083333 0.0 0.0 0.0 
1 387 13.4123996083333 0.0 0.0 0.0 
1 388 13.4123996083333 0.0 0.0 0.0 
1 389 13.4123996083333 0.0 0.0 0.0 
1 390 13.4123996083333 0.0 0.0 0.0 
1 391 13.4123996083333 0.0 0.0 0.0 
1 392 13.4123996083333 0.0 0.0 0.0 
1 393 13.4123996083333 0.0 0.0 0.0 
1 394 13.4123996083333 0.0 0.0 0.0 
1 395 13.4123996083333 0.0 0.0 0.0 
1 396 13.4123996083333 0.0 0.0 0.0 
1 397 13.4123996083333 0.0 0.0 0.0 
1 398 13.4123996083333 0.0 0.0 0.0 
1 399 13.4123996083333 0.0 0.0 0.0 
1 400 13.4123996083333 0.0 0.0 0.0 
1 401 13.4123996083333 0.0 0.0 0.0 
1 402 13.4123996083333 0.0 0.0 0.0 
1 403 13.4123996083333 0.0 0.0 0.0 
1 404 13.4123996083333 0.0 0.0 0.0 
1 405 13.4123996083333 0.0 0.0 0.0 
1 406 13.4123996083333 0.0 0.0 0.0 
1 407 13.4123996083333 0.0 0.0 0.0 
1 408 13.4123996083333 0.0 0.0 0.0 
1 409 13.4123996083333 0.0 0.0 0.0 
1 410 13.4123996083333 0.0 0.0 0.0 
1 411 13.4123996083333 0.0 0.0 0.0 
1 412 13.4123996083333 0.0 0.0 0.0 
1 413 13.4123996083333 0.0 0.0 0.0 
1 414 13.4123996083333 0.0 0.0 0.0 
1 415 13.4123996083333 0.0 0.0 0.0 
1 416 13.4123996083333 0.0 0.0 0.0 
1 417 13.4123996083333 0.0 0.0 0.0 
1 418 13.4123996083333 0.0 0.0 0.0 
1 419 13.4123996083333 0.0 0.0 0.0 
1 420 13.4123996083333 0.0 0.0 0.0 
1 421 13.4123996083333 0.0 0.0 0.0 
1 422 13.4123996083333 0.0 0.0 0.0 
1 423 13.4123996083333 0.0 0.0 0.0 
1 424 13.4123996083333 0.0 0.0 0.0 
1 425 13.4123996083333 0.0 0.0 0.0 
1 426 13.4123996083333 0.0 0.0 0.0 
1 427 13.4123996083333 0.0 0.0 0.0 
1 428 13.4123996083333 0.0 0.0 0.0 
1 429 13.4123996083333 0.0 0.0 0.0 
1 430 13.4123996083333 0.0 0.0 0.0 
1 431 13.4123996083333 0.0 0.0 0.0 
1 432 13.4123996083333 0.0 0.0 0.0 
1 433 13.4123996083333 0.0 0.0 0.0 
1 434 13.4123996083333 0.0 0.0 0.0 
1 435 13.4123996083333 0.0 0.0 0.0 
1 436 13.4123996083333 0.0 0.0 0.0 
1 437 13.4123996083333 0.0 0.0 0.0 
1 438 13.4123996083333 0.0 0.0 0.0 
1 439 13.4123996083333 0.0 0.0 0.0 
1 440 13.4123996083333 0.0 0.0 0.0 
1 441 13.4123996083333 0.0 0.0 0.0 
1 442 13.4123996083333 0.0 0.0 0.0 
1 443 13.4123996083333 0.0 0.0 0.0 
1 444 13.4123996083333 0.0 0.0 0.0 
1 445 13.4123996083333 0.0 0.0 0.0 
1 446 13.4123996083333 0.0 0.0 0.0 
1 447 13.4123996083333 0.0 0.0 0.0 
1 448 13.4123996083333 0.0 0.0 0.0 
1 449 13.4123996083333 0.0 0.0 0.0 
1 450 13.4123996083333 0.0 0.0 0.0 
1 451 13.4123996083333 0.0 0.0 0.0 
1 452 13.4123996083333 0.0 0.0 0.0 
1 453 13.4123996083333 0.0 0.0 0.0 
1 454 13.4123996083333 0.0 0.0 0.0 
1 455 13.4123996083333 0.0 0.0 0.0 
1 456 13.4123996083333 0.0 0.0 0.0 
1 457 13.4123996083333 0.0 0.0 0.0 
1 458 13.4123996083333 0.0 0.0 0.0 
1 459 13.4123996083333 0.0 0.0 0.0 
1 460 13.4123996083333 0.0 0.0 0.0 
1 461 13.4123996083333 0.0 0.0 0.0 
1 462 13.4123996083333 0.0 0.0 0.0 
1 463 13.4123996083333 0.0 0.0 0.0 
1 464 13.4123996083333 0.0 0.0 0.0 
1 465 13.4123996083333 0.0 0.0 0.0 
1 466 13.4123996083333 0.0 0.0 0.0 
1 467 13.4123996083333 0.0 0.0 0.0 
1 468 13.4123996083333 0.0 0.0 0.0 
1 469 13.4123996083333 0.0 0.0 0.0 
1 470 13.4123996083333 0.0 0.0 0.0 
1 471 13.4123996083333 0.0 0.0 0.0 
1 472 13.4123996083333 0.0 0.0 0.0 
1 473 13.4123996083333 0.0 0.0 0.0 
1 474 13.4123996083333 0.0 0.0 0.0 
1 475 13.4123996083333 0.0 0.0 0.0 
1 476 13.4123996083333 0.0 0.0 0.0 
1 477 13.4123996083333 0.0 0.0 0.0 
1 478 13.4123996083333 0.0 0.0 0.0 
1 479 13.4123996083333 0.0 0.0 0.0 
1 480 13.4123996083333 0.0 0.0 0.0 
1 481 13.4123996083333 0.0 0.0 0.0 
1 482 13.4123996083333 0.0 0.0 0.0 
1 483 13.4123996083333 0.0 0.0 0.0 
1 484 13.4123996083333 0.0 0.0 0.0 
1 485 13.4123996083333 0.0 0.0 0.0 
1 486 13.4123996083333 0.0 0.0 0.0 
1 487 13.4123996083333 0.0 0.0 0.0 
1 488 13.4123996083333 0.0 0.0 0.0 
1 489 13.4123996083333 0.0 0.0 0.0 
1 490 13.4123996083333 0.0 0.0 0.0 
1 491 13.4123996083333 0.0 0.0 0.0 
1 492 13.4123996083333 0.0 0.0 0.0 
1 493 13.4123996083333 0.0 0.0 0.0 
1 494 13.4123996083333 0.0 0.0 0.0 
1 495 13.4123996083333 0.0 0.0 0.0 
1 496 13.4123996083333 0.0 0.0 0.0 
1 497 13.4123996083333 0.0 0.0 0.0 
1 498 13.4123996083333 0.0 0.0 0.0 
1 499 13.4123996083333 0.0 0.0 0.0 
1 500 13.4123996083333 0.0 0.0 0.0 
1 501 13.4123996083333 0.0 0.0 0.0 
1 502 13.4123996083333 0.0 0.0 0.0 
1 503 13.4123996083333 0.0 0.0 0.0 
1 504 13.4123996083333 0.0 0.0 0.0 
1 505 13.4123996083333 0.0 0.0 0.0 
1 506 13.4123996083333 0.0 0.0 0.0 
1 507 13.4123996083333 0.0 0.0 0.0 
1 508 13.4123996083333 0.0 0.0 0.0 
1 509 13.4123996083333 0.0 0.0 0.0 
1 510 13.4123996083333 0.0 0.0 0.0 
1 511 13.4123996083333 0.0 0.0 0.0 
1 512 13.4123996083333 0.0 0.0 0.0 
1 513 13.4123996083333 0.0 0.0 0.0 
1 514 13.4123996083333 0.0 0.0 0.0 
1 515 13.4123996083333 0.0 0.0 0.0 
1 516 13.4123996083333 0.0 0.0 0.0 
1 517 13.4123996083333 0.0 0.0 0.0 
1 518 13.4123996083333 0.0 0.0 0.0 
1 519 13.4123996083333 0.0 0.0 0.0 
1 520 13.4123996083333 0.0 0.0 0.0 
1 521 13.4123996083333 0.0 0.0 0.0 
1 522 13.4123996083333 0.0 0.0 0.0 
1 523 13.4123996083333 0.0 0.0 0.0 
1 524 13.4123996083333 0.0 0.0 0.0 
1 525 13.4123996083333 0.0 0.0 0.0 
1 526 13.4123996083333 0.0 0.0 0.0 
1 527 13.4123996083333 0.0 0.0 0.0 
1 528 13.4123996083333 0.0 0.0 0.0 
1 529 13.4123996083333 0.0 0.0 0.0 
1 530 13.4123996083333 0.0 0.0 0.0 
1 531 13.4123996083333 0.0 0.0 0.0 
1 532 13.4123996083333 0.0 0.0 0.0 
1 533 13.4123996083333 0.0 0.0 0.0 
1 534 13.4123996083333 0.0 0.0 0.0 
1 535 13.4123996083333 0.0 0.0 0.0 
1 536 13.4123996083333 0.0 0.0 0.0 
1 537 13.4123996083333 0.0 0.0 0.0 
1 538 13.4123996083333 0.0 0.0 0.0 
1 539 13.4123996083333 0.0 0.0 0.0 
1 540 13.4123996083333 0.0 0.0 0.0 
1 541 13.4123996083333 0.0 0.0 0.0 
1 542 13.4123996083333 0.0 0.0 0.0 
1 543 13.4123996083333 0.0 0.0 0.0 
1 544 13.4123996083333 0.0 0.0 0.0 
1 545 13.4123996083333 0.0 0.0 0.0 
1 546 13.4123996083333 0.0 0.0 0.0 
1 547 13.4123996083333 0.0 0.0 0.0 
1 548 13.4123996083333 0.0 0.0 0.0 
1 549 13.4123996083333 0.0 0.0 0.0 
1 550 13.4123996083333 0.0 0.0 0.0 
1 551 13.4123996083333 0.0 0.0 0.0 
1 552 13.4123996083333 0.0 0.0 0.0 
1 553 13.4123996083333 0.0 0.0 0.0 
1 554 13.4123996083333 0.0 0.0 0.0 
1 555 13.4123996083333 0.0 0.0 0.0 
1 556 13.4123996083333 0.0 0.0 0.0 
1 557 13.4123996083333 0.0 0.0 0.0 
1 558 13.4123996083333 0.0 0.0 0.0 
1 559 13.4123996083333 0.0 0.0 0.0 
1 560 13.4123996083333 0.0 0.0 0.0 
1 561 13.4123996083333 0.0 0.0 0.0 
1 562 13.4123996083333 0.0 0.0 0.0 
1 563 13.4123996083333 0.0 0.0 0.0 
1 564 13.4123996083333 0.0 0.0 0.0 
1 565 13.4123996083333 0.0 0.0 0.0 
1 566 13.4123996083333 0.0 0.0 0.0 
1 567 13.4123996083333 0.0 0.0 0.0 
1 568 13.4123996083333 0.0 0.0 0.0 
1 569 13.4123996083333 0.0 0.0 0.0 
1 570 13.4123996083333 0.0 0.0 0.0 
1 571 13.4123996083333 0.0 0.0 0.0 
1 572 13.4123996083333 0.0 0.0 0.0 
1 573 13.4123996083333 0.0 0.0 0.0 
1 574 13.4123996083333 0.0 0.0 0.0 
1 575 13.4123996083333 0.0 0.0 0.0 
1 576 13.4123996083333 0.0 0.0 0.0 
1 577 13.4123996083333 0.0 0.0 0.0 
1 578 13.4123996083333 0.0 0.0 0.0 
1 579 13.4123996083333 0.0 0.0 0.0 
1 580 13.4123996083333 0.0 0.0 0.0 
1 581 13.4123996083333 0.0 0.0 0.0 
1 582 13.4123996083333 0.0 0.0 0.0 
1 583 13.4123996083333 0.0 0.0 0.0 
1 584 13.4123996083333 0.0 0.0 0.0 
1 585 13.4123996083333 0.0 0.0 0.0 
1 586 13.4123996083333 0.0 0.0 0.0 
1 587 13.4123996083333 0.0 0.0 0.0 
1 588 13.4123996083333 0.0 0.0 0.0 
1 589 13.4123996083333 0.0 0.0 0.0 
1 590 13.4123996083333 0.0 0.0 0.0 
1 591 13.4123996083333 0.0 0.0 0.0 
1 592 13.4123996083333 0.0 0.0 0.0 
1 593 13.4123996083333 0.0 0.0 0.0 
1 594 13.4123996083333 0.0 0.0 0.0 
1 595 13.4123996083333 0.0 0.0 0.0 
1 596 13.4123996083333 0.0 0.0 0.0 
1 597 13.4123996083333 0.0 0.0 0.0 
1 598 13.4123996083333 0.0 0.0 0.0 
1 599 13.4123996083333 0.0 0.0 0.0 
1 600 13.4123996083333 0.0 0.0 0.0 
1 601 13.4123996083333 0.0 0.0 0.0 
1 602 13.4123996083333 0.0 0.0 0.0 
1 603 13.4123996083333 0.0 0.0 0.0 
1 604 13.4123996083333 0.0 0.0 0.0 
1 605 13.4123996083333 0.0 0.0 0.0 
1 606 13.4123996083333 0.0 0.0 0.0 
1 607 13.4123996083333 0.0 0.0 0.0 
1 608 13.4123996083333 0.0 0.0 0.0 
1 609 13.4123996083333 0.0 0.0 0.0 
1 610 13.4123996083333 0.0 0.0 0.0 
1 611 13.4123996083333 0.0 0.0 0.0 
1 612 13.4123996083333 0.0 0.0 0.0 
1 613 13.4123996083333 0.0 0.0 0.0 
1 614 13.4123996083333 0.0 0.0 0.0 
1 615 13.4123996083333 0.0 0.0 0.0 
1 616 13.4123996083333 0.0 0.0 0.0 
1 617 13.4123996083333 0.0 0.0 0.0 
1 618 13.4123996083333 0.0 0.0 0.0 
1 619 13.4123996083333 0.0 0.0 0.0 
1 620 13.4123996083333 0.0 0.0 0.0 
1 621 13.4123996083333 0.0 0.0 0.0 
1 622 13.4123996083333 0.0 0.0 0.0 
1 623 13.4123996083333 0.0 0.0 0.0 
1 624 13.4123996083333 0.0 0.0 0.0 
1 625 13.4123996083333 0.0 0.0 0.0 
1 626 13.4123996083333 0.0 0.0 0.0 
1 627 13.4123996083333 0.0 0.0 0.0 
1 628 13.4123996083333 0.0 0.0 0.0 
1 629 13.4123996083333 0.0 0.0 0.0 
1 630 13.4123996083333 0.0 0.0 0.0 
1 631 13.4123996083333 0.0 0.0 0.0 
1 632 13.4123996083333 0.0 0.0 0.0 
1 633 13.4123996083333 0.0 0.0 0.0 
1 634 13.4123996083333 0.0 0.0 0.0 
1 635 13.4123996083333 0.0 0.0 0.0 
1 636 13.4123996083333 0.0 0.0 0.0 
1 637 13.4123996083333 0.0 0.0 0.0 
1 638 13.4123996083333 0.0 0.0 0.0 
1 639 13.4123996083333 0.0 0.0 0.0 
1 640 13.4123996083333 0.0 0.0 0.0 
1 641 13.4123996083333 0.0 0.0 0.0 
1 642 13.4123996083333 0.0 0.0 0.0 
1 643 13.4123996083333 0.0 0.0 0.0 
1 644 13.4123996083333 0.0 0.0 0.0 
1 645 13.4123996083333 0.0 0.0 0.0 
1 646 13.4123996083333 0.0 0.0 0.0 
1 647 13.4123996083333 0.0 0.0 0.0 
1 648 13.4123996083333 0.0 0.0 0.0 
1 649 13.4123996083333 0.0 0.0 0.0 
1 650 13.4123996083333 0.0 0.0 0.0 
1 651 13.4123996083333 0.0 0.0 0.0 
1 652 13.4123996083333 0.0 0.0 0.0 
1 653 13.4123996083333 0.0 0.0 0.0 
1 654 13.4123996083333 0.0 0.0 0.0 
1 655 13.4123996083333 0.0 0.0 0.0 
1 656 13.4123996083333 0.0 0.0 0.0 
1 657 13.4123996083333 0.0 0.0 0.0 
1 658 13.4123996083333 0.0 0.0 0.0 
1 659 13.4123996083333 0.0 0.0 0.0 
1 660 13.4123996083333 0.0 0.0 0.0 
1 661 13.4123996083333 0.0 0.0 0.0 
1 662 13.4123996083333 0.0 0.0 0.0 
1 663 13.4123996083333 0.0 0.0 0.0 
1 664 13.4123996083333 0.0 0.0 0.0 
1 665 13.4123996083333 0.0 0.0 0.0 
1 666 13.4123996083333 0.0 0.0 0.0 
1 667 13.4123996083333 0.0 0.0 0.0 
1 668 13.4123996083333 0.0 0.0 0.0 
1 669 13.4123996083333 0.0 0.0 0.0 
1 670 13.4123996083333 0.0 0.0 0.0 
1 671 13.4123996083333 0.0 0.0 0.0 
1 672 13.4123996083333 0.0 0.0 0.0 
1 673 13.4123996083333 0.0 0.0 0.0 
1 674 13.4123996083333 0.0 0.0 0.0 
1 675 13.4123996083333 0.0 0.0 0.0 
1 676 13.4123996083333 0.0 0.0 0.0 
1 677 13.4123996083333 0.0 0.0 0.0 
1 678 13.4123996083333 0.0 0.0 0.0 
1 679 13.4123996083333 0.0 0.0 0.0 
1 680 13.4123996083333 0.0 0.0 0.0 
1 681 13.4123996083333 0.0 0.0 0.0 
1 682 13.4123996083333 0.0 0.0 0.0 
1 683 13.4123996083333 0.0 0.0 0.0 
1 684 13.4123996083333 0.0 0.0 0.0 
1 685 13.4123996083333 0.0 0.0 0.0 
1 686 13.4123996083333 0.0 0.0 0.0 
1 687 13.4123996083333 0.0 0.0 0.0 
1 688 13.4123996083333 0.0 0.0 0.0 
1 689 13.4123996083333 0.0 0.0 0.0 
1 690 13.4123996083333 0.0 0.0 0.0 
1 691 13.4123996083333 0.0 0.0 0.0 
1 692 13.4123996083333 0.0 0.0 0.0 
1 693 13.4123996083333 0.0 0.0 0.0 
1 694 13.4123996083333 0.0 0.0 0.0 
1 695 13.4123996083333 0.0 0.0 0.0 
1 696 13.4123996083333 0.0 0.0 0.0 
1 697 13.4123996083333 0.0 0.0 0.0 
1 698 13.4123996083333 0.0 0.0 0.0 
1 699 13.4123996083333 0.0 0.0 0.0 
1 700 13.4123996083333 0.0 0.0 0.0 
1 701 13.4123996083333 0.0 0.0 0.0 
1 702 13.4123996083333 0.0 0.0 0.0 
1 703 13.4123996083333 0.0 0.0 0.0 
1 704 13.4123996083333 0.0 0.0 0.0 
1 705 13.4123996083333 0.0 0.0 0.0 
1 706 13.4123996083333 0.0 0.0 0.0 
1 707 13.4123996083333 0.0 0.0 0.0 
1 708 13.4123996083333 0.0 0.0 0.0 
1 709 13.4123996083333 0.0 0.0 0.0 
1 710 13.4123996083333 0.0 0.0 0.0 
1 711 13.4123996083333 0.0 0.0 0.0 
1 712 13.4123996083333 0.0 0.0 0.0 
1 713 13.4123996083333 0.0 0.0 0.0 
1 714 13.4123996083333 0.0 0.0 0.0 
1 715 13.4123996083333 0.0 0.0 0.0 
1 716 13.4123996083333 0.0 0.0 0.0 
1 717 13.4123996083333 0.0 0.0 0.0 
1 718 13.4123996083333 0.0 0.0 0.0 
1 719 13.4123996083333 0.0 0.0 0.0 
1 720 13.4123996083333 0.0 0.0 0.0 
1 721 13.4123996083333 0.0 0.0 0.0 
1 722 13.4123996083333 0.0 0.0 0.0 
1 723 13.4123996083333 0.0 0.0 0.0 
1 724 13.4123996083333 0.0 0.0 0.0 
1 725 13.4123996083333 0.0 0.0 0.0 
1 726 13.4123996083333 0.0 0.0 0.0 
1 727 13.4123996083333 0.0 0.0 0.0 
1 728 13.4123996083333 0.0 0.0 0.0 
1 729 13.4123996083333 0.0 0.0 0.0 
1 730 13.4123996083333 0.0 0.0 0.0 
1 731 13.4123996083333 0.0 0.0 0.0 
1 732 13.4123996083333 0.0 0.0 0.0 
1 733 13.4123996083333 0.0 0.0 0.0 
1 734 13.4123996083333 0.0 0.0 0.0 
1 735 13.4123996083333 0.0 0.0 0.0 
1 736 13.4123996083333 0.0 0.0 0.0 
1 737 13.4123996083333 0.0 0.0 0.0 
1 738 13.4123996083333 0.0 0.0 0.0 
1 739 13.4123996083333 0.0 0.0 0.0 
1 740 13.4123996083333 0.0 0.0 0.0 
1 741 13.4123996083333 0.0 0.0 0.0 
1 742 13.4123996083333 0.0 0.0 0.0 
1 743 13.4123996083333 0.0 0.0 0.0 
1 744 13.4123996083333 0.0 0.0 0.0 
1 745 13.4123996083333 0.0 0.0 0.0 
1 746 13.4123996083333 0.0 0.0 0.0 
1 747 13.4123996083333 0.0 0.0 0.0 
1 748 13.4123996083333 0.0 0.0 0.0 
1 749 13.4123996083333 0.0 0.0 0.0 
1 750 13.4123996083333 0.0 0.0 0.0 
1 751 13.4123996083333 0.0 0.0 0.0 
1 752 13.4123996083333 0.0 0.0 0.0 
1 753 13.4123996083333 0.0 0.0 0.0 
1 754 13.4123996083333 0.0 0.0 0.0 
1 755 13.4123996083333 0.0 0.0 0.0 
1 756 13.4123996083333 0.0 0.0 0.0 
1 757 13.4123996083333 0.0 0.0 0.0 
1 758 13.4123996083333 0.0 0.0 0.0 
1 759 13.4123996083333 0.0 0.0 0.0 
1 760 13.4123996083333 0.0 0.0 0.0 
1 761 13.4123996083333 0.0 0.0 0.0 
1 762 13.4123996083333 0.0 0.0 0.0 
1 763 13.4123996083333 0.0 0.0 0.0 
1 764 13.4123996083333 0.0 0.0 0.0 
1 765 13.4123996083333 0.0 0.0 0.0 
1 766 13.4123996083333 0.0 0.0 0.0 
1 767 13.4123996083333 0.0 0.0 0.0 
1 768 13.4123996083333 0.0 0.0 0.0 
1 769 13.4123996083333 0.0 0.0 0.0 
1 770 13.4123996083333 0.0 0.0 0.0 
1 771 13.4123996083333 0.0 0.0 0.0 
1 772 13.4123996083333 0.0 0.0 0.0 
1 773 13.4123996083333 0.0 0.0 0.0 
1 774 13.4123996083333 0.0 0.0 0.0 
1 775 13.4123996083333 0.0 0.0 0.0 
1 776 13.4123996083333 0.0 0.0 0.0 
1 777 13.4123996083333 0.0 0.0 0.0 
1 778 13.4123996083333 0.0 0.0 0.0 
1 779 13.4123996083333 0.0 0.0 0.0 
1 780 13.4123996083333 0.0 0.0 0.0 
1 781 13.4123996083333 0.0 0.0 0.0 
1 782 13.4123996083333 0.0 0.0 0.0 
1 783 13.4123996083333 0.0 0.0 0.0 
1 784 13.4123996083333 0.0 0.0 0.0 
1 785 13.4123996083333 0.0 0.0 0.0 
1 786 13.4123996083333 0.0 0.0 0.0 
1 787 13.4123996083333 0.0 0.0 0.0 
1 788 13.4123996083333 0.0 0.0 0.0 
1 789 13.4123996083333 0.0 0.0 0.0 
1 790 13.4123996083333 0.0 0.0 0.0 
1 791 13.4123996083333 0.0 0.0 0.0 
1 792 13.4123996083333 0.0 0.0 0.0 
1 793 13.4123996083333 0.0 0.0 0.0 
1 794 13.4123996083333 0.0 0.0 0.0 
1 795 13.4123996083333 0.0 0.0 0.0 
1 796 13.4123996083333 0.0 0.0 0.0 
1 797 13.4123996083333 0.0 0.0 0.0 
1 798 13.4123996083333 0.0 0.0 0.0 
1 799 13.4123996083333 0.0 0.0 0.0 
1 800 13.4123996083333 0.0 0.0 0.0 
1 801 13.4123996083333 0.0 0.0 0.0 
1 802 13.4123996083333 0.0 0.0 0.0 
1 803 13.4123996083333 0.0 0.0 0.0 
1 804 13.4123996083333 0.0 0.0 0.0 
1 805 13.4123996083333 0.0 0.0 0.0 
1 806 13.4123996083333 0.0 0.0 0.0 
1 807 13.4123996083333 0.0 0.0 0.0 
1 808 13.4123996083333 0.0 0.0 0.0 
1 809 13.4123996083333 0.0 0.0 0.0 
1 810 13.4123996083333 0.0 0.0 0.0 
1 811 13.4123996083333 0.0 0.0 0.0 
1 812 13.4123996083333 0.0 0.0 0.0 
1 813 13.4123996083333 0.0 0.0 0.0 
1 814 13.4123996083333 0.0 0.0 0.0 
1 815 13.4123996083333 0.0 0.0 0.0 
1 816 13.4123996083333 0.0 0.0 0.0 
1 817 13.4123996083333 0.0 0.0 0.0 
1 818 13.4123996083333 0.0 0.0 0.0 
1 819 13.4123996083333 0.0 0.0 0.0 
1 820 13.4123996083333 0.0 0.0 0.0 
1 821 13.4123996083333 0.0 0.0 0.0 
1 822 13.4123996083333 0.0 0.0 0.0 
1 823 13.4123996083333 0.0 0.0 0.0 
1 824 13.4123996083333 0.0 0.0 0.0 
1 825 13.4123996083333 0.0 0.0 0.0 
1 826 13.4123996083333 0.0 0.0 0.0 
1 827 13.4123996083333 0.0 0.0 0.0 
1 828 13.4123996083333 0.0 0.0 0.0 
1 829 13.4123996083333 0.0 0.0 0.0 
1 830 13.4123996083333 0.0 0.0 0.0 
1 831 13.4123996083333 0.0 0.0 0.0 
1 832 13.4123996083333 0.0 0.0 0.0 
1 833 13.4123996083333 0.0 0.0 0.0 
1 834 13.4123996083333 0.0 0.0 0.0 
1 835 13.4123996083333 0.0 0.0 0.0 
1 836 13.4123996083333 0.0 0.0 0.0 
1 837 13.4123996083333 0.0 0.0 0.0 
1 838 13.4123996083333 0.0 0.0 0.0 
1 839 13.4123996083333 0.0 0.0 0.0 
1 840 13.4123996083333 0.0 0.0 0.0 
1 841 13.4123996083333 0.0 0.0 0.0 
1 842 13.4123996083333 0.0 0.0 0.0 
1 843 13.4123996083333 0.0 0.0 0.0 
1 844 13.4123996083333 0.0 0.0 0.0 
1 845 13.4123996083333 0.0 0.0 0.0 
1 846 13.4123996083333 0.0 0.0 0.0 
1 847 13.4123996083333 0.0 0.0 0.0 
1 848 13.4123996083333 0.0 0.0 0.0 
1 849 13.4123996083333 0.0 0.0 0.0 
1 850 13.4123996083333 0.0 0.0 0.0 
1 851 13.4123996083333 0.0 0.0 0.0 
1 852 13.4123996083333 0.0 0.0 0.0 
1 853 13.4123996083333 0.0 0.0 0.0 
1 854 13.4123996083333 0.0 0.0 0.0 
1 855 13.4123996083333 0.0 0.0 0.0 
1 856 13.4123996083333 0.0 0.0 0.0 
1 857 13.4123996083333 0.0 0.0 0.0 
1 858 13.4123996083333 0.0 0.0 0.0 
1 859 13.4123996083333 0.0 0.0 0.0 
1 860 13.4123996083333 0.0 0.0 0.0 
1 861 13.4123996083333 0.0 0.0 0.0 
1 862 13.4123996083333 0.0 0.0 0.0 
1 863 13.4123996083333 0.0 0.0 0.0 
1 864 13.4123996083333 0.0 0.0 0.0 
1 865 13.4123996083333 0.0 0.0 0.0 
1 866 13.4123996083333 0.0 0.0 0.0 
1 867 13.4123996083333 0.0 0.0 0.0 
1 868 13.4123996083333 0.0 0.0 0.0 
1 869 13.4123996083333 0.0 0.0 0.0 
1 870 13.4123996083333 0.0 0.0 0.0 
1 871 13.4123996083333 0.0 0.0 0.0 
1 872 13.4123996083333 0.0 0.0 0.0 
1 873 13.4123996083333 0.0 0.0 0.0 
1 874 13.4123996083333 0.0 0.0 0.0 
1 875 13.4123996083333 0.0 0.0 0.0 
1 876 13.4123996083333 0.0 0.0 0.0 
1 877 13.4123996083333 0.0 0.0 0.0 
1 878 13.4123996083333 0.0 0.0 0.0 
1 879 13.4123996083333 0.0 0.0 0.0 
1 880 13.4123996083333 0.0 0.0 0.0 
1 881 13.4123996083333 0.0 0.0 0.0 
1 882 13.4123996083333 0.0 0.0 0.0 
1 883 13.4123996083333 0.0 0.0 0.0 
1 884 13.4123996083333 0.0 0.0 0.0 
1 885 13.4123996083333 0.0 0.0 0.0 
1 886 13.4123996083333 0.0 0.0 0.0 
1 887 13.4123996083333 0.0 0.0 0.0 
1 888 13.4123996083333 0.0 0.0 0.0 
1 889 13.4123996083333 0.0 0.0 0.0 
1 890 13.4123996083333 0.0 0.0 0.0 
1 891 13.4123996083333 0.0 0.0 0.0 
1 892 13.4123996083333 0.0 0.0 0.0 
1 893 13.4123996083333 0.0 0.0 0.0 
1 894 13.4123996083333 0.0 0.0 0.0 
1 895 13.4123996083333 0.0 0.0 0.0 
1 896 13.4123996083333 0.0 0.0 0.0 
1 897 13.4123996083333 0.0 0.0 0.0 
1 898 13.4123996083333 0.0 0.0 0.0 
1 899 13.4123996083333 0.0 0.0 0.0 
1 900 13.4123996083333 0.0 0.0 0.0 
1 901 13.4123996083333 0.0 0.0 0.0 
1 902 13.4123996083333 0.0 0.0 0.0 
1 903 13.4123996083333 0.0 0.0 0.0 
1 904 13.4123996083333 0.0 0.0 0.0 
1 905 13.4123996083333 0.0 0.0 0.0 
1 906 13.4123996083333 0.0 0.0 0.0 
1 907 13.4123996083333 0.0 0.0 0.0 
1 908 13.4123996083333 0.0 0.0 0.0 
1 909 13.4123996083333 0.0 0.0 0.0 
1 910 13.4123996083333 0.0 0.0 0.0 
1 911 13.4123996083333 0.0 0.0 0.0 
1 912 13.4123996083333 0.0 0.0 0.0 
1 913 13.4123996083333 0.0 0.0 0.0 
1 914 13.4123996083333 0.0 0.0 0.0 
1 915 13.4123996083333 0.0 0.0 0.0 
1 916 13.4123996083333 0.0 0.0 0.0 
1 917 13.4123996083333 0.0 0.0 0.0 
1 918 13.4123996083333 0.0 0.0 0.0 
1 919 13.4123996083333 0.0 0.0 0.0 
1 920 13.4123996083333 0.0 0.0 0.0 
1 921 13.4123996083333 0.0 0.0 0.0 
1 922 13.4123996083333 0.0 0.0 0.0 
1 923 13.4123996083333 0.0 0.0 0.0 
1 924 13.4123996083333 0.0 0.0 0.0 
1 925 13.4123996083333 0.0 0.0 0.0 
1 926 13.4123996083333 0.0 0.0 0.0 
1 927 13.4123996083333 0.0 0.0 0.0 
1 928 13.4123996083333 0.0 0.0 0.0 
1 929 13.4123996083333 0.0 0.0 0.0 
1 930 13.4123996083333 0.0 0.0 0.0 
1 931 13.4123996083333 0.0 0.0 0.0 
1 932 13.4123996083333 0.0 0.0 0.0 
1 933 13.4123996083333 0.0 0.0 0.0 
1 934 13.4123996083333 0.0 0.0 0.0 
1 935 13.4123996083333 0.0 0.0 0.0 
1 936 13.4123996083333 0.0 0.0 0.0 
1 937 13.4123996083333 0.0 0.0 0.0 
1 938 13.4123996083333 0.0 0.0 0.0 
1 939 13.4123996083333 0.0 0.0 0.0 
1 940 13.4123996083333 0.0 0.0 0.0 
1 941 13.4123996083333 0.0 0.0 0.0 
1 942 13.4123996083333 0.0 0.0 0.0 
1 943 13.4123996083333 0.0 0.0 0.0 
1 944 13.4123996083333 0.0 0.0 0.0 
1 945 13.4123996083333 0.0 0.0 0.0 
1 946 13.4123996083333 0.0 0.0 0.0 
1 947 13.4123996083333 0.0 0.0 0.0 
1 948 13.4123996083333 0.0 0.0 0.0 
1 949 13.4123996083333 0.0 0.0 0.0 
1 950 13.4123996083333 0.0 0.0 0.0 
1 951 13.4123996083333 0.0 0.0 0.0 
1 952 13.4123996083333 0.0 0.0 0.0 
1 953 13.4123996083333 0.0 0.0 0.0 
1 954 13.4123996083333 0.0 0.0 0.0 
1 955 13.4123996083333 0.0 0.0 0.0 
1 956 13.4123996083333 0.0 0.0 0.0 
1 957 13.4123996083333 0.0 0.0 0.0 
5 1 42.4305146533333 0.0 0.0 0.0 
5 2 42.4305146533333 0.0 0.0 0.0 
5 3 42.4305146533333 0.0 0.0 0.0 
5 4 42.4305146533333 0.0 0.0 0.0 
5 5 42.4305146533333 0.0 0.0 0.0 
5 6 42.4305146533333 0.0 0.0 0.0 
5 7 42.4305146533333 0.0 0.0 0.0 
5 8 42.4305146533333 0.0 0.0 0.0 
5 9 42.4305146533333 0.0 0.0 0.0 
5 10 42.4305146533333 0.0 0.0 0.0 
5 11 42.4305146533333 0.0 0.0 0.0 
5 12 42.4305146533333 0.0 0.0 0.0 
5 13 42.4305146533333 0.0 0.0 0.0 
5 14 42.4305146533333 0.0 0.0 0.0 
5 15 42.4305146533333 0.0 0.0 0.0 
5 16 42.4305146533333 0.0 0.0 0.0 
5 17 42.4305146533333 0.0 0.0 0.0 
5 18 42.4305146533333 0.0 0.0 0.0 
5 19 42.4305146533333 0.0 0.0 0.0 
5 20 42.4305146533333 0.0 0.0 0.0 
5 21 42.4305146533333 0.0 0.0 0.0 
5 22 42.4305146533333 0.0 0.0 0.0 
5 23 42.4305146533333 0.0 0.0 0.0 
5 24 42.4305146533333 0.0 0.0 0.0 
5 25 42.4305146533333 0.0 0.0 0.0 
5 26 42.4305146533333 0.0 0.0 0.0 
5 27 42.4305146533333 0.0 0.0 0.0 
5 28 42.4305146533333 0.0 0.0 0.0 
5 29 42.4305146533333 0.0 0.0 0.0 
5 30 42.4305146533333 0.0 0.0 0.0 
5 31 42.4305146533333 0.0 0.0 0.0 
5 32 42.4305146533333 0.0 0.0 0.0 
5 33 42.4305146533333 0.0 0.0 0.0 
5 34 42.4305146533333 0.0 0.0 0.0 
5 35 42.4305146533333 0.0 0.0 0.0 
5 36 42.4305146533333 0.0 0.0 0.0 
5 37 42.4305146533333 0.0 0.0 0.0 
5 38 42.4305146533333 0.0 0.0 0.0 
5 39 42.4305146533333 0.0 0.0 0.0 
5 40 42.4305146533333 0.0 0.0 0.0 
5 41 42.4305146533333 0.0 0.0 0.0 
5 42 42.4305146533333 0.0 0.0 0.0 
5 43 42.4305146533333 0.0 0.0 0.0 
5 44 42.4305146533333 0.0 0.0 0.0 
5 45 42.4305146533333 0.0 0.0 0.0 
5 46 42.4305146533333 0.0 0.0 0.0 
5 47 42.4305146533333 0.0 0.0 0.0 
5 48 42.4305146533333 0.0 0.0 0.0 
5 49 42.4305146533333 0.0 0.0 0.0 
5 50 42.4305146533333 0.0 0.0 0.0 
5 51 42.4305146533333 0.0 0.0 0.0 
5 52 42.4305146533333 0.0 0.0 0.0 
5 53 42.4305146533333 0.0 0.0 0.0 
5 54 42.4305146533333 0.0 0.0 0.0 
5 55 42.4305146533333 0.0 0.0 0.0 
5 56 42.4305146533333 0.0 0.0 0.0 
5 57 42.4305146533333 0.0 0.0 0.0 
5 58 42.4305146533333 0.0 0.0 0.0 
5 59 42.4305146533333 0.0 0.0 0.0 
5 60 42.4305146533333 0.0 0.0 0.0 
5 61 42.4305146533333 0.0 0.0 0.0 
5 62 42.4305146533333 0.0 0.0 0.0 
5 63 42.4305146533333 0.0 0.0 0.0 
5 64 42.4305146533333 0.0 0.0 0.0 
5 65 42.4305146533333 0.0 0.0 0.0 
5 66 42.4305146533333 0.0 0.0 0.0 
5 67 42.4305146533333 0.0 0.0 0.0 
5 68 42.4305146533333 0.0 0.0 0.0 
5 69 42.4305146533333 0.0 0.0 0.0 
5 70 42.4305146533333 0.0 0.0 0.0 
5 71 42.4305146533333 0.0 0.0 0.0 
5 72 42.4305146533333 0.0 0.0 0.0 
5 73 42.4305146533333 0.0 0.0 0.0 
5 74 42.4305146533333 0.0 0.0 0.0 
5 75 42.4305146533333 0.0 0.0 0.0 
5 76 42.4305146533333 0.0 0.0 0.0 
5 77 42.4305146533333 0.0 0.0 0.0 
5 78 42.4305146533333 0.0 0.0 0.0 
5 79 42.4305146533333 0.0 0.0 0.0 
5 80 42.4305146533333 0.0 0.0 0.0 
5 81 42.4305146533333 0.0 0.0 0.0 
5 82 42.4305146533333 0.0 0.0 0.0 
5 83 42.4305146533333 0.0 0.0 0.0 
5 84 42.4305146533333 0.0 0.0 0.0 
5 85 42.4305146533333 0.0 0.0 0.0 
5 86 42.4305146533333 0.0 0.0 0.0 
5 87 42.4305146533333 0.0 0.0 0.0 
5 88 42.4305146533333 0.0 0.0 0.0 
5 89 42.4305146533333 0.0 0.0 0.0 
5 90 42.4305146533333 0.0 0.0 0.0 
5 91 42.4305146533333 0.0 0.0 0.0 
5 92 42.4305146533333 0.0 0.0 0.0 
5 93 42.4305146533333 0.0 0.0 0.0 
5 94 42.4305146533333 0.0 0.0 0.0 
5 95 42.4305146533333 0.0 0.0 0.0 
5 96 42.4305146533333 0.0 0.0 0.0 
5 97 42.4305146533333 0.0 0.0 0.0 
5 98 42.4305146533333 0.0 0.0 0.0 
5 99 42.4305146533333 0.0 0.0 0.0 
5 100 42.4305146533333 0.0 0.0 0.0 
5 101 42.4305146533333 0.0 0.0 0.0 
5 102 42.4305146533333 0.0 0.0 0.0 
5 103 42.4305146533333 0.0 0.0 0.0 
5 104 42.4305146533333 0.0 0.0 0.0 
5 105 42.4305146533333 0.0 0.0 0.0 
5 106 42.4305146533333 0.0 0.0 0.0 
5 107 42.4305146533333 0.0 0.0 0.0 
5 108 42.4305146533333 0.0 0.0 0.0 
5 109 42.4305146533333 0.0 0.0 0.0 
5 110 42.4305146533333 0.0 0.0 0.0 
5 111 42.4305146533333 0.0 0.0 0.0 
5 112 42.4305146533333 0.0 0.0 0.0 
5 113 42.4305146533333 0.0 0.0 0.0 
5 114 42.4305146533333 0.0 0.0 0.0 
5 115 42.4305146533333 0.0 0.0 0.0 
5 116 42.4305146533333 0.0 0.0 0.0 
5 117 42.4305146533333 0.0 0.0 0.0 
5 118 42.4305146533333 0.0 0.0 0.0 
5 119 42.4305146533333 0.0 0.0 0.0 
5 120 42.4305146533333 0.0 0.0 0.0 
5 121 42.4305146533333 0.0 0.0 0.0 
5 122 42.4305146533333 0.0 0.0 0.0 
5 123 42.4305146533333 0.0 0.0 0.0 
5 124 42.4305146533333 0.0 0.0 0.0 
5 125 42.4305146533333 0.0 0.0 0.0 
5 126 42.4305146533333 0.0 0.0 0.0 
5 127 42.4305146533333 0.0 0.0 0.0 
5 128 42.4305146533333 0.0 0.0 0.0 
5 129 42.4305146533333 0.0 0.0 0.0 
5 130 42.4305146533333 0.0 0.0 0.0 
5 131 42.4305146533333 0.0 0.0 0.0 
5 132 42.4305146533333 0.0 0.0 0.0 
5 133 42.4305146533333 0.0 0.0 0.0 
5 134 42.4305146533333 0.0 0.0 0.0 
5 135 42.4305146533333 0.0 0.0 0.0 
5 136 42.4305146533333 0.0 0.0 0.0 
5 137 42.4305146533333 0.0 0.0 0.0 
5 138 42.4305146533333 0.0 0.0 0.0 
5 139 42.4305146533333 0.0 0.0 0.0 
5 140 42.4305146533333 0.0 0.0 0.0 
5 141 42.4305146533333 0.0 0.0 0.0 
5 142 42.4305146533333 0.0 0.0 0.0 
5 143 42.4305146533333 0.0 0.0 0.0 
5 144 42.4305146533333 0.0 0.0 0.0 
5 145 42.4305146533333 0.0 0.0 0.0 
5 146 42.4305146533333 0.0 0.0 0.0 
5 147 42.4305146533333 0.0 0.0 0.0 
5 148 42.4305146533333 0.0 0.0 0.0 
5 149 42.4305146533333 0.0 0.0 0.0 
5 150 42.4305146533333 0.0 0.0 0.0 
5 151 42.4305146533333 0.0 0.0 0.0 
5 152 42.4305146533333 0.0 0.0 0.0 
5 153 42.4305146533333 0.0 0.0 0.0 
5 154 42.4305146533333 0.0 0.0 0.0 
5 155 42.4305146533333 0.0 0.0 0.0 
5 156 42.4305146533333 0.0 0.0 0.0 
5 157 42.4305146533333 0.0 0.0 0.0 
5 158 42.4305146533333 0.0 0.0 0.0 
5 159 42.4305146533333 0.0 0.0 0.0 
5 160 42.4305146533333 0.0 0.0 0.0 
5 161 42.4305146533333 0.0 0.0 0.0 
5 162 42.4305146533333 0.0 0.0 0.0 
5 163 42.4305146533333 0.0 0.0 0.0 
5 164 42.4305146533333 0.0 0.0 0.0 
5 165 42.4305146533333 0.0 0.0 0.0 
5 166 42.4305146533333 0.0 0.0 0.0 
5 167 42.4305146533333 0.0 0.0 0.0 
5 168 42.4305146533333 0.0 0.0 0.0 
5 169 42.4305146533333 0.0 0.0 0.0 
5 170 42.4305146533333 0.0 0.0 0.0 
5 171 42.4305146533333 0.0 0.0 0.0 
5 172 42.4305146533333 0.0 0.0 0.0 
5 173 42.4305146533333 0.0 0.0 0.0 
5 174 42.4305146533333 0.0 0.0 0.0 
5 175 42.4305146533333 0.0 0.0 0.0 
5 176 42.4305146533333 0.0 0.0 0.0 
5 177 42.4305146533333 0.0 0.0 0.0 
5 178 42.4305146533333 0.0 0.0 0.0 
5 179 42.4305146533333 0.0 0.0 0.0 
5 180 42.4305146533333 0.0 0.0 0.0 
5 181 42.4305146533333 0.0 0.0 0.0 
5 182 42.4305146533333 0.0 0.0 0.0 
5 183 42.4305146533333 0.0 0.0 0.0 
5 184 42.4305146533333 0.0 0.0 0.0 
5 185 42.4305146533333 0.0 0.0 0.0 
5 186 42.4305146533333 0.0 0.0 0.0 
5 187 42.4305146533333 0.0 0.0 0.0 
5 188 42.4305146533333 0.0 0.0 0.0 
5 189 42.4305146533333 0.0 0.0 0.0 
5 190 42.4305146533333 0.0 0.0 0.0 
5 191 42.4305146533333 0.0 0.0 0.0 
5 192 42.4305146533333 0.0 0.0 0.0 
5 193 42.4305146533333 0.0 0.0 0.0 
5 194 42.4305146533333 0.0 0.0 0.0 
5 195 42.4305146533333 0.0 0.0 0.0 
5 196 42.4305146533333 0.0 0.0 0.0 
5 197 42.4305146533333 0.0 0.0 0.0 
5 198 42.4305146533333 0.0 0.0 0.0 
5 199 42.4305146533333 0.0 0.0 0.0 
5 200 42.4305146533333 0.0 0.0 0.0 
5 201 42.4305146533333 0.0 0.0 0.0 
5 202 42.4305146533333 0.0 0.0 0.0 
5 203 42.4305146533333 0.0 0.0 0.0 
5 204 42.4305146533333 0.0 0.0 0.0 
5 205 42.4305146533333 0.0 0.0 0.0 
5 206 42.4305146533333 0.0 0.0 0.0 
5 207 42.4305146533333 0.0 0.0 0.0 
5 208 42.4305146533333 0.0 0.0 0.0 
5 209 42.4305146533333 0.0 0.0 0.0 
5 210 42.4305146533333 0.0 0.0 0.0 
5 211 42.4305146533333 0.0 0.0 0.0 
5 212 42.4305146533333 0.0 0.0 0.0 
5 213 42.4305146533333 0.0 0.0 0.0 
5 214 42.4305146533333 0.0 0.0 0.0 
5 215 42.4305146533333 0.0 0.0 0.0 
5 216 42.4305146533333 0.0 0.0 0.0 
5 217 42.4305146533333 0.0 0.0 0.0 
5 218 42.4305146533333 0.0 0.0 0.0 
5 219 42.4305146533333 0.0 0.0 0.0 
5 220 42.4305146533333 0.0 0.0 0.0 
5 221 42.4305146533333 0.0 0.0 0.0 
5 222 42.4305146533333 0.0 0.0 0.0 
5 223 42.4305146533333 0.0 0.0 0.0 
5 224 42.4305146533333 0.0 0.0 0.0 
5 225 42.4305146533333 0.0 0.0 0.0 
5 226 42.4305146533333 0.0 0.0 0.0 
5 227 42.4305146533333 0.0 0.0 0.0 
5 228 42.4305146533333 0.0 0.0 0.0 
5 229 42.4305146533333 0.0 0.0 0.0 
5 230 42.4305146533333 0.0 0.0 0.0 
5 231 42.4305146533333 0.0 0.0 0.0 
5 232 42.4305146533333 0.0 0.0 0.0 
5 233 42.4305146533333 0.0 0.0 0.0 
5 234 42.4305146533333 0.0 0.0 0.0 
5 235 42.4305146533333 0.0 0.0 0.0 
5 236 42.4305146533333 0.0 0.0 0.0 
5 237 42.4305146533333 0.0 0.0 0.0 
5 238 42.4305146533333 0.0 0.0 0.0 
5 239 42.4305146533333 0.0 0.0 0.0 
5 240 42.4305146533333 0.0 0.0 0.0 
5 241 42.4305146533333 0.0 0.0 0.0 
5 242 42.4305146533333 0.0 0.0 0.0 
5 243 42.4305146533333 0.0 0.0 0.0 
5 244 42.4305146533333 0.0 0.0 0.0 
5 245 42.4305146533333 0.0 0.0 0.0 
5 246 42.4305146533333 0.0 0.0 0.0 
5 247 42.4305146533333 0.0 0.0 0.0 
5 248 42.4305146533333 0.0 0.0 0.0 
5 249 42.4305146533333 0.0 0.0 0.0 
5 250 42.4305146533333 0.0 0.0 0.0 
5 251 42.4305146533333 0.0 0.0 0.0 
5 252 42.4305146533333 0.0 0.0 0.0 
5 253 42.4305146533333 0.0 0.0 0.0 
5 254 42.4305146533333 0.0 0.0 0.0 
5 255 42.4305146533333 0.0 0.0 0.0 
5 256 42.4305146533333 0.0 0.0 0.0 
5 257 42.4305146533333 0.0 0.0 0.0 
5 258 42.4305146533333 0.0 0.0 0.0 
5 259 42.4305146533333 0.0 0.0 0.0 
5 260 42.4305146533333 0.0 0.0 0.0 
5 261 42.4305146533333 0.0 0.0 0.0 
5 262 42.4305146533333 0.0 0.0 0.0 
5 263 42.4305146533333 0.0 0.0 0.0 
5 264 42.4305146533333 0.0 0.0 0.0 
5 265 42.4305146533333 0.0 0.0 0.0 
5 266 42.4305146533333 0.0 0.0 0.0 
5 267 42.4305146533333 0.0 0.0 0.0 
5 268 42.4305146533333 0.0 0.0 0.0 
5 269 42.4305146533333 0.0 0.0 0.0 
5 270 42.4305146533333 0.0 0.0 0.0 
5 271 42.4305146533333 0.0 0.0 0.0 
5 272 42.4305146533333 0.0 0.0 0.0 
5 273 42.4305146533333 0.0 0.0 0.0 
5 274 42.4305146533333 0.0 0.0 0.0 
5 275 42.4305146533333 0.0 0.0 0.0 
5 276 42.4305146533333 0.0 0.0 0.0 
5 277 42.4305146533333 0.0 0.0 0.0 
5 278 42.4305146533333 0.0 0.0 0.0 
5 279 42.4305146533333 0.0 0.0 0.0 
5 280 42.4305146533333 0.0 0.0 0.0 
5 281 42.4305146533333 0.0 0.0 0.0 
5 282 42.4305146533333 0.0 0.0 0.0 
5 283 42.4305146533333 0.0 0.0 0.0 
5 284 42.4305146533333 0.0 0.0 0.0 
5 285 42.4305146533333 0.0 0.0 0.0 
5 286 42.4305146533333 0.0 0.0 0.0 
5 287 42.4305146533333 0.0 0.0 0.0 
5 288 42.4305146533333 0.0 0.0 0.0 
5 289 42.4305146533333 0.0 0.0 0.0 
5 290 42.4305146533333 0.0 0.0 0.0 
5 291 42.4305146533333 0.0 0.0 0.0 
5 292 42.4305146533333 0.0 0.0 0.0 
5 293 42.4305146533333 0.0 0.0 0.0 
5 294 42.4305146533333 0.0 0.0 0.0 
5 295 42.4305146533333 0.0 0.0 0.0 
5 296 42.4305146533333 0.0 0.0 0.0 
5 297 42.4305146533333 0.0 0.0 0.0 
5 298 42.4305146533333 0.0 0.0 0.0 
5 299 42.4305146533333 0.0 0.0 0.0 
5 300 42.4305146533333 0.0 0.0 0.0 
5 301 42.4305146533333 0.0 0.0 0.0 
5 302 42.4305146533333 0.0 0.0 0.0 
5 303 42.4305146533333 0.0 0.0 0.0 
5 304 42.4305146533333 0.0 0.0 0.0 
5 305 42.4305146533333 0.0 0.0 0.0 
5 306 42.4305146533333 0.0 0.0 0.0 
5 307 42.4305146533333 0.0 0.0 0.0 
5 308 42.4305146533333 0.0 0.0 0.0 
5 309 42.4305146533333 0.0 0.0 0.0 
5 310 42.4305146533333 0.0 0.0 0.0 
5 311 42.4305146533333 0.0 0.0 0.0 
5 312 42.4305146533333 0.0 0.0 0.0 
5 313 42.4305146533333 0.0 0.0 0.0 
5 314 42.4305146533333 0.0 0.0 0.0 
5 315 42.4305146533333 0.0 0.0 0.0 
5 316 42.4305146533333 0.0 0.0 0.0 
5 317 42.4305146533333 0.0 0.0 0.0 
5 318 42.4305146533333 0.0 0.0 0.0 
5 319 42.4305146533333 0.0 0.0 0.0 
5 320 42.4305146533333 0.0 0.0 0.0 
5 321 42.4305146533333 0.0 0.0 0.0 
5 322 42.4305146533333 0.0 0.0 0.0 
5 323 42.4305146533333 0.0 0.0 0.0 
5 324 42.4305146533333 0.0 0.0 0.0 
5 325 42.4305146533333 0.0 0.0 0.0 
5 326 42.4305146533333 0.0 0.0 0.0 
5 327 42.4305146533333 0.0 0.0 0.0 
5 328 42.4305146533333 0.0 0.0 0.0 
5 329 42.4305146533333 0.0 0.0 0.0 
5 330 42.4305146533333 0.0 0.0 0.0 
5 331 42.4305146533333 0.0 0.0 0.0 
5 332 42.4305146533333 0.0 0.0 0.0 
5 333 42.4305146533333 0.0 0.0 0.0 
5 334 42.4305146533333 0.0 0.0 0.0 
5 335 42.4305146533333 0.0 0.0 0.0 
5 336 42.4305146533333 0.0 0.0 0.0 
5 337 42.4305146533333 0.0 0.0 0.0 
5 338 42.4305146533333 0.0 0.0 0.0 
5 339 42.4305146533333 0.0 0.0 0.0 
5 340 42.4305146533333 0.0 0.0 0.0 
5 341 42.4305146533333 0.0 0.0 0.0 
5 342 42.4305146533333 0.0 0.0 0.0 
5 343 42.4305146533333 0.0 0.0 0.0 
5 344 42.4305146533333 0.0 0.0 0.0 
5 345 42.4305146533333 0.0 0.0 0.0 
5 346 42.4305146533333 0.0 0.0 0.0 
5 347 42.4305146533333 0.0 0.0 0.0 
5 348 42.4305146533333 0.0 0.0 0.0 
5 349 42.4305146533333 0.0 0.0 0.0 
5 350 42.4305146533333 0.0 0.0 0.0 
5 351 42.4305146533333 0.0 0.0 0.0 
5 352 42.4305146533333 0.0 0.0 0.0 
5 353 42.4305146533333 0.0 0.0 0.0 
5 354 42.4305146533333 0.0 0.0 0.0 
5 355 42.4305146533333 0.0 0.0 0.0 
5 356 42.4305146533333 0.0 0.0 0.0 
5 357 42.4305146533333 0.0 0.0 0.0 
5 358 42.4305146533333 0.0 0.0 0.0 
5 359 42.4305146533333 0.0 0.0 0.0 
5 360 42.4305146533333 0.0 0.0 0.0 
5 361 42.4305146533333 0.0 0.0 0.0 
5 362 42.4305146533333 0.0 0.0 0.0 
5 363 42.4305146533333 0.0 0.0 0.0 
5 364 42.4305146533333 0.0 0.0 0.0 
5 365 42.4305146533333 0.0 0.0 0.0 
5 366 42.4305146533333 0.0 0.0 0.0 
5 367 42.4305146533333 0.0 0.0 0.0 
5 368 42.4305146533333 0.0 0.0 0.0 
5 369 42.4305146533333 0.0 0.0 0.0 
5 370 42.4305146533333 0.0 0.0 0.0 
5 371 42.4305146533333 0.0 0.0 0.0 
5 372 42.4305146533333 0.0 0.0 0.0 
5 373 42.4305146533333 0.0 0.0 0.0 
5 374 42.4305146533333 0.0 0.0 0.0 
5 375 42.4305146533333 0.0 0.0 0.0 
5 376 42.4305146533333 0.0 0.0 0.0 
5 377 42.4305146533333 0.0 0.0 0.0 
5 378 42.4305146533333 0.0 0.0 0.0 
5 379 42.4305146533333 0.0 0.0 0.0 
5 380 42.4305146533333 0.0 0.0 0.0 
5 381 42.4305146533333 0.0 0.0 0.0 
5 382 42.4305146533333 0.0 0.0 0.0 
5 383 42.4305146533333 0.0 0.0 0.0 
5 384 42.4305146533333 0.0 0.0 0.0 
5 385 42.4305146533333 0.0 0.0 0.0 
5 386 42.4305146533333 0.0 0.0 0.0 
5 387 42.4305146533333 0.0 0.0 0.0 
5 388 42.4305146533333 0.0 0.0 0.0 
5 389 42.4305146533333 0.0 0.0 0.0 
5 390 42.4305146533333 0.0 0.0 0.0 
5 391 42.4305146533333 0.0 0.0 0.0 
5 392 42.4305146533333 0.0 0.0 0.0 
5 393 42.4305146533333 0.0 0.0 0.0 
5 394 42.4305146533333 0.0 0.0 0.0 
5 395 42.4305146533333 0.0 0.0 0.0 
5 396 42.4305146533333 0.0 0.0 0.0 
5 397 42.4305146533333 0.0 0.0 0.0 
5 398 42.4305146533333 0.0 0.0 0.0 
5 399 42.4305146533333 0.0 0.0 0.0 
5 400 42.4305146533333 0.0 0.0 0.0 
5 401 42.4305146533333 0.0 0.0 0.0 
5 402 42.4305146533333 0.0 0.0 0.0 
5 403 42.4305146533333 0.0 0.0 0.0 
5 404 42.4305146533333 0.0 0.0 0.0 
5 405 42.4305146533333 0.0 0.0 0.0 
5 406 42.4305146533333 0.0 0.0 0.0 
5 407 42.4305146533333 0.0 0.0 0.0 
5 408 42.4305146533333 0.0 0.0 0.0 
5 409 42.4305146533333 0.0 0.0 0.0 
5 410 42.4305146533333 0.0 0.0 0.0 
5 411 42.4305146533333 0.0 0.0 0.0 
5 412 42.4305146533333 0.0 0.0 0.0 
5 413 42.4305146533333 0.0 0.0 0.0 
5 414 42.4305146533333 0.0 0.0 0.0 
5 415 42.4305146533333 0.0 0.0 0.0 
5 416 42.4305146533333 0.0 0.0 0.0 
5 417 42.4305146533333 0.0 0.0 0.0 
5 418 42.4305146533333 0.0 0.0 0.0 
5 419 42.4305146533333 0.0 0.0 0.0 
5 420 42.4305146533333 0.0 0.0 0.0 
5 421 42.4305146533333 0.0 0.0 0.0 
5 422 42.4305146533333 0.0 0.0 0.0 
5 423 42.4305146533333 0.0 0.0 0.0 
5 424 42.4305146533333 0.0 0.0 0.0 
5 425 42.4305146533333 0.0 0.0 0.0 
5 426 42.4305146533333 0.0 0.0 0.0 
5 427 42.4305146533333 0.0 0.0 0.0 
5 428 42.4305146533333 0.0 0.0 0.0 
5 429 42.4305146533333 0.0 0.0 0.0 
5 430 42.4305146533333 0.0 0.0 0.0 
5 431 42.4305146533333 0.0 0.0 0.0 
5 432 42.4305146533333 0.0 0.0 0.0 
5 433 42.4305146533333 0.0 0.0 0.0 
5 434 42.4305146533333 0.0 0.0 0.0 
5 435 42.4305146533333 0.0 0.0 0.0 
5 436 42.4305146533333 0.0 0.0 0.0 
5 437 42.4305146533333 0.0 0.0 0.0 
5 438 42.4305146533333 0.0 0.0 0.0 
5 439 42.4305146533333 0.0 0.0 0.0 
5 440 42.4305146533333 0.0 0.0 0.0 
5 441 42.4305146533333 0.0 0.0 0.0 
5 442 42.4305146533333 0.0 0.0 0.0 
5 443 42.4305146533333 0.0 0.0 0.0 
5 444 42.4305146533333 0.0 0.0 0.0 
5 445 42.4305146533333 0.0 0.0 0.0 
5 446 42.4305146533333 0.0 0.0 0.0 
5 447 42.4305146533333 0.0 0.0 0.0 
5 448 42.4305146533333 0.0 0.0 0.0 
5 449 42.4305146533333 0.0 0.0 0.0 
5 450 42.4305146533333 0.0 0.0 0.0 
5 451 42.4305146533333 0.0 0.0 0.0 
5 452 42.4305146533333 0.0 0.0 0.0 
5 453 42.4305146533333 0.0 0.0 0.0 
5 454 42.4305146533333 0.0 0.0 0.0 
5 455 42.4305146533333 0.0 0.0 0.0 
5 456 42.4305146533333 0.0 0.0 0.0 
5 457 42.4305146533333 0.0 0.0 0.0 
5 458 42.4305146533333 0.0 0.0 0.0 
5 459 42.4305146533333 0.0 0.0 0.0 
5 460 42.4305146533333 0.0 0.0 0.0 
5 461 42.4305146533333 0.0 0.0 0.0 
5 462 42.4305146533333 0.0 0.0 0.0 
5 463 42.4305146533333 0.0 0.0 0.0 
5 464 42.4305146533333 0.0 0.0 0.0 
5 465 42.4305146533333 0.0 0.0 0.0 
5 466 42.4305146533333 0.0 0.0 0.0 
5 467 42.4305146533333 0.0 0.0 0.0 
5 468 42.4305146533333 0.0 0.0 0.0 
5 469 42.4305146533333 0.0 0.0 0.0 
5 470 42.4305146533333 0.0 0.0 0.0 
5 471 42.4305146533333 0.0 0.0 0.0 
5 472 42.4305146533333 0.0 0.0 0.0 
5 473 42.4305146533333 0.0 0.0 0.0 
5 474 42.4305146533333 0.0 0.0 0.0 
5 475 42.4305146533333 0.0 0.0 0.0 
5 476 42.4305146533333 0.0 0.0 0.0 
5 477 42.4305146533333 0.0 0.0 0.0 
5 478 42.4305146533333 0.0 0.0 0.0 
5 479 42.4305146533333 0.0 0.0 0.0 
5 480 42.4305146533333 0.0 0.0 0.0 
5 481 42.4305146533333 0.0 0.0 0.0 
5 482 42.4305146533333 0.0 0.0 0.0 
5 483 42.4305146533333 0.0 0.0 0.0 
5 484 42.4305146533333 0.0 0.0 0.0 
5 485 42.4305146533333 0.0 0.0 0.0 
5 486 42.4305146533333 0.0 0.0 0.0 
5 487 42.4305146533333 0.0 0.0 0.0 
5 488 42.4305146533333 0.0 0.0 0.0 
5 489 42.4305146533333 0.0 0.0 0.0 
5 490 42.4305146533333 0.0 0.0 0.0 
5 491 42.4305146533333 0.0 0.0 0.0 
5 492 42.4305146533333 0.0 0.0 0.0 
5 493 42.4305146533333 0.0 0.0 0.0 
5 494 42.4305146533333 0.0 0.0 0.0 
5 495 42.4305146533333 0.0 0.0 0.0 
5 496 42.4305146533333 0.0 0.0 0.0 
5 497 42.4305146533333 0.0 0.0 0.0 
5 498 42.4305146533333 0.0 0.0 0.0 
5 499 42.4305146533333 0.0 0.0 0.0 
5 500 42.4305146533333 0.0 0.0 0.0 
5 501 42.4305146533333 0.0 0.0 0.0 
5 502 42.4305146533333 0.0 0.0 0.0 
5 503 42.4305146533333 0.0 0.0 0.0 
5 504 42.4305146533333 0.0 0.0 0.0 
5 505 42.4305146533333 0.0 0.0 0.0 
5 506 42.4305146533333 0.0 0.0 0.0 
5 507 42.4305146533333 0.0 0.0 0.0 
5 508 42.4305146533333 0.0 0.0 0.0 
5 509 42.4305146533333 0.0 0.0 0.0 
5 510 42.4305146533333 0.0 0.0 0.0 
5 511 42.4305146533333 0.0 0.0 0.0 
5 512 42.4305146533333 0.0 0.0 0.0 
5 513 42.4305146533333 0.0 0.0 0.0 
5 514 42.4305146533333 0.0 0.0 0.0 
5 515 42.4305146533333 0.0 0.0 0.0 
5 516 42.4305146533333 0.0 0.0 0.0 
5 517 42.4305146533333 0.0 0.0 0.0 
5 518 42.4305146533333 0.0 0.0 0.0 
5 519 42.4305146533333 0.0 0.0 0.0 
5 520 42.4305146533333 0.0 0.0 0.0 
5 521 42.4305146533333 0.0 0.0 0.0 
5 522 42.4305146533333 0.0 0.0 0.0 
5 523 42.4305146533333 0.0 0.0 0.0 
5 524 42.4305146533333 0.0 0.0 0.0 
5 525 42.4305146533333 0.0 0.0 0.0 
5 526 42.4305146533333 0.0 0.0 0.0 
5 527 42.4305146533333 0.0 0.0 0.0 
5 528 42.4305146533333 0.0 0.0 0.0 
5 529 42.4305146533333 0.0 0.0 0.0 
5 530 42.4305146533333 0.0 0.0 0.0 
5 531 42.4305146533333 0.0 0.0 0.0 
5 532 42.4305146533333 0.0 0.0 0.0 
5 533 42.4305146533333 0.0 0.0 0.0 
5 534 42.4305146533333 0.0 0.0 0.0 
5 535 42.4305146533333 0.0 0.0 0.0 
5 536 42.4305146533333 0.0 0.0 0.0 
5 537 42.4305146533333 0.0 0.0 0.0 
5 538 42.4305146533333 0.0 0.0 0.0 
5 539 42.4305146533333 0.0 0.0 0.0 
5 540 42.4305146533333 0.0 0.0 0.0 
5 541 42.4305146533333 0.0 0.0 0.0 
5 542 42.4305146533333 0.0 0.0 0.0 
5 543 42.4305146533333 0.0 0.0 0.0 
5 544 42.4305146533333 0.0 0.0 0.0 
5 545 42.4305146533333 0.0 0.0 0.0 
5 546 42.4305146533333 0.0 0.0 0.0 
5 547 42.4305146533333 0.0 0.0 0.0 
5 548 42.4305146533333 0.0 0.0 0.0 
5 549 42.4305146533333 0.0 0.0 0.0 
5 550 42.4305146533333 0.0 0.0 0.0 
5 551 42.4305146533333 0.0 0.0 0.0 
5 552 42.4305146533333 0.0 0.0 0.0 
5 553 42.4305146533333 0.0 0.0 0.0 
5 554 42.4305146533333 0.0 0.0 0.0 
5 555 42.4305146533333 0.0 0.0 0.0 
5 556 42.4305146533333 0.0 0.0 0.0 
5 557 42.4305146533333 0.0 0.0 0.0 
5 558 42.4305146533333 0.0 0.0 0.0 
5 559 42.4305146533333 0.0 0.0 0.0 
5 560 42.4305146533333 0.0 0.0 0.0 
5 561 42.4305146533333 0.0 0.0 0.0 
5 562 42.4305146533333 0.0 0.0 0.0 
5 563 42.4305146533333 0.0 0.0 0.0 
5 564 42.4305146533333 0.0 0.0 0.0 
5 565 42.4305146533333 0.0 0.0 0.0 
5 566 42.4305146533333 0.0 0.0 0.0 
5 567 42.4305146533333 0.0 0.0 0.0 
5 568 42.4305146533333 0.0 0.0 0.0 
5 569 42.4305146533333 0.0 0.0 0.0 
5 570 42.4305146533333 0.0 0.0 0.0 
5 571 42.4305146533333 0.0 0.0 0.0 
5 572 42.4305146533333 0.0 0.0 0.0 
5 573 42.4305146533333 0.0 0.0 0.0 
5 574 42.4305146533333 0.0 0.0 0.0 
5 575 42.4305146533333 0.0 0.0 0.0 
5 576 42.4305146533333 0.0 0.0 0.0 
5 577 42.4305146533333 0.0 0.0 0.0 
5 578 42.4305146533333 0.0 0.0 0.0 
5 579 42.4305146533333 0.0 0.0 0.0 
5 580 42.4305146533333 0.0 0.0 0.0 
5 581 42.4305146533333 0.0 0.0 0.0 
5 582 42.4305146533333 0.0 0.0 0.0 
5 583 42.4305146533333 0.0 0.0 0.0 
5 584 42.4305146533333 0.0 0.0 0.0 
5 585 42.4305146533333 0.0 0.0 0.0 
5 586 42.4305146533333 0.0 0.0 0.0 
5 587 42.4305146533333 0.0 0.0 0.0 
5 588 42.4305146533333 0.0 0.0 0.0 
5 589 42.4305146533333 0.0 0.0 0.0 
5 590 42.4305146533333 0.0 0.0 0.0 
5 591 42.4305146533333 0.0 0.0 0.0 
5 592 42.4305146533333 0.0 0.0 0.0 
5 593 42.4305146533333 0.0 0.0 0.0 
5 594 42.4305146533333 0.0 0.0 0.0 
5 595 42.4305146533333 0.0 0.0 0.0 
5 596 42.4305146533333 0.0 0.0 0.0 
5 597 42.4305146533333 0.0 0.0 0.0 
5 598 42.4305146533333 0.0 0.0 0.0 
5 599 42.4305146533333 0.0 0.0 0.0 
5 600 42.4305146533333 0.0 0.0 0.0 
5 601 42.4305146533333 0.0 0.0 0.0 
5 602 42.4305146533333 0.0 0.0 0.0 
5 603 42.4305146533333 0.0 0.0 0.0 
5 604 42.4305146533333 0.0 0.0 0.0 
5 605 42.4305146533333 0.0 0.0 0.0 
5 606 42.4305146533333 0.0 0.0 0.0 
5 607 42.4305146533333 0.0 0.0 0.0 
5 608 42.4305146533333 0.0 0.0 0.0 
5 609 42.4305146533333 0.0 0.0 0.0 
5 610 42.4305146533333 0.0 0.0 0.0 
5 611 42.4305146533333 0.0 0.0 0.0 
5 612 42.4305146533333 0.0 0.0 0.0 
5 613 42.4305146533333 0.0 0.0 0.0 
5 614 42.4305146533333 0.0 0.0 0.0 
5 615 42.4305146533333 0.0 0.0 0.0 
5 616 42.4305146533333 0.0 0.0 0.0 
5 617 42.4305146533333 0.0 0.0 0.0 
5 618 42.4305146533333 0.0 0.0 0.0 
5 619 42.4305146533333 0.0 0.0 0.0 
5 620 42.4305146533333 0.0 0.0 0.0 
5 621 42.4305146533333 0.0 0.0 0.0 
5 622 42.4305146533333 0.0 0.0 0.0 
5 623 42.4305146533333 0.0 0.0 0.0 
5 624 42.4305146533333 0.0 0.0 0.0 
5 625 42.4305146533333 0.0 0.0 0.0 
5 626 42.4305146533333 0.0 0.0 0.0 
5 627 42.4305146533333 0.0 0.0 0.0 
5 628 42.4305146533333 0.0 0.0 0.0 
5 629 42.4305146533333 0.0 0.0 0.0 
5 630 42.4305146533333 0.0 0.0 0.0 
5 631 42.4305146533333 0.0 0.0 0.0 
5 632 42.4305146533333 0.0 0.0 0.0 
5 633 42.4305146533333 0.0 0.0 0.0 
5 634 42.4305146533333 0.0 0.0 0.0 
5 635 42.4305146533333 0.0 0.0 0.0 
5 636 42.4305146533333 0.0 0.0 0.0 
5 637 42.4305146533333 0.0 0.0 0.0 
5 638 42.4305146533333 0.0 0.0 0.0 
5 639 42.4305146533333 0.0 0.0 0.0 
5 640 42.4305146533333 0.0 0.0 0.0 
5 641 42.4305146533333 0.0 0.0 0.0 
5 642 42.4305146533333 0.0 0.0 0.0 
5 643 42.4305146533333 0.0 0.0 0.0 
5 644 42.4305146533333 0.0 0.0 0.0 
5 645 42.4305146533333 0.0 0.0 0.0 
5 646 42.4305146533333 0.0 0.0 0.0 
5 647 42.4305146533333 0.0 0.0 0.0 
5 648 42.4305146533333 0.0 0.0 0.0 
5 649 42.4305146533333 0.0 0.0 0.0 
5 650 42.4305146533333 0.0 0.0 0.0 
5 651 42.4305146533333 0.0 0.0 0.0 
5 652 42.4305146533333 0.0 0.0 0.0 
5 653 42.4305146533333 0.0 0.0 0.0 
5 654 42.4305146533333 0.0 0.0 0.0 
5 655 42.4305146533333 0.0 0.0 0.0 
5 656 42.4305146533333 0.0 0.0 0.0 
5 657 42.4305146533333 0.0 0.0 0.0 
5 658 42.4305146533333 0.0 0.0 0.0 
5 659 42.4305146533333 0.0 0.0 0.0 
5 660 42.4305146533333 0.0 0.0 0.0 
5 661 42.4305146533333 0.0 0.0 0.0 
5 662 42.4305146533333 0.0 0.0 0.0 
5 663 42.4305146533333 0.0 0.0 0.0 
5 664 42.4305146533333 0.0 0.0 0.0 
5 665 42.4305146533333 0.0 0.0 0.0 
5 666 42.4305146533333 0.0 0.0 0.0 
5 667 42.4305146533333 0.0 0.0 0.0 
5 668 42.4305146533333 0.0 0.0 0.0 
5 669 42.4305146533333 0.0 0.0 0.0 
5 670 42.4305146533333 0.0 0.0 0.0 
5 671 42.4305146533333 0.0 0.0 0.0 
5 672 42.4305146533333 0.0 0.0 0.0 
5 673 42.4305146533333 0.0 0.0 0.0 
5 674 42.4305146533333 0.0 0.0 0.0 
5 675 42.4305146533333 0.0 0.0 0.0 
5 676 42.4305146533333 0.0 0.0 0.0 
5 677 42.4305146533333 0.0 0.0 0.0 
5 678 42.4305146533333 0.0 0.0 0.0 
5 679 42.4305146533333 0.0 0.0 0.0 
5 680 42.4305146533333 0.0 0.0 0.0 
5 681 42.4305146533333 0.0 0.0 0.0 
5 682 42.4305146533333 0.0 0.0 0.0 
5 683 42.4305146533333 0.0 0.0 0.0 
5 684 42.4305146533333 0.0 0.0 0.0 
5 685 42.4305146533333 0.0 0.0 0.0 
5 686 42.4305146533333 0.0 0.0 0.0 
5 687 42.4305146533333 0.0 0.0 0.0 
5 688 42.4305146533333 0.0 0.0 0.0 
5 689 42.4305146533333 0.0 0.0 0.0 
5 690 42.4305146533333 0.0 0.0 0.0 
5 691 42.4305146533333 0.0 0.0 0.0 
5 692 42.4305146533333 0.0 0.0 0.0 
5 693 42.4305146533333 0.0 0.0 0.0 
5 694 42.4305146533333 0.0 0.0 0.0 
5 695 42.4305146533333 0.0 0.0 0.0 
5 696 42.4305146533333 0.0 0.0 0.0 
5 697 42.4305146533333 0.0 0.0 0.0 
5 698 42.4305146533333 0.0 0.0 0.0 
5 699 42.4305146533333 0.0 0.0 0.0 
5 700 42.4305146533333 0.0 0.0 0.0 
5 701 42.4305146533333 0.0 0.0 0.0 
5 702 42.4305146533333 0.0 0.0 0.0 
5 703 42.4305146533333 0.0 0.0 0.0 
5 704 42.4305146533333 0.0 0.0 0.0 
5 705 42.4305146533333 0.0 0.0 0.0 
5 706 42.4305146533333 0.0 0.0 0.0 
5 707 42.4305146533333 0.0 0.0 0.0 
5 708 42.4305146533333 0.0 0.0 0.0 
5 709 42.4305146533333 0.0 0.0 0.0 
5 710 42.4305146533333 0.0 0.0 0.0 
5 711 42.4305146533333 0.0 0.0 0.0 
5 712 42.4305146533333 0.0 0.0 0.0 
5 713 42.4305146533333 0.0 0.0 0.0 
5 714 42.4305146533333 0.0 0.0 0.0 
5 715 42.4305146533333 0.0 0.0 0.0 
5 716 42.4305146533333 0.0 0.0 0.0 
5 717 42.4305146533333 0.0 0.0 0.0 
5 718 42.4305146533333 0.0 0.0 0.0 
5 719 42.4305146533333 0.0 0.0 0.0 
5 720 42.4305146533333 0.0 0.0 0.0 
5 721 42.4305146533333 0.0 0.0 0.0 
5 722 42.4305146533333 0.0 0.0 0.0 
5 723 42.4305146533333 0.0 0.0 0.0 
5 724 42.4305146533333 0.0 0.0 0.0 
5 725 42.4305146533333 0.0 0.0 0.0 
5 726 42.4305146533333 0.0 0.0 0.0 
5 727 42.4305146533333 0.0 0.0 0.0 
5 728 42.4305146533333 0.0 0.0 0.0 
5 729 42.4305146533333 0.0 0.0 0.0 
5 730 42.4305146533333 0.0 0.0 0.0 
5 731 42.4305146533333 0.0 0.0 0.0 
5 732 42.4305146533333 0.0 0.0 0.0 
5 733 42.4305146533333 0.0 0.0 0.0 
5 734 42.4305146533333 0.0 0.0 0.0 
5 735 42.4305146533333 0.0 0.0 0.0 
5 736 42.4305146533333 0.0 0.0 0.0 
5 737 42.4305146533333 0.0 0.0 0.0 
5 738 42.4305146533333 0.0 0.0 0.0 
5 739 42.4305146533333 0.0 0.0 0.0 
5 740 42.4305146533333 0.0 0.0 0.0 
5 741 42.4305146533333 0.0 0.0 0.0 
5 742 42.4305146533333 0.0 0.0 0.0 
5 743 42.4305146533333 0.0 0.0 0.0 
5 744 42.4305146533333 0.0 0.0 0.0 
5 745 42.4305146533333 0.0 0.0 0.0 
5 746 42.4305146533333 0.0 0.0 0.0 
5 747 42.4305146533333 0.0 0.0 0.0 
5 748 42.4305146533333 0.0 0.0 0.0 
5 749 42.4305146533333 0.0 0.0 0.0 
5 750 42.4305146533333 0.0 0.0 0.0 
5 751 42.4305146533333 0.0 0.0 0.0 
5 752 42.4305146533333 0.0 0.0 0.0 
5 753 42.4305146533333 0.0 0.0 0.0 
5 754 42.4305146533333 0.0 0.0 0.0 
5 755 42.4305146533333 0.0 0.0 0.0 
5 756 42.4305146533333 0.0 0.0 0.0 
5 757 42.4305146533333 0.0 0.0 0.0 
5 758 42.4305146533333 0.0 0.0 0.0 
5 759 42.4305146533333 0.0 0.0 0.0 
5 760 42.4305146533333 0.0 0.0 0.0 
5 761 42.4305146533333 0.0 0.0 0.0 
5 762 42.4305146533333 0.0 0.0 0.0 
5 763 42.4305146533333 0.0 0.0 0.0 
5 764 42.4305146533333 0.0 0.0 0.0 
5 765 42.4305146533333 0.0 0.0 0.0 
5 766 42.4305146533333 0.0 0.0 0.0 
5 767 42.4305146533333 0.0 0.0 0.0 
5 768 42.4305146533333 0.0 0.0 0.0 
5 769 42.4305146533333 0.0 0.0 0.0 
5 770 42.4305146533333 0.0 0.0 0.0 
5 771 42.4305146533333 0.0 0.0 0.0 
5 772 42.4305146533333 0.0 0.0 0.0 
5 773 42.4305146533333 0.0 0.0 0.0 
5 774 42.4305146533333 0.0 0.0 0.0 
5 775 42.4305146533333 0.0 0.0 0.0 
5 776 42.4305146533333 0.0 0.0 0.0 
5 777 42.4305146533333 0.0 0.0 0.0 
5 778 42.4305146533333 0.0 0.0 0.0 
5 779 42.4305146533333 0.0 0.0 0.0 
5 780 42.4305146533333 0.0 0.0 0.0 
5 781 42.4305146533333 0.0 0.0 0.0 
5 782 42.4305146533333 0.0 0.0 0.0 
5 783 42.4305146533333 0.0 0.0 0.0 
5 784 42.4305146533333 0.0 0.0 0.0 
5 785 42.4305146533333 0.0 0.0 0.0 
5 786 42.4305146533333 0.0 0.0 0.0 
5 787 42.4305146533333 0.0 0.0 0.0 
5 788 42.4305146533333 0.0 0.0 0.0 
5 789 42.4305146533333 0.0 0.0 0.0 
5 790 42.4305146533333 0.0 0.0 0.0 
5 791 42.4305146533333 0.0 0.0 0.0 
5 792 42.4305146533333 0.0 0.0 0.0 
5 793 42.4305146533333 0.0 0.0 0.0 
5 794 42.4305146533333 0.0 0.0 0.0 
5 795 42.4305146533333 0.0 0.0 0.0 
5 796 42.4305146533333 0.0 0.0 0.0 
5 797 42.4305146533333 0.0 0.0 0.0 
5 798 42.4305146533333 0.0 0.0 0.0 
5 799 42.4305146533333 0.0 0.0 0.0 
5 800 42.4305146533333 0.0 0.0 0.0 
5 801 42.4305146533333 0.0 0.0 0.0 
5 802 42.4305146533333 0.0 0.0 0.0 
5 803 42.4305146533333 0.0 0.0 0.0 
5 804 42.4305146533333 0.0 0.0 0.0 
5 805 42.4305146533333 0.0 0.0 0.0 
5 806 42.4305146533333 0.0 0.0 0.0 
5 807 42.4305146533333 0.0 0.0 0.0 
5 808 42.4305146533333 0.0 0.0 0.0 
5 809 42.4305146533333 0.0 0.0 0.0 
5 810 42.4305146533333 0.0 0.0 0.0 
5 811 42.4305146533333 0.0 0.0 0.0 
5 812 42.4305146533333 0.0 0.0 0.0 
5 813 42.4305146533333 0.0 0.0 0.0 
5 814 42.4305146533333 0.0 0.0 0.0 
5 815 42.4305146533333 0.0 0.0 0.0 
5 816 42.4305146533333 0.0 0.0 0.0 
5 817 42.4305146533333 0.0 0.0 0.0 
5 818 42.4305146533333 0.0 0.0 0.0 
5 819 42.4305146533333 0.0 0.0 0.0 
5 820 42.4305146533333 0.0 0.0 0.0 
5 821 42.4305146533333 0.0 0.0 0.0 
5 822 42.4305146533333 0.0 0.0 0.0 
5 823 42.4305146533333 0.0 0.0 0.0 
5 824 42.4305146533333 0.0 0.0 0.0 
5 825 42.4305146533333 0.0 0.0 0.0 
5 826 42.4305146533333 0.0 0.0 0.0 
5 827 42.4305146533333 0.0 0.0 0.0 
5 828 42.4305146533333 0.0 0.0 0.0 
5 829 42.4305146533333 0.0 0.0 0.0 
5 830 42.4305146533333 0.0 0.0 0.0 
5 831 42.4305146533333 0.0 0.0 0.0 
5 832 42.4305146533333 0.0 0.0 0.0 
5 833 42.4305146533333 0.0 0.0 0.0 
5 834 42.4305146533333 0.0 0.0 0.0 
5 835 42.4305146533333 0.0 0.0 0.0 
5 836 42.4305146533333 0.0 0.0 0.0 
5 837 42.4305146533333 0.0 0.0 0.0 
5 838 42.4305146533333 0.0 0.0 0.0 
5 839 42.4305146533333 0.0 0.0 0.0 
5 840 42.4305146533333 0.0 0.0 0.0 
5 841 42.4305146533333 0.0 0.0 0.0 
5 842 42.4305146533333 0.0 0.0 0.0 
5 843 42.4305146533333 0.0 0.0 0.0 
5 844 42.4305146533333 0.0 0.0 0.0 
5 845 42.4305146533333 0.0 0.0 0.0 
5 846 42.4305146533333 0.0 0.0 0.0 
5 847 42.4305146533333 0.0 0.0 0.0 
5 848 42.4305146533333 0.0 0.0 0.0 
5 849 42.4305146533333 0.0 0.0 0.0 
5 850 42.4305146533333 0.0 0.0 0.0 
5 851 42.4305146533333 0.0 0.0 0.0 
5 852 42.4305146533333 0.0 0.0 0.0 
5 853 42.4305146533333 0.0 0.0 0.0 
5 854 42.4305146533333 0.0 0.0 0.0 
5 855 42.4305146533333 0.0 0.0 0.0 
5 856 42.4305146533333 0.0 0.0 0.0 
5 857 42.4305146533333 0.0 0.0 0.0 
5 858 42.4305146533333 0.0 0.0 0.0 
5 859 42.4305146533333 0.0 0.0 0.0 
5 860 42.4305146533333 0.0 0.0 0.0 
5 861 42.4305146533333 0.0 0.0 0.0 
5 862 42.4305146533333 0.0 0.0 0.0 
5 863 42.4305146533333 0.0 0.0 0.0 
5 864 42.4305146533333 0.0 0.0 0.0 
5 865 42.4305146533333 0.0 0.0 0.0 
5 866 42.4305146533333 0.0 0.0 0.0 
5 867 42.4305146533333 0.0 0.0 0.0 
5 868 42.4305146533333 0.0 0.0 0.0 
5 869 42.4305146533333 0.0 0.0 0.0 
5 870 42.4305146533333 0.0 0.0 0.0 
5 871 42.4305146533333 0.0 0.0 0.0 
5 872 42.4305146533333 0.0 0.0 0.0 
5 873 42.4305146533333 0.0 0.0 0.0 
5 874 42.4305146533333 0.0 0.0 0.0 
5 875 42.4305146533333 0.0 0.0 0.0 
5 876 42.4305146533333 0.0 0.0 0.0 
5 877 42.4305146533333 0.0 0.0 0.0 
5 878 42.4305146533333 0.0 0.0 0.0 
5 879 42.4305146533333 0.0 0.0 0.0 
5 880 42.4305146533333 0.0 0.0 0.0 
5 881 42.4305146533333 0.0 0.0 0.0 
5 882 42.4305146533333 0.0 0.0 0.0 
5 883 42.4305146533333 0.0 0.0 0.0 
5 884 42.4305146533333 0.0 0.0 0.0 
5 885 42.4305146533333 0.0 0.0 0.0 
5 886 42.4305146533333 0.0 0.0 0.0 
5 887 42.4305146533333 0.0 0.0 0.0 
5 888 42.4305146533333 0.0 0.0 0.0 
5 889 42.4305146533333 0.0 0.0 0.0 
5 890 42.4305146533333 0.0 0.0 0.0 
5 891 42.4305146533333 0.0 0.0 0.0 
5 892 42.4305146533333 0.0 0.0 0.0 
5 893 42.4305146533333 0.0 0.0 0.0 
5 894 42.4305146533333 0.0 0.0 0.0 
5 895 42.4305146533333 0.0 0.0 0.0 
5 896 42.4305146533333 0.0 0.0 0.0 
5 897 42.4305146533333 0.0 0.0 0.0 
5 898 42.4305146533333 0.0 0.0 0.0 
5 899 42.4305146533333 0.0 0.0 0.0 
5 900 42.4305146533333 0.0 0.0 0.0 
5 901 42.4305146533333 0.0 0.0 0.0 
5 902 42.4305146533333 0.0 0.0 0.0 
5 903 42.4305146533333 0.0 0.0 0.0 
5 904 42.4305146533333 0.0 0.0 0.0 
5 905 42.4305146533333 0.0 0.0 0.0 
5 906 42.4305146533333 0.0 0.0 0.0 
5 907 42.4305146533333 0.0 0.0 0.0 
5 908 42.4305146533333 0.0 0.0 0.0 
5 909 42.4305146533333 0.0 0.0 0.0 
5 910 42.4305146533333 0.0 0.0 0.0 
5 911 42.4305146533333 0.0 0.0 0.0 
5 912 42.4305146533333 0.0 0.0 0.0 
5 913 42.4305146533333 0.0 0.0 0.0 
5 914 42.4305146533333 0.0 0.0 0.0 
5 915 42.4305146533333 0.0 0.0 0.0 
5 916 42.4305146533333 0.0 0.0 0.0 
5 917 42.4305146533333 0.0 0.0 0.0 
5 918 42.4305146533333 0.0 0.0 0.0 
5 919 42.4305146533333 0.0 0.0 0.0 
5 920 42.4305146533333 0.0 0.0 0.0 
5 921 42.4305146533333 0.0 0.0 0.0 
5 922 42.4305146533333 0.0 0.0 0.0 
5 923 42.4305146533333 0.0 0.0 0.0 
5 924 42.4305146533333 0.0 0.0 0.0 
5 925 42.4305146533333 0.0 0.0 0.0 
5 926 42.4305146533333 0.0 0.0 0.0 
5 927 42.4305146533333 0.0 0.0 0.0 
5 928 42.4305146533333 0.0 0.0 0.0 
5 929 42.4305146533333 0.0 0.0 0.0 
5 930 42.4305146533333 0.0 0.0 0.0 
5 931 42.4305146533333 0.0 0.0 0.0 
5 932 42.4305146533333 0.0 0.0 0.0 
5 933 42.4305146533333 0.0 0.0 0.0 
5 934 42.4305146533333 0.0 0.0 0.0 
5 935 42.4305146533333 0.0 0.0 0.0 
5 936 42.4305146533333 0.0 0.0 0.0 
5 937 42.4305146533333 0.0 0.0 0.0 
5 938 42.4305146533333 0.0 0.0 0.0 
5 939 42.4305146533333 0.0 0.0 0.0 
5 940 42.4305146533333 0.0 0.0 0.0 
5 941 42.4305146533333 0.0 0.0 0.0 
5 942 42.4305146533333 0.0 0.0 0.0 
5 943 42.4305146533333 0.0 0.0 0.0 
5 944 42.4305146533333 0.0 0.0 0.0 
5 945 42.4305146533333 0.0 0.0 0.0 
5 946 42.4305146533333 0.0 0.0 0.0 
5 947 42.4305146533333 0.0 0.0 0.0 
5 948 42.4305146533333 0.0 0.0 0.0 
5 949 42.4305146533333 0.0 0.0 0.0 
5 950 42.4305146533333 0.0 0.0 0.0 
5 951 42.4305146533333 0.0 0.0 0.0 
5 952 42.4305146533333 0.0 0.0 0.0 
5 953 42.4305146533333 0.0 0.0 0.0 
5 954 42.4305146533333 0.0 0.0 0.0 
5 955 42.4305146533333 0.0 0.0 0.0 
5 956 42.4305146533333 0.0 0.0 0.0 
5 957 42.4305146533333 0.0 0.0 0.0 
