2 1 33.4343318141714 838072.934824464 0.02043 26.5 0.0 
2 32 33.4800807231502 1558462.26128169 0.02043 26.5 0.0 
2 63 33.5395815794313 1558462.26128285 0.02043 26.5 0.0 
2 94 33.5990824357125 1558462.26128285 0.02043 26.5 0.0 
2 125 33.6585832919937 1558462.26128285 0.02043 26.5 0.0 
2 156 33.7180841482749 1558462.26128169 0.02043 26.5 0.0 
2 187 33.777585004556 1558462.26128285 0.02043 26.5 0.0 
2 218 33.8370858608372 1558462.26128285 0.02043 26.5 0.0 
2 249 33.8965867171184 1558462.26128169 0.02043 26.5 0.0 
2 280 33.9560875733996 1558462.26128285 0.02043 26.5 0.0 
2 311 34.0155884296808 1558462.26128285 0.02043 26.5 0.0 
2 342 34.0750892859619 1558462.26128169 0.02043 26.5 0.0 
2 373 34.1345901422431 1558462.26128285 0.02043 26.5 0.0 
2 404 34.1940909985243 1558462.26128285 0.02043 26.5 0.0 
2 435 34.2402540466658 859767.421137307 0.02043 26.5 0.0 
2 31 32.443531033808 900786.691800257 0.02043 26.5 0.0 
2 30 32.5210418386611 1546397.73033443 0.02043 26.5 0.0 
2 29 32.6190013807512 1546397.73033327 0.02043 26.5 0.0 
2 28 32.7169609228413 1546397.73033443 0.02043 26.5 0.0 
2 27 32.8149204649315 1546397.73033444 0.02043 26.5 0.0 
2 26 32.9128800070216 1546397.73033443 0.02043 26.5 0.0 
2 25 33.0108395491117 1546397.73033327 0.02043 26.5 0.0 
2 24 33.1087990912018 1546397.73033444 0.02043 26.5 0.0 
2 23 33.206758633292 1546397.73033443 0.02043 26.5 0.0 
2 22 33.3047181753821 1546397.73033444 0.02043 26.5 0.0 
2 21 33.4026777174722 1546397.73033443 0.02043 26.5 0.0 
2 20 33.5006372595624 1546397.73033327 0.02043 26.5 0.0 
2 19 33.5985968016525 1546397.73033444 0.02043 26.5 0.0 
2 18 33.6965563437426 1546397.73033443 0.02043 26.5 0.0 
2 17 33.7945158858327 1546397.73033443 0.02043 26.5 0.0 
2 16 33.8700811617722 839362.119326778 0.02043 26.5 0.0 
2 957 33.1385273920509 793002.980710612 0.02043 26.5 0.0 
2 926 33.1588713418833 1558470.36254446 0.02043 26.5 0.0 
2 895 33.1858377907794 1558470.36254562 0.02043 26.5 0.0 
2 864 33.2128042396756 1558470.36254562 0.02043 26.5 0.0 
2 833 33.2397706885718 1558470.36254446 0.02043 26.5 0.0 
2 802 33.266737137468 1558470.36254562 0.02043 26.5 0.0 
2 771 33.2937035863642 1558470.36254562 0.02043 26.5 0.0 
2 740 33.3206700352603 1558470.36254562 0.02043 26.5 0.0 
2 709 33.3476364841565 1558470.36254446 0.02043 26.5 0.0 
2 678 33.3746029330527 1558470.36254563 0.02043 26.5 0.0 
2 647 33.4015693819489 1558470.36254562 0.02043 26.5 0.0 
2 616 33.428535830845 1558470.36254446 0.02043 26.5 0.0 
2 585 33.4555022797412 1558470.36254562 0.02043 26.5 0.0 
2 554 33.4824687286374 1558470.36254562 0.02043 26.5 0.0 
2 523 33.5094351775336 1558470.36254446 0.02043 26.5 0.0 
2 483 33.5289592009908 698231.06914262 0.02043 26.5 0.0 
2 927 33.3325281691541 934462.350052176 0.02043 26.5 0.0 
2 928 33.3569388627955 1546373.04399086 0.02043 26.5 0.0 
2 929 33.3873705784368 1546373.04398969 0.02043 26.5 0.0 
2 930 33.417802294078 1546373.04399086 0.02043 26.5 0.0 
2 931 33.4482340097193 1546373.04399086 0.02043 26.5 0.0 
2 932 33.4786657253606 1546373.04399086 0.02043 26.5 0.0 
2 933 33.5090974410019 1546373.0439897 0.02043 26.5 0.0 
2 934 33.5395291566432 1546373.04399086 0.02043 26.5 0.0 
2 935 33.5699608722845 1546373.04399086 0.02043 26.5 0.0 
2 936 33.6003925879257 1546373.04399086 0.02043 26.5 0.0 
2 937 33.630824303567 1546373.04399086 0.02043 26.5 0.0 
2 938 33.6612560192083 1546373.0439897 0.02043 26.5 0.0 
2 939 33.6916877348496 1546373.04399086 0.02043 26.5 0.0 
2 940 33.7221194504909 1546373.04399086 0.02043 26.5 0.0 
2 941 33.7525511661322 1546373.04399086 0.02043 26.5 0.0 
2 942 33.7747168453097 706303.682223875 0.02043 26.5 0.0 
2 435 34.2426367494337 698694.840145542 0.02043 26.5 0.0 
2 484 34.197312631528 1558462.26128169 0.02043 26.5 0.0 
2 524 34.1347242301827 1558462.26128285 0.02043 26.5 0.0 
2 555 34.0721358288372 1558462.26128285 0.02043 26.5 0.0 
2 586 34.0095474274918 1558462.26128169 0.02043 26.5 0.0 
2 617 33.9469590261464 1558462.26128285 0.02043 26.5 0.0 
2 648 33.884370624801 1558462.26128285 0.02043 26.5 0.0 
2 679 33.8217822234556 1558462.26128169 0.02043 26.5 0.0 
2 710 33.7591938221102 1558462.26128285 0.02043 26.5 0.0 
2 741 33.6966054207648 1558462.26128285 0.02043 26.5 0.0 
2 772 33.6340170194194 1558462.26128285 0.02043 26.5 0.0 
2 803 33.571428618074 1558462.26128169 0.02043 26.5 0.0 
2 834 33.5088402167286 1558462.26128285 0.02043 26.5 0.0 
2 865 33.4462518153832 1558462.26128285 0.02043 26.5 0.0 
2 896 33.3836634140378 1558462.26128169 0.02043 26.5 0.0 
2 927 33.3378512733492 722998.547333626 0.02043 26.5 0.0 
2 16 33.8893641496684 707035.611006496 0.02043 26.5 0.0 
2 15 33.8660898831061 1546397.73033443 0.02043 26.5 0.0 
2 14 33.8341463839781 1546397.73033444 0.02043 26.5 0.0 
2 13 33.8022028848501 1546397.73033443 0.02043 26.5 0.0 
2 12 33.7702593857221 1546397.73033327 0.02043 26.5 0.0 
2 11 33.7383158865941 1546397.73033444 0.02043 26.5 0.0 
2 10 33.706372387466 1546397.73033443 0.02043 26.5 0.0 
2 9 33.674428888338 1546397.73033444 0.02043 26.5 0.0 
2 8 33.64248538921 1546397.73033443 0.02043 26.5 0.0 
2 7 33.610541890082 1546397.73033327 0.02043 26.5 0.0 
2 6 33.578598390954 1546397.73033444 0.02043 26.5 0.0 
2 5 33.5466548918259 1546397.73033443 0.02043 26.5 0.0 
2 4 33.5147113926979 1546397.73033443 0.02043 26.5 0.0 
2 3 33.4827678935699 1546397.73033327 0.02043 26.5 0.0 
2 2 33.4508243944419 1546397.73033443 0.02043 26.5 0.0 
2 1 33.4265929891056 799706.562414698 0.02043 26.5 0.0 
2 483 33.5133301588848 860239.293403004 0.02043 26.5 0.0 
2 434 33.4524017005475 1558470.36254563 0.02043 26.5 0.0 
2 403 33.3738844661032 1558470.36254562 0.02043 26.5 0.0 
2 372 33.295367231659 1558470.36254446 0.02043 26.5 0.0 
2 341 33.2168499972148 1558470.36254562 0.02043 26.5 0.0 
2 310 33.1383327627706 1558470.36254562 0.02043 26.5 0.0 
2 279 33.0598155283264 1558470.36254446 0.02043 26.5 0.0 
2 248 32.9812982938822 1558470.36254563 0.02043 26.5 0.0 
2 217 32.902781059438 1558470.36254562 0.02043 26.5 0.0 
2 186 32.8242638249938 1558470.36254446 0.02043 26.5 0.0 
2 155 32.7457465905496 1558470.36254562 0.02043 26.5 0.0 
2 124 32.6672293561054 1558470.36254562 0.02043 26.5 0.0 
2 93 32.5887121216611 1558470.36254563 0.02043 26.5 0.0 
2 62 32.5101948872169 1558470.36254446 0.02043 26.5 0.0 
2 31 32.4429681349974 1110266.04025697 0.02043 26.5 0.0 
2 942 33.7698934114555 840069.361765821 0.02043 26.5 0.0 
2 943 33.7364483213611 1546373.04399086 0.02043 26.5 0.0 
2 944 33.6931046515947 1546373.04399086 0.02043 26.5 0.0 
2 945 33.6497609818283 1546373.04399086 0.02043 26.5 0.0 
2 946 33.6064173120619 1546373.0439897 0.02043 26.5 0.0 
2 947 33.5630736422955 1546373.04399086 0.02043 26.5 0.0 
2 948 33.5197299725291 1546373.04399086 0.02043 26.5 0.0 
2 949 33.4763863027627 1546373.04399086 0.02043 26.5 0.0 
2 950 33.4330426329963 1546373.04399086 0.02043 26.5 0.0 
2 951 33.3896989632299 1546373.0439897 0.02043 26.5 0.0 
2 952 33.3463552934635 1546373.04399086 0.02043 26.5 0.0 
2 953 33.3030116236971 1546373.04399086 0.02043 26.5 0.0 
2 954 33.2596679539307 1546373.04399086 0.02043 26.5 0.0 
2 955 33.2163242841643 1546373.0439897 0.02043 26.5 0.0 
2 956 33.1729806143979 1546373.04399086 0.02043 26.5 0.0 
2 957 33.1414877230907 700772.085034537 0.02043 26.5 0.0 
3 1 53.7440309862854 838072.934824464 0.024 25.5 0.0 
3 32 53.8230489932877 1558462.26128169 0.024 25.5 0.0 
3 63 53.925819511388 1558462.26128285 0.024 25.5 0.0 
3 94 54.0285900294883 1558462.26128285 0.024 25.5 0.0 
3 125 54.1313605475886 1558462.26128285 0.024 25.5 0.0 
3 156 54.2341310656889 1558462.26128169 0.024 25.5 0.0 
3 187 54.3369015837892 1558462.26128285 0.024 25.5 0.0 
3 218 54.4396721018896 1558462.26128285 0.024 25.5 0.0 
3 249 54.5424426199899 1558462.26128169 0.024 25.5 0.0 
3 280 54.6452131380902 1558462.26128285 0.024 25.5 0.0 
3 311 54.7479836561905 1558462.26128285 0.024 25.5 0.0 
3 342 54.8507541742908 1558462.26128169 0.024 25.5 0.0 
3 373 54.9535246923911 1558462.26128285 0.024 25.5 0.0 
3 404 55.0562952104914 1558462.26128285 0.024 25.5 0.0 
3 435 55.1360285231041 859767.421137307 0.024 25.5 0.0 
3 31 53.9095956986584 900786.691800257 0.024 25.5 0.0 
3 30 53.9944332817425 1546397.73033443 0.024 25.5 0.0 
3 29 54.1016525372605 1546397.73033327 0.024 25.5 0.0 
3 28 54.2088717927785 1546397.73033443 0.024 25.5 0.0 
3 27 54.3160910482965 1546397.73033444 0.024 25.5 0.0 
3 26 54.4233103038145 1546397.73033443 0.024 25.5 0.0 
3 25 54.5305295593325 1546397.73033327 0.024 25.5 0.0 
3 24 54.6377488148505 1546397.73033444 0.024 25.5 0.0 
3 23 54.7449680703685 1546397.73033443 0.024 25.5 0.0 
3 22 54.8521873258865 1546397.73033444 0.024 25.5 0.0 
3 21 54.9594065814045 1546397.73033443 0.024 25.5 0.0 
3 20 55.0666258369225 1546397.73033327 0.024 25.5 0.0 
3 19 55.1738450924405 1546397.73033444 0.024 25.5 0.0 
3 18 55.2810643479585 1546397.73033443 0.024 25.5 0.0 
3 17 55.3882836034765 1546397.73033443 0.024 25.5 0.0 
3 16 55.4709917547844 839362.119326778 0.024 25.5 0.0 
3 957 54.0853569617513 793002.980710612 0.024 25.5 0.0 
3 926 54.1559922523771 1558470.36254446 0.024 25.5 0.0 
3 895 54.2496212167928 1558470.36254562 0.024 25.5 0.0 
3 864 54.3432501812085 1558470.36254562 0.024 25.5 0.0 
3 833 54.4368791456242 1558470.36254446 0.024 25.5 0.0 
3 802 54.5305081100399 1558470.36254562 0.024 25.5 0.0 
3 771 54.6241370744556 1558470.36254562 0.024 25.5 0.0 
3 740 54.7177660388714 1558470.36254562 0.024 25.5 0.0 
3 709 54.8113950032871 1558470.36254446 0.024 25.5 0.0 
3 678 54.9050239677027 1558470.36254563 0.024 25.5 0.0 
3 647 54.9986529321185 1558470.36254562 0.024 25.5 0.0 
3 616 55.0922818965342 1558470.36254446 0.024 25.5 0.0 
3 585 55.1859108609499 1558470.36254562 0.024 25.5 0.0 
3 554 55.2795398253656 1558470.36254562 0.024 25.5 0.0 
3 523 55.3731687897813 1558470.36254446 0.024 25.5 0.0 
3 483 55.4409572518279 698231.06914262 0.024 25.5 0.0 
3 927 53.984324231831 934462.350052176 0.024 25.5 0.0 
3 928 54.0761627554026 1546373.04399086 0.024 25.5 0.0 
3 929 54.1906537188837 1546373.04398969 0.024 25.5 0.0 
3 930 54.3051446823647 1546373.04399086 0.024 25.5 0.0 
3 931 54.4196356458458 1546373.04399086 0.024 25.5 0.0 
3 932 54.5341266093269 1546373.04399086 0.024 25.5 0.0 
3 933 54.648617572808 1546373.0439897 0.024 25.5 0.0 
3 934 54.763108536289 1546373.04399086 0.024 25.5 0.0 
3 935 54.8775994997701 1546373.04399086 0.024 25.5 0.0 
3 936 54.9920904632512 1546373.04399086 0.024 25.5 0.0 
3 937 55.1065814267323 1546373.04399086 0.024 25.5 0.0 
3 938 55.2210723902133 1546373.0439897 0.024 25.5 0.0 
3 939 55.3355633536944 1546373.04399086 0.024 25.5 0.0 
3 940 55.4500543171755 1546373.04399086 0.024 25.5 0.0 
3 941 55.5645452806566 1546373.04399086 0.024 25.5 0.0 
3 942 55.6479375545319 706303.682223875 0.024 25.5 0.0 
3 435 55.146117961407 698694.840145542 0.024 25.5 0.0 
3 484 55.0871328927797 1558462.26128169 0.024 25.5 0.0 
3 524 55.0056799860443 1558462.26128285 0.024 25.5 0.0 
3 555 54.9242270793089 1558462.26128285 0.024 25.5 0.0 
3 586 54.8427741725735 1558462.26128169 0.024 25.5 0.0 
3 617 54.7613212658381 1558462.26128285 0.024 25.5 0.0 
3 648 54.6798683591027 1558462.26128285 0.024 25.5 0.0 
3 679 54.5984154523673 1558462.26128169 0.024 25.5 0.0 
3 710 54.5169625456319 1558462.26128285 0.024 25.5 0.0 
3 741 54.4355096388965 1558462.26128285 0.024 25.5 0.0 
3 772 54.3540567321611 1558462.26128285 0.024 25.5 0.0 
3 803 54.2726038254257 1558462.26128169 0.024 25.5 0.0 
3 834 54.1911509186904 1558462.26128285 0.024 25.5 0.0 
3 865 54.1096980119549 1558462.26128285 0.024 25.5 0.0 
3 896 54.0282451052196 1558462.26128169 0.024 25.5 0.0 
3 927 53.968624920926 722998.547333626 0.024 25.5 0.0 
3 16 55.4728593903018 707035.611006496 0.024 25.5 0.0 
3 15 55.3860702808858 1546397.73033443 0.024 25.5 0.0 
3 14 55.2669538381171 1546397.73033444 0.024 25.5 0.0 
3 13 55.1478373953483 1546397.73033443 0.024 25.5 0.0 
3 12 55.0287209525795 1546397.73033327 0.024 25.5 0.0 
3 11 54.9096045098108 1546397.73033444 0.024 25.5 0.0 
3 10 54.790488067042 1546397.73033443 0.024 25.5 0.0 
3 9 54.6713716242732 1546397.73033444 0.024 25.5 0.0 
3 8 54.5522551815044 1546397.73033443 0.024 25.5 0.0 
3 7 54.4331387387357 1546397.73033327 0.024 25.5 0.0 
3 6 54.3140222959669 1546397.73033444 0.024 25.5 0.0 
3 5 54.1949058531981 1546397.73033443 0.024 25.5 0.0 
3 4 54.0757894104293 1546397.73033443 0.024 25.5 0.0 
3 3 53.9566729676606 1546397.73033327 0.024 25.5 0.0 
3 2 53.8375565248918 1546397.73033443 0.024 25.5 0.0 
3 1 53.7471982709204 799706.562414698 0.024 25.5 0.0 
3 483 55.4312923306059 860239.293403004 0.024 25.5 0.0 
3 434 55.3451458287993 1558470.36254563 0.024 25.5 0.0 
3 403 55.2341306273075 1558470.36254562 0.024 25.5 0.0 
3 372 55.1231154258158 1558470.36254446 0.024 25.5 0.0 
3 341 55.0121002243241 1558470.36254562 0.024 25.5 0.0 
3 310 54.9010850228323 1558470.36254562 0.024 25.5 0.0 
3 279 54.7900698213405 1558470.36254446 0.024 25.5 0.0 
3 248 54.6790546198488 1558470.36254563 0.024 25.5 0.0 
3 217 54.568039418357 1558470.36254562 0.024 25.5 0.0 
3 186 54.4570242168653 1558470.36254446 0.024 25.5 0.0 
3 155 54.3460090153736 1558470.36254562 0.024 25.5 0.0 
3 124 54.2349938138818 1558470.36254562 0.024 25.5 0.0 
3 93 54.12397861239 1558470.36254563 0.024 25.5 0.0 
3 62 54.0129634108983 1558470.36254446 0.024 25.5 0.0 
3 31 53.9179117767429 1110266.04025697 0.024 25.5 0.0 
3 942 55.6448767444813 840069.361765821 0.024 25.5 0.0 
3 943 55.5619047143158 1546373.04399086 0.024 25.5 0.0 
3 944 55.4543758583554 1546373.04399086 0.024 25.5 0.0 
3 945 55.346847002395 1546373.04399086 0.024 25.5 0.0 
3 946 55.2393181464347 1546373.0439897 0.024 25.5 0.0 
3 947 55.1317892904743 1546373.04399086 0.024 25.5 0.0 
3 948 55.0242604345139 1546373.04399086 0.024 25.5 0.0 
3 949 54.9167315785536 1546373.04399086 0.024 25.5 0.0 
3 950 54.8092027225932 1546373.04399086 0.024 25.5 0.0 
3 951 54.7016738666328 1546373.0439897 0.024 25.5 0.0 
3 952 54.5941450106725 1546373.04399086 0.024 25.5 0.0 
3 953 54.4866161547121 1546373.04399086 0.024 25.5 0.0 
3 954 54.3790872987517 1546373.04399086 0.024 25.5 0.0 
3 955 54.2715584427914 1546373.0439897 0.024 25.5 0.0 
3 956 54.164029586831 1546373.04399086 0.024 25.5 0.0 
3 957 54.0859006560921 700772.085034537 0.024 25.5 0.0 
4 1 52.1322081738712 838072.934824464 0.0277 27 0.0 
4 32 52.1985849885954 1558462.26128169 0.0277 27 0.0 
4 63 52.2849144203016 1558462.26128285 0.0277 27 0.0 
4 94 52.3712438520077 1558462.26128285 0.0277 27 0.0 
4 125 52.4575732837139 1558462.26128285 0.0 0.0 0.0 
1 1 0.0 1.0 0.0277 27 0.0 
4 156 52.5439027154201 1558462.26128169 0.0 0.0 0.0 
1 1 0.0 1.0 0.0277 27 0.0 
4 187 52.6302321471262 1558462.26128285 0.0 0.0 0.0 
1 1 0.0 1.0 0.0277 27 0.0 
4 218 52.7165615788324 1558462.26128285 0.0 0.0 0.0 
1 1 0.0 1.0 0.0277 27 0.0 
4 249 52.8028910105386 1558462.26128169 0.0 0.0 0.0 
1 1 0.0 1.0 0.0277 27 0.0 
4 280 52.8892204422448 1558462.26128285 0.0 0.0 0.0 
1 1 0.0 1.0 0.0277 27 0.0 
4 311 52.9755498739509 1558462.26128285 0.0 0.0 0.0 
1 1 0.0 1.0 0.0277 27 0.0 
4 342 53.0618793056571 1558462.26128169 0.0 0.0 0.0 
1 1 0.0 1.0 0.0277 27 0.0 
4 373 53.1482087373633 1558462.26128285 0.0 0.0 0.0 
1 1 0.0 1.0 0.0277 27 0.0 
4 404 53.2345381690694 1558462.26128285 0.0 0.0 0.0 
1 1 0.0 1.0 0.0277 27 0.0 
4 435 53.3015158557946 859767.421137307 0.0 0.0 0.0 
1 1 0.0 1.0 0.0277 27 0.0 
4 31 52.2622447987977 900786.691800257 0.0 0.0 0.0 
1 1 0.0 1.0 0.0277 27 0.0 
4 30 52.3275387486937 1546397.73033443 0.0 0.0 0.0 
1 1 0.0 1.0 0.0277 27 0.0 
4 29 52.4100584108903 1546397.73033327 0.0 0.0 0.0 
1 1 0.0 1.0 0.0277 27 0.0 
4 28 52.492578073087 1546397.73033443 0.0 0.0 0.0 
1 1 0.0 1.0 0.0277 27 0.0 
4 27 52.5750977352837 1546397.73033444 0.0 0.0 0.0 
1 1 0.0 1.0 0.0277 27 0.0 
4 26 52.6576173974804 1546397.73033443 0.0 0.0 0.0 
1 1 0.0 1.0 0.0277 27 0.0 
4 25 52.740137059677 1546397.73033327 0.0 0.0 0.0 
1 1 0.0 1.0 0.0277 27 0.0 
4 24 52.8226567218737 1546397.73033444 0.0 0.0 0.0 
1 1 0.0 1.0 0.0277 27 0.0 
4 23 52.9051763840703 1546397.73033443 0.0 0.0 0.0 
1 1 0.0 1.0 0.0277 27 0.0 
4 22 52.987696046267 1546397.73033444 0.0 0.0 0.0 
1 1 0.0 1.0 0.0277 27 0.0 
4 21 53.0702157084637 1546397.73033443 0.0 0.0 0.0 
1 1 0.0 1.0 0.0277 27 0.0 
4 20 53.1527353706603 1546397.73033327 0.0 0.0 0.0 
1 1 0.0 1.0 0.0277 27 0.0 
4 19 53.235255032857 1546397.73033444 0.0 0.0 0.0 
1 1 0.0 1.0 0.0277 27 0.0 
4 18 53.3177746950537 1546397.73033443 0.0 0.0 0.0 
1 1 0.0 1.0 0.0277 27 0.0 
4 17 53.4002943572504 1546397.73033443 0.0 0.0 0.0 
1 1 0.0 1.0 0.0277 27 0.0 
4 16 53.4639494225077 839362.119326778 0.0 0.0 0.0 
1 1 0.0 1.0 0.0277 27 0.0 
4 957 52.3545880124028 793002.980710612 0.0 0.0 0.0 
1 1 0.0 1.0 0.0277 27 0.0 
4 926 52.4083743006973 1558470.36254446 0.0 0.0 0.0 
1 1 0.0 1.0 0.0277 27 0.0 
4 895 52.4796694624806 1558470.36254562 0.0 0.0 0.0 
1 1 0.0 1.0 0.0277 27 0.0 
4 864 52.5509646242639 1558470.36254562 0.0 0.0 0.0 
1 1 0.0 1.0 0.0277 27 0.0 
4 833 52.6222597860472 1558470.36254446 0.0 0.0 0.0 
1 1 0.0 1.0 0.0277 27 0.0 
4 802 52.6935549478305 1558470.36254562 0.0 0.0 0.0 
1 1 0.0 1.0 0.0277 27 0.0 
4 771 52.7648501096138 1558470.36254562 0.0 0.0 0.0 
1 1 0.0 1.0 0.0277 27 0.0 
4 740 52.8361452713971 1558470.36254562 0.0 0.0 0.0 
1 1 0.0 1.0 0.0277 27 0.0 
4 709 52.9074404331804 1558470.36254446 0.0 0.0 0.0 
1 1 0.0 1.0 0.0277 27 0.0 
4 678 52.9787355949637 1558470.36254563 0.0 0.0 0.0 
1 1 0.0 1.0 0.0277 27 0.0 
4 647 53.050030756747 1558470.36254562 0.0 0.0 0.0 
1 1 0.0 1.0 0.0277 27 0.0 
4 616 53.1213259185303 1558470.36254446 0.0 0.0 0.0 
1 1 0.0 1.0 0.0277 27 0.0 
4 585 53.1926210803136 1558470.36254562 0.0 0.0 0.0 
1 1 0.0 1.0 0.0277 27 0.0 
4 554 53.2639162420969 1558470.36254562 0.0 0.0 0.0 
1 1 0.0 1.0 0.0277 27 0.0 
4 523 53.3352114038802 1558470.36254446 0.0 0.0 0.0 
1 1 0.0 1.0 0.0277 27 0.0 
4 483 53.3868299323859 698231.06914262 0.0 0.0 0.0 
1 1 0.0 1.0 0.0277 27 0.0 
4 927 52.2496919942888 934462.350052176 0.0 0.0 0.0 
1 1 0.0 1.0 0.0277 27 0.0 
4 928 52.3197573720607 1546373.04399086 0.0 0.0 0.0 
1 1 0.0 1.0 0.0277 27 0.0 
4 929 52.40710473236 1546373.04398969 0.0 0.0 0.0 
1 1 0.0 1.0 0.0277 27 0.0 
4 930 52.4944520926593 1546373.04399086 0.0 0.0 0.0 
1 1 0.0 1.0 0.0277 27 0.0 
4 931 52.5817994529587 1546373.04399086 0.0 0.0 0.0 
1 1 0.0 1.0 0.0277 27 0.0 
4 932 52.669146813258 1546373.04399086 0.0 0.0 0.0 
1 1 0.0 1.0 0.0277 27 0.0 
4 933 52.7564941735573 1546373.0439897 0.0 0.0 0.0 
1 1 0.0 1.0 0.0277 27 0.0 
4 934 52.8438415338566 1546373.04399086 0.0 0.0 0.0 
1 1 0.0 1.0 0.0277 27 0.0 
4 935 52.931188894156 1546373.04399086 0.0 0.0 0.0 
1 1 0.0 1.0 0.0277 27 0.0 
4 936 53.0185362544553 1546373.04399086 0.0 0.0 0.0 
1 1 0.0 1.0 0.0277 27 0.0 
4 937 53.1058836147547 1546373.04399086 0.0 0.0 0.0 
1 1 0.0 1.0 0.0277 27 0.0 
4 938 53.193230975054 1546373.0439897 0.0 0.0 0.0 
1 1 0.0 1.0 0.0277 27 0.0 
4 939 53.2805783353533 1546373.04399086 0.0 0.0 0.0 
1 1 0.0 1.0 0.0277 27 0.0 
4 940 53.3679256956527 1546373.04399086 0.0 0.0 0.0 
1 1 0.0 1.0 0.0277 27 0.0 
4 941 53.455273055952 1546373.04399086 0.0 0.0 0.0 
1 1 0.0 1.0 0.0277 27 0.0 
4 942 53.5188946272175 706303.682223875 0.0 0.0 0.0 
1 1 0.0 1.0 0.0277 27 0.0 
4 435 53.3087630740978 698694.840145542 0.0 0.0 0.0 
1 1 0.0 1.0 0.0277 27 0.0 
4 484 53.255246855138 1558462.26128169 0.0 0.0 0.0 
1 1 0.0 1.0 0.0277 27 0.0 
4 524 53.1813459223562 1558462.26128285 0.0 0.0 0.0 
1 1 0.0 1.0 0.0277 27 0.0 
4 555 53.1074449895743 1558462.26128285 0.0 0.0 0.0 
1 1 0.0 1.0 0.0277 27 0.0 
4 586 53.0335440567925 1558462.26128169 0.0 0.0 0.0 
1 1 0.0 1.0 0.0277 27 0.0 
4 617 52.9596431240107 1558462.26128285 0.0 0.0 0.0 
1 1 0.0 1.0 0.0277 27 0.0 
4 648 52.8857421912288 1558462.26128285 0.0 0.0 0.0 
1 1 0.0 1.0 0.0277 27 0.0 
4 679 52.811841258447 1558462.26128169 0.0 0.0 0.0 
1 1 0.0 1.0 0.0277 27 0.0 
4 710 52.7379403256651 1558462.26128285 0.0 0.0 0.0 
1 1 0.0 1.0 0.0277 27 0.0 
4 741 52.6640393928833 1558462.26128285 0.0 0.0 0.0 
1 1 0.0 1.0 0.0277 27 0.0 
4 772 52.5901384601014 1558462.26128285 0.0 0.0 0.0 
1 1 0.0 1.0 0.0277 27 0.0 
4 803 52.5162375273196 1558462.26128169 0.0 0.0 0.0 
1 1 0.0 1.0 0.0277 27 0.0 
4 834 52.4423365945377 1558462.26128285 0.0 0.0 0.0 
1 1 0.0 1.0 0.0277 27 0.0 
4 865 52.3684356617559 1558462.26128285 0.0 0.0 0.0 
1 1 0.0 1.0 0.0277 27 0.0 
4 896 52.294534728974 1558462.26128169 0.0 0.0 0.0 
1 1 0.0 1.0 0.0277 27 0.0 
4 927 52.2404422796249 722998.547333626 0.0 0.0 0.0 
1 1 0.0 1.0 0.0277 27 0.0 
4 16 53.4653172460113 707035.611006496 0.0 0.0 0.0 
1 1 0.0 1.0 0.0277 27 0.0 
4 15 53.3982995915746 1546397.73033443 0.0 0.0 0.0 
1 1 0.0 1.0 0.0277 27 0.0 
4 14 53.306319104012 1546397.73033444 0.0 0.0 0.0 
1 1 0.0 1.0 0.0277 27 0.0 
4 13 53.2143386164494 1546397.73033443 0.0 0.0 0.0 
1 1 0.0 1.0 0.0277 27 0.0 
4 12 53.1223581288868 1546397.73033327 0.0 0.0 0.0 
1 1 0.0 1.0 0.0277 27 0.0 
4 11 53.0303776413242 1546397.73033444 0.0 0.0 0.0 
1 1 0.0 1.0 0.0277 27 0.0 
4 10 52.9383971537616 1546397.73033443 0.0 0.0 0.0 
1 1 0.0 1.0 0.0277 27 0.0 
4 9 52.846416666199 1546397.73033444 0.0 0.0 0.0 
1 1 0.0 1.0 0.0277 27 0.0 
4 8 52.7544361786363 1546397.73033443 0.0 0.0 0.0 
1 1 0.0 1.0 0.0277 27 0.0 
4 7 52.6624556910738 1546397.73033327 0.0 0.0 0.0 
1 1 0.0 1.0 0.0277 27 0.0 
4 6 52.5704752035112 1546397.73033444 0.0 0.0 0.0 
1 1 0.0 1.0 0.0277 27 0.0 
4 5 52.4784947159485 1546397.73033443 0.0 0.0 0.0 
1 1 0.0 1.0 0.0277 27 0.0 
4 4 52.3865142283859 1546397.73033443 0.0 0.0 0.0 
1 1 0.0 1.0 0.0277 27 0.0 
4 3 52.2945337408233 1546397.73033327 0.0 0.0 0.0 
1 1 0.0 1.0 0.0277 27 0.0 
4 2 52.2025532532607 1546397.73033443 0.0 0.0 0.0 
1 1 0.0 1.0 0.0277 27 0.0 
4 1 52.1327795422397 799706.562414698 0.0 0.0 0.0 
1 1 0.0 1.0 0.0277 27 0.0 
4 483 53.3802683044658 860239.293403004 0.0 0.0 0.0 
1 1 0.0 1.0 0.0277 27 0.0 
4 434 53.3169141210008 1558470.36254563 0.0 0.0 0.0 
1 1 0.0 1.0 0.0277 27 0.0 
4 403 53.2352709051393 1558470.36254562 0.0 0.0 0.0 
1 1 0.0 1.0 0.0277 27 0.0 
4 372 53.1536276892779 1558470.36254446 0.0 0.0 0.0 
1 1 0.0 1.0 0.0277 27 0.0 
4 341 53.0719844734165 1558470.36254562 0.0 0.0 0.0 
1 1 0.0 1.0 0.0277 27 0.0 
4 310 52.990341257555 1558470.36254562 0.0 0.0 0.0 
1 1 0.0 1.0 0.0277 27 0.0 
4 279 52.9086980416935 1558470.36254446 0.0 0.0 0.0 
1 1 0.0 1.0 0.0277 27 0.0 
4 248 52.8270548258321 1558470.36254563 0.0 0.0 0.0 
1 1 0.0 1.0 0.0277 27 0.0 
4 217 52.7454116099706 1558470.36254562 0.0 0.0 0.0 
1 1 0.0 1.0 0.0277 27 0.0 
4 186 52.6637683941092 1558470.36254446 0.0 0.0 0.0 
1 1 0.0 1.0 0.0277 27 0.0 
4 155 52.5821251782477 1558470.36254562 0.0 0.0 0.0 
1 1 0.0 1.0 0.0277 27 0.0 
4 124 52.5004819623863 1558470.36254562 0.0 0.0 0.0 
1 1 0.0 1.0 0.0277 27 0.0 
4 93 52.4188387465248 1558470.36254563 0.0 0.0 0.0 
1 1 0.0 1.0 0.0277 27 0.0 
4 62 52.3371955306634 1558470.36254446 0.0 0.0 0.0 
1 1 0.0 1.0 0.0277 27 0.0 
4 31 52.2672923013663 1110266.04025697 0.0 0.0 0.0 
1 1 0.0 1.0 0.0277 27 0.0 
4 942 53.5170639303875 840069.361765821 0.0 0.0 0.0 
1 1 0.0 1.0 0.0277 27 0.0 
4 943 53.4551960083124 1546373.04399086 0.0 0.0 0.0 
1 1 0.0 1.0 0.0277 27 0.0 
4 944 53.3750173400538 1546373.04399086 0.0 0.0 0.0 
1 1 0.0 1.0 0.0277 27 0.0 
4 945 53.2948386717952 1546373.04399086 0.0 0.0 0.0 
1 1 0.0 1.0 0.0277 27 0.0 
4 946 53.2146600035366 1546373.0439897 0.0 0.0 0.0 
1 1 0.0 1.0 0.0277 27 0.0 
4 947 53.1344813352781 1546373.04399086 0.0 0.0 0.0 
1 1 0.0 1.0 0.0277 27 0.0 
4 948 53.0543026670195 1546373.04399086 0.0 0.0 0.0 
1 1 0.0 1.0 0.0277 27 0.0 
4 949 52.9741239987609 1546373.04399086 0.0 0.0 0.0 
1 1 0.0 1.0 0.0277 27 0.0 
4 950 52.8939453305023 1546373.04399086 0.0 0.0 0.0 
1 1 0.0 1.0 0.0277 27 0.0 
4 951 52.8137666622437 1546373.0439897 0.0 0.0 0.0 
1 1 0.0 1.0 0.0277 27 0.0 
4 952 52.7335879939852 1546373.04399086 0.0 0.0 0.0 
1 1 0.0 1.0 0.0277 27 0.0 
4 953 52.6534093257266 1546373.04399086 0.0 0.0 0.0 
1 1 0.0 1.0 0.0277 27 0.0 
4 954 52.573230657468 1546373.04399086 0.0 0.0 0.0 
1 1 0.0 1.0 0.0277 27 0.0 
4 955 52.4930519892094 1546373.0439897 0.0 0.0 0.0 
1 1 0.0 1.0 0.0277 27 0.0 
4 956 52.4128733209509 1546373.04399086 0.0 0.0 0.0 
1 1 0.0 1.0 0.0277 27 0.0 
4 957 52.3546166459108 700772.085034537 0.0 0.0 0.0 
1 1 0.0 1.0 0.0277 27 0.0 
