1 1 12.8373937558065 0.0 0.0 0.0 
1 2 12.8373937558065 0.0 0.0 0.0 
1 3 12.8373937558065 0.0 0.0 0.0 
1 4 12.8373937558065 0.0 0.0 0.0 
1 5 12.8373937558065 0.0 0.0 0.0 
1 6 12.8373937558065 0.0 0.0 0.0 
1 7 12.8373937558065 0.0 0.0 0.0 
1 8 12.8373937558065 0.0 0.0 0.0 
1 9 12.8373937558065 0.0 0.0 0.0 
1 10 12.8373937558065 0.0 0.0 0.0 
1 11 12.8373937558065 0.0 0.0 0.0 
1 12 12.8373937558065 0.0 0.0 0.0 
1 13 12.8373937558065 0.0 0.0 0.0 
1 14 12.8373937558065 0.0 0.0 0.0 
1 15 12.8373937558065 0.0 0.0 0.0 
1 16 12.8373937558065 0.0 0.0 0.0 
1 17 12.8373937558065 0.0 0.0 0.0 
1 18 12.8373937558065 0.0 0.0 0.0 
1 19 12.8373937558065 0.0 0.0 0.0 
1 20 12.8373937558065 0.0 0.0 0.0 
1 21 12.8373937558065 0.0 0.0 0.0 
1 22 12.8373937558065 0.0 0.0 0.0 
1 23 12.8373937558065 0.0 0.0 0.0 
1 24 12.8373937558065 0.0 0.0 0.0 
1 25 12.8373937558065 0.0 0.0 0.0 
1 26 12.8373937558065 0.0 0.0 0.0 
1 27 12.8373937558065 0.0 0.0 0.0 
1 28 12.8373937558065 0.0 0.0 0.0 
1 29 12.8373937558065 0.0 0.0 0.0 
1 30 12.8373937558065 0.0 0.0 0.0 
1 31 12.8373937558065 0.0 0.0 0.0 
1 32 12.8373937558065 0.0 0.0 0.0 
1 33 12.8373937558065 0.0 0.0 0.0 
1 34 12.8373937558065 0.0 0.0 0.0 
1 35 12.8373937558065 0.0 0.0 0.0 
1 36 12.8373937558065 0.0 0.0 0.0 
1 37 12.8373937558065 0.0 0.0 0.0 
1 38 12.8373937558065 0.0 0.0 0.0 
1 39 12.8373937558065 0.0 0.0 0.0 
1 40 12.8373937558065 0.0 0.0 0.0 
1 41 12.8373937558065 0.0 0.0 0.0 
1 42 12.8373937558065 0.0 0.0 0.0 
1 43 12.8373937558065 0.0 0.0 0.0 
1 44 12.8373937558065 0.0 0.0 0.0 
1 45 12.8373937558065 0.0 0.0 0.0 
1 46 12.8373937558065 0.0 0.0 0.0 
1 47 12.8373937558065 0.0 0.0 0.0 
1 48 12.8373937558065 0.0 0.0 0.0 
1 49 12.8373937558065 0.0 0.0 0.0 
1 50 12.8373937558065 0.0 0.0 0.0 
1 51 12.8373937558065 0.0 0.0 0.0 
1 52 12.8373937558065 0.0 0.0 0.0 
1 53 12.8373937558065 0.0 0.0 0.0 
1 54 12.8373937558065 0.0 0.0 0.0 
1 55 12.8373937558065 0.0 0.0 0.0 
1 56 12.8373937558065 0.0 0.0 0.0 
1 57 12.8373937558065 0.0 0.0 0.0 
1 58 12.8373937558065 0.0 0.0 0.0 
1 59 12.8373937558065 0.0 0.0 0.0 
1 60 12.8373937558065 0.0 0.0 0.0 
1 61 12.8373937558065 0.0 0.0 0.0 
1 62 12.8373937558065 0.0 0.0 0.0 
1 63 12.8373937558065 0.0 0.0 0.0 
1 64 12.8373937558065 0.0 0.0 0.0 
1 65 12.8373937558065 0.0 0.0 0.0 
1 66 12.8373937558065 0.0 0.0 0.0 
1 67 12.8373937558065 0.0 0.0 0.0 
1 68 12.8373937558065 0.0 0.0 0.0 
1 69 12.8373937558065 0.0 0.0 0.0 
1 70 12.8373937558065 0.0 0.0 0.0 
1 71 12.8373937558065 0.0 0.0 0.0 
1 72 12.8373937558065 0.0 0.0 0.0 
1 73 12.8373937558065 0.0 0.0 0.0 
1 74 12.8373937558065 0.0 0.0 0.0 
1 75 12.8373937558065 0.0 0.0 0.0 
1 76 12.8373937558065 0.0 0.0 0.0 
1 77 12.8373937558065 0.0 0.0 0.0 
1 78 12.8373937558065 0.0 0.0 0.0 
1 79 12.8373937558065 0.0 0.0 0.0 
1 80 12.8373937558065 0.0 0.0 0.0 
1 81 12.8373937558065 0.0 0.0 0.0 
1 82 12.8373937558065 0.0 0.0 0.0 
1 83 12.8373937558065 0.0 0.0 0.0 
1 84 12.8373937558065 0.0 0.0 0.0 
1 85 12.8373937558065 0.0 0.0 0.0 
1 86 12.8373937558065 0.0 0.0 0.0 
1 87 12.8373937558065 0.0 0.0 0.0 
1 88 12.8373937558065 0.0 0.0 0.0 
1 89 12.8373937558065 0.0 0.0 0.0 
1 90 12.8373937558065 0.0 0.0 0.0 
1 91 12.8373937558065 0.0 0.0 0.0 
1 92 12.8373937558065 0.0 0.0 0.0 
1 93 12.8373937558065 0.0 0.0 0.0 
1 94 12.8373937558065 0.0 0.0 0.0 
1 95 12.8373937558065 0.0 0.0 0.0 
1 96 12.8373937558065 0.0 0.0 0.0 
1 97 12.8373937558065 0.0 0.0 0.0 
1 98 12.8373937558065 0.0 0.0 0.0 
1 99 12.8373937558065 0.0 0.0 0.0 
1 100 12.8373937558065 0.0 0.0 0.0 
1 101 12.8373937558065 0.0 0.0 0.0 
1 102 12.8373937558065 0.0 0.0 0.0 
1 103 12.8373937558065 0.0 0.0 0.0 
1 104 12.8373937558065 0.0 0.0 0.0 
1 105 12.8373937558065 0.0 0.0 0.0 
1 106 12.8373937558065 0.0 0.0 0.0 
1 107 12.8373937558065 0.0 0.0 0.0 
1 108 12.8373937558065 0.0 0.0 0.0 
1 109 12.8373937558065 0.0 0.0 0.0 
1 110 12.8373937558065 0.0 0.0 0.0 
1 111 12.8373937558065 0.0 0.0 0.0 
1 112 12.8373937558065 0.0 0.0 0.0 
1 113 12.8373937558065 0.0 0.0 0.0 
1 114 12.8373937558065 0.0 0.0 0.0 
1 115 12.8373937558065 0.0 0.0 0.0 
1 116 12.8373937558065 0.0 0.0 0.0 
1 117 12.8373937558065 0.0 0.0 0.0 
1 118 12.8373937558065 0.0 0.0 0.0 
1 119 12.8373937558065 0.0 0.0 0.0 
1 120 12.8373937558065 0.0 0.0 0.0 
1 121 12.8373937558065 0.0 0.0 0.0 
1 122 12.8373937558065 0.0 0.0 0.0 
1 123 12.8373937558065 0.0 0.0 0.0 
1 124 12.8373937558065 0.0 0.0 0.0 
1 125 12.8373937558065 0.0 0.0 0.0 
1 126 12.8373937558065 0.0 0.0 0.0 
1 127 12.8373937558065 0.0 0.0 0.0 
1 128 12.8373937558065 0.0 0.0 0.0 
1 129 12.8373937558065 0.0 0.0 0.0 
1 130 12.8373937558065 0.0 0.0 0.0 
1 131 12.8373937558065 0.0 0.0 0.0 
1 132 12.8373937558065 0.0 0.0 0.0 
1 133 12.8373937558065 0.0 0.0 0.0 
1 134 12.8373937558065 0.0 0.0 0.0 
1 135 12.8373937558065 0.0 0.0 0.0 
1 136 12.8373937558065 0.0 0.0 0.0 
1 137 12.8373937558065 0.0 0.0 0.0 
1 138 12.8373937558065 0.0 0.0 0.0 
1 139 12.8373937558065 0.0 0.0 0.0 
1 140 12.8373937558065 0.0 0.0 0.0 
1 141 12.8373937558065 0.0 0.0 0.0 
1 142 12.8373937558065 0.0 0.0 0.0 
1 143 12.8373937558065 0.0 0.0 0.0 
1 144 12.8373937558065 0.0 0.0 0.0 
1 145 12.8373937558065 0.0 0.0 0.0 
1 146 12.8373937558065 0.0 0.0 0.0 
1 147 12.8373937558065 0.0 0.0 0.0 
1 148 12.8373937558065 0.0 0.0 0.0 
1 149 12.8373937558065 0.0 0.0 0.0 
1 150 12.8373937558065 0.0 0.0 0.0 
1 151 12.8373937558065 0.0 0.0 0.0 
1 152 12.8373937558065 0.0 0.0 0.0 
1 153 12.8373937558065 0.0 0.0 0.0 
1 154 12.8373937558065 0.0 0.0 0.0 
1 155 12.8373937558065 0.0 0.0 0.0 
1 156 12.8373937558065 0.0 0.0 0.0 
1 157 12.8373937558065 0.0 0.0 0.0 
1 158 12.8373937558065 0.0 0.0 0.0 
1 159 12.8373937558065 0.0 0.0 0.0 
1 160 12.8373937558065 0.0 0.0 0.0 
1 161 12.8373937558065 0.0 0.0 0.0 
1 162 12.8373937558065 0.0 0.0 0.0 
1 163 12.8373937558065 0.0 0.0 0.0 
1 164 12.8373937558065 0.0 0.0 0.0 
1 165 12.8373937558065 0.0 0.0 0.0 
1 166 12.8373937558065 0.0 0.0 0.0 
1 167 12.8373937558065 0.0 0.0 0.0 
1 168 12.8373937558065 0.0 0.0 0.0 
1 169 12.8373937558065 0.0 0.0 0.0 
1 170 12.8373937558065 0.0 0.0 0.0 
1 171 12.8373937558065 0.0 0.0 0.0 
1 172 12.8373937558065 0.0 0.0 0.0 
1 173 12.8373937558065 0.0 0.0 0.0 
1 174 12.8373937558065 0.0 0.0 0.0 
1 175 12.8373937558065 0.0 0.0 0.0 
1 176 12.8373937558065 0.0 0.0 0.0 
1 177 12.8373937558065 0.0 0.0 0.0 
1 178 12.8373937558065 0.0 0.0 0.0 
1 179 12.8373937558065 0.0 0.0 0.0 
1 180 12.8373937558065 0.0 0.0 0.0 
1 181 12.8373937558065 0.0 0.0 0.0 
1 182 12.8373937558065 0.0 0.0 0.0 
1 183 12.8373937558065 0.0 0.0 0.0 
1 184 12.8373937558065 0.0 0.0 0.0 
1 185 12.8373937558065 0.0 0.0 0.0 
1 186 12.8373937558065 0.0 0.0 0.0 
1 187 12.8373937558065 0.0 0.0 0.0 
1 188 12.8373937558065 0.0 0.0 0.0 
1 189 12.8373937558065 0.0 0.0 0.0 
1 190 12.8373937558065 0.0 0.0 0.0 
1 191 12.8373937558065 0.0 0.0 0.0 
1 192 12.8373937558065 0.0 0.0 0.0 
1 193 12.8373937558065 0.0 0.0 0.0 
1 194 12.8373937558065 0.0 0.0 0.0 
1 195 12.8373937558065 0.0 0.0 0.0 
1 196 12.8373937558065 0.0 0.0 0.0 
1 197 12.8373937558065 0.0 0.0 0.0 
1 198 12.8373937558065 0.0 0.0 0.0 
1 199 12.8373937558065 0.0 0.0 0.0 
1 200 12.8373937558065 0.0 0.0 0.0 
1 201 12.8373937558065 0.0 0.0 0.0 
1 202 12.8373937558065 0.0 0.0 0.0 
1 203 12.8373937558065 0.0 0.0 0.0 
1 204 12.8373937558065 0.0 0.0 0.0 
1 205 12.8373937558065 0.0 0.0 0.0 
1 206 12.8373937558065 0.0 0.0 0.0 
1 207 12.8373937558065 0.0 0.0 0.0 
1 208 12.8373937558065 0.0 0.0 0.0 
1 209 12.8373937558065 0.0 0.0 0.0 
1 210 12.8373937558065 0.0 0.0 0.0 
1 211 12.8373937558065 0.0 0.0 0.0 
1 212 12.8373937558065 0.0 0.0 0.0 
1 213 12.8373937558065 0.0 0.0 0.0 
1 214 12.8373937558065 0.0 0.0 0.0 
1 215 12.8373937558065 0.0 0.0 0.0 
1 216 12.8373937558065 0.0 0.0 0.0 
1 217 12.8373937558065 0.0 0.0 0.0 
1 218 12.8373937558065 0.0 0.0 0.0 
1 219 12.8373937558065 0.0 0.0 0.0 
1 220 12.8373937558065 0.0 0.0 0.0 
1 221 12.8373937558065 0.0 0.0 0.0 
1 222 12.8373937558065 0.0 0.0 0.0 
1 223 12.8373937558065 0.0 0.0 0.0 
1 224 12.8373937558065 0.0 0.0 0.0 
1 225 12.8373937558065 0.0 0.0 0.0 
1 226 12.8373937558065 0.0 0.0 0.0 
1 227 12.8373937558065 0.0 0.0 0.0 
1 228 12.8373937558065 0.0 0.0 0.0 
1 229 12.8373937558065 0.0 0.0 0.0 
1 230 12.8373937558065 0.0 0.0 0.0 
1 231 12.8373937558065 0.0 0.0 0.0 
1 232 12.8373937558065 0.0 0.0 0.0 
1 233 12.8373937558065 0.0 0.0 0.0 
1 234 12.8373937558065 0.0 0.0 0.0 
1 235 12.8373937558065 0.0 0.0 0.0 
1 236 12.8373937558065 0.0 0.0 0.0 
1 237 12.8373937558065 0.0 0.0 0.0 
1 238 12.8373937558065 0.0 0.0 0.0 
1 239 12.8373937558065 0.0 0.0 0.0 
1 240 12.8373937558065 0.0 0.0 0.0 
1 241 12.8373937558065 0.0 0.0 0.0 
1 242 12.8373937558065 0.0 0.0 0.0 
1 243 12.8373937558065 0.0 0.0 0.0 
1 244 12.8373937558065 0.0 0.0 0.0 
1 245 12.8373937558065 0.0 0.0 0.0 
1 246 12.8373937558065 0.0 0.0 0.0 
1 247 12.8373937558065 0.0 0.0 0.0 
1 248 12.8373937558065 0.0 0.0 0.0 
1 249 12.8373937558065 0.0 0.0 0.0 
1 250 12.8373937558065 0.0 0.0 0.0 
1 251 12.8373937558065 0.0 0.0 0.0 
1 252 12.8373937558065 0.0 0.0 0.0 
1 253 12.8373937558065 0.0 0.0 0.0 
1 254 12.8373937558065 0.0 0.0 0.0 
1 255 12.8373937558065 0.0 0.0 0.0 
1 256 12.8373937558065 0.0 0.0 0.0 
1 257 12.8373937558065 0.0 0.0 0.0 
1 258 12.8373937558065 0.0 0.0 0.0 
1 259 12.8373937558065 0.0 0.0 0.0 
1 260 12.8373937558065 0.0 0.0 0.0 
1 261 12.8373937558065 0.0 0.0 0.0 
1 262 12.8373937558065 0.0 0.0 0.0 
1 263 12.8373937558065 0.0 0.0 0.0 
1 264 12.8373937558065 0.0 0.0 0.0 
1 265 12.8373937558065 0.0 0.0 0.0 
1 266 12.8373937558065 0.0 0.0 0.0 
1 267 12.8373937558065 0.0 0.0 0.0 
1 268 12.8373937558065 0.0 0.0 0.0 
1 269 12.8373937558065 0.0 0.0 0.0 
1 270 12.8373937558065 0.0 0.0 0.0 
1 271 12.8373937558065 0.0 0.0 0.0 
1 272 12.8373937558065 0.0 0.0 0.0 
1 273 12.8373937558065 0.0 0.0 0.0 
1 274 12.8373937558065 0.0 0.0 0.0 
1 275 12.8373937558065 0.0 0.0 0.0 
1 276 12.8373937558065 0.0 0.0 0.0 
1 277 12.8373937558065 0.0 0.0 0.0 
1 278 12.8373937558065 0.0 0.0 0.0 
1 279 12.8373937558065 0.0 0.0 0.0 
1 280 12.8373937558065 0.0 0.0 0.0 
1 281 12.8373937558065 0.0 0.0 0.0 
1 282 12.8373937558065 0.0 0.0 0.0 
1 283 12.8373937558065 0.0 0.0 0.0 
1 284 12.8373937558065 0.0 0.0 0.0 
1 285 12.8373937558065 0.0 0.0 0.0 
1 286 12.8373937558065 0.0 0.0 0.0 
1 287 12.8373937558065 0.0 0.0 0.0 
1 288 12.8373937558065 0.0 0.0 0.0 
1 289 12.8373937558065 0.0 0.0 0.0 
1 290 12.8373937558065 0.0 0.0 0.0 
1 291 12.8373937558065 0.0 0.0 0.0 
1 292 12.8373937558065 0.0 0.0 0.0 
1 293 12.8373937558065 0.0 0.0 0.0 
1 294 12.8373937558065 0.0 0.0 0.0 
1 295 12.8373937558065 0.0 0.0 0.0 
1 296 12.8373937558065 0.0 0.0 0.0 
1 297 12.8373937558065 0.0 0.0 0.0 
1 298 12.8373937558065 0.0 0.0 0.0 
1 299 12.8373937558065 0.0 0.0 0.0 
1 300 12.8373937558065 0.0 0.0 0.0 
1 301 12.8373937558065 0.0 0.0 0.0 
1 302 12.8373937558065 0.0 0.0 0.0 
1 303 12.8373937558065 0.0 0.0 0.0 
1 304 12.8373937558065 0.0 0.0 0.0 
1 305 12.8373937558065 0.0 0.0 0.0 
1 306 12.8373937558065 0.0 0.0 0.0 
1 307 12.8373937558065 0.0 0.0 0.0 
1 308 12.8373937558065 0.0 0.0 0.0 
1 309 12.8373937558065 0.0 0.0 0.0 
1 310 12.8373937558065 0.0 0.0 0.0 
1 311 12.8373937558065 0.0 0.0 0.0 
1 312 12.8373937558065 0.0 0.0 0.0 
1 313 12.8373937558065 0.0 0.0 0.0 
1 314 12.8373937558065 0.0 0.0 0.0 
1 315 12.8373937558065 0.0 0.0 0.0 
1 316 12.8373937558065 0.0 0.0 0.0 
1 317 12.8373937558065 0.0 0.0 0.0 
1 318 12.8373937558065 0.0 0.0 0.0 
1 319 12.8373937558065 0.0 0.0 0.0 
1 320 12.8373937558065 0.0 0.0 0.0 
1 321 12.8373937558065 0.0 0.0 0.0 
1 322 12.8373937558065 0.0 0.0 0.0 
1 323 12.8373937558065 0.0 0.0 0.0 
1 324 12.8373937558065 0.0 0.0 0.0 
1 325 12.8373937558065 0.0 0.0 0.0 
1 326 12.8373937558065 0.0 0.0 0.0 
1 327 12.8373937558065 0.0 0.0 0.0 
1 328 12.8373937558065 0.0 0.0 0.0 
1 329 12.8373937558065 0.0 0.0 0.0 
1 330 12.8373937558065 0.0 0.0 0.0 
1 331 12.8373937558065 0.0 0.0 0.0 
1 332 12.8373937558065 0.0 0.0 0.0 
1 333 12.8373937558065 0.0 0.0 0.0 
1 334 12.8373937558065 0.0 0.0 0.0 
1 335 12.8373937558065 0.0 0.0 0.0 
1 336 12.8373937558065 0.0 0.0 0.0 
1 337 12.8373937558065 0.0 0.0 0.0 
1 338 12.8373937558065 0.0 0.0 0.0 
1 339 12.8373937558065 0.0 0.0 0.0 
1 340 12.8373937558065 0.0 0.0 0.0 
1 341 12.8373937558065 0.0 0.0 0.0 
1 342 12.8373937558065 0.0 0.0 0.0 
1 343 12.8373937558065 0.0 0.0 0.0 
1 344 12.8373937558065 0.0 0.0 0.0 
1 345 12.8373937558065 0.0 0.0 0.0 
1 346 12.8373937558065 0.0 0.0 0.0 
1 347 12.8373937558065 0.0 0.0 0.0 
1 348 12.8373937558065 0.0 0.0 0.0 
1 349 12.8373937558065 0.0 0.0 0.0 
1 350 12.8373937558065 0.0 0.0 0.0 
1 351 12.8373937558065 0.0 0.0 0.0 
1 352 12.8373937558065 0.0 0.0 0.0 
1 353 12.8373937558065 0.0 0.0 0.0 
1 354 12.8373937558065 0.0 0.0 0.0 
1 355 12.8373937558065 0.0 0.0 0.0 
1 356 12.8373937558065 0.0 0.0 0.0 
1 357 12.8373937558065 0.0 0.0 0.0 
1 358 12.8373937558065 0.0 0.0 0.0 
1 359 12.8373937558065 0.0 0.0 0.0 
1 360 12.8373937558065 0.0 0.0 0.0 
1 361 12.8373937558065 0.0 0.0 0.0 
1 362 12.8373937558065 0.0 0.0 0.0 
1 363 12.8373937558065 0.0 0.0 0.0 
1 364 12.8373937558065 0.0 0.0 0.0 
1 365 12.8373937558065 0.0 0.0 0.0 
1 366 12.8373937558065 0.0 0.0 0.0 
1 367 12.8373937558065 0.0 0.0 0.0 
1 368 12.8373937558065 0.0 0.0 0.0 
1 369 12.8373937558065 0.0 0.0 0.0 
1 370 12.8373937558065 0.0 0.0 0.0 
1 371 12.8373937558065 0.0 0.0 0.0 
1 372 12.8373937558065 0.0 0.0 0.0 
1 373 12.8373937558065 0.0 0.0 0.0 
1 374 12.8373937558065 0.0 0.0 0.0 
1 375 12.8373937558065 0.0 0.0 0.0 
1 376 12.8373937558065 0.0 0.0 0.0 
1 377 12.8373937558065 0.0 0.0 0.0 
1 378 12.8373937558065 0.0 0.0 0.0 
1 379 12.8373937558065 0.0 0.0 0.0 
1 380 12.8373937558065 0.0 0.0 0.0 
1 381 12.8373937558065 0.0 0.0 0.0 
1 382 12.8373937558065 0.0 0.0 0.0 
1 383 12.8373937558065 0.0 0.0 0.0 
1 384 12.8373937558065 0.0 0.0 0.0 
1 385 12.8373937558065 0.0 0.0 0.0 
1 386 12.8373937558065 0.0 0.0 0.0 
1 387 12.8373937558065 0.0 0.0 0.0 
1 388 12.8373937558065 0.0 0.0 0.0 
1 389 12.8373937558065 0.0 0.0 0.0 
1 390 12.8373937558065 0.0 0.0 0.0 
1 391 12.8373937558065 0.0 0.0 0.0 
1 392 12.8373937558065 0.0 0.0 0.0 
1 393 12.8373937558065 0.0 0.0 0.0 
1 394 12.8373937558065 0.0 0.0 0.0 
1 395 12.8373937558065 0.0 0.0 0.0 
1 396 12.8373937558065 0.0 0.0 0.0 
1 397 12.8373937558065 0.0 0.0 0.0 
1 398 12.8373937558065 0.0 0.0 0.0 
1 399 12.8373937558065 0.0 0.0 0.0 
1 400 12.8373937558065 0.0 0.0 0.0 
1 401 12.8373937558065 0.0 0.0 0.0 
1 402 12.8373937558065 0.0 0.0 0.0 
1 403 12.8373937558065 0.0 0.0 0.0 
1 404 12.8373937558065 0.0 0.0 0.0 
1 405 12.8373937558065 0.0 0.0 0.0 
1 406 12.8373937558065 0.0 0.0 0.0 
1 407 12.8373937558065 0.0 0.0 0.0 
1 408 12.8373937558065 0.0 0.0 0.0 
1 409 12.8373937558065 0.0 0.0 0.0 
1 410 12.8373937558065 0.0 0.0 0.0 
1 411 12.8373937558065 0.0 0.0 0.0 
1 412 12.8373937558065 0.0 0.0 0.0 
1 413 12.8373937558065 0.0 0.0 0.0 
1 414 12.8373937558065 0.0 0.0 0.0 
1 415 12.8373937558065 0.0 0.0 0.0 
1 416 12.8373937558065 0.0 0.0 0.0 
1 417 12.8373937558065 0.0 0.0 0.0 
1 418 12.8373937558065 0.0 0.0 0.0 
1 419 12.8373937558065 0.0 0.0 0.0 
1 420 12.8373937558065 0.0 0.0 0.0 
1 421 12.8373937558065 0.0 0.0 0.0 
1 422 12.8373937558065 0.0 0.0 0.0 
1 423 12.8373937558065 0.0 0.0 0.0 
1 424 12.8373937558065 0.0 0.0 0.0 
1 425 12.8373937558065 0.0 0.0 0.0 
1 426 12.8373937558065 0.0 0.0 0.0 
1 427 12.8373937558065 0.0 0.0 0.0 
1 428 12.8373937558065 0.0 0.0 0.0 
1 429 12.8373937558065 0.0 0.0 0.0 
1 430 12.8373937558065 0.0 0.0 0.0 
1 431 12.8373937558065 0.0 0.0 0.0 
1 432 12.8373937558065 0.0 0.0 0.0 
1 433 12.8373937558065 0.0 0.0 0.0 
1 434 12.8373937558065 0.0 0.0 0.0 
1 435 12.8373937558065 0.0 0.0 0.0 
1 436 12.8373937558065 0.0 0.0 0.0 
1 437 12.8373937558065 0.0 0.0 0.0 
1 438 12.8373937558065 0.0 0.0 0.0 
1 439 12.8373937558065 0.0 0.0 0.0 
1 440 12.8373937558065 0.0 0.0 0.0 
1 441 12.8373937558065 0.0 0.0 0.0 
1 442 12.8373937558065 0.0 0.0 0.0 
1 443 12.8373937558065 0.0 0.0 0.0 
1 444 12.8373937558065 0.0 0.0 0.0 
1 445 12.8373937558065 0.0 0.0 0.0 
1 446 12.8373937558065 0.0 0.0 0.0 
1 447 12.8373937558065 0.0 0.0 0.0 
1 448 12.8373937558065 0.0 0.0 0.0 
1 449 12.8373937558065 0.0 0.0 0.0 
1 450 12.8373937558065 0.0 0.0 0.0 
1 451 12.8373937558065 0.0 0.0 0.0 
1 452 12.8373937558065 0.0 0.0 0.0 
1 453 12.8373937558065 0.0 0.0 0.0 
1 454 12.8373937558065 0.0 0.0 0.0 
1 455 12.8373937558065 0.0 0.0 0.0 
1 456 12.8373937558065 0.0 0.0 0.0 
1 457 12.8373937558065 0.0 0.0 0.0 
1 458 12.8373937558065 0.0 0.0 0.0 
1 459 12.8373937558065 0.0 0.0 0.0 
1 460 12.8373937558065 0.0 0.0 0.0 
1 461 12.8373937558065 0.0 0.0 0.0 
1 462 12.8373937558065 0.0 0.0 0.0 
1 463 12.8373937558065 0.0 0.0 0.0 
1 464 12.8373937558065 0.0 0.0 0.0 
1 465 12.8373937558065 0.0 0.0 0.0 
1 466 12.8373937558065 0.0 0.0 0.0 
1 467 12.8373937558065 0.0 0.0 0.0 
1 468 12.8373937558065 0.0 0.0 0.0 
1 469 12.8373937558065 0.0 0.0 0.0 
1 470 12.8373937558065 0.0 0.0 0.0 
1 471 12.8373937558065 0.0 0.0 0.0 
1 472 12.8373937558065 0.0 0.0 0.0 
1 473 12.8373937558065 0.0 0.0 0.0 
1 474 12.8373937558065 0.0 0.0 0.0 
1 475 12.8373937558065 0.0 0.0 0.0 
1 476 12.8373937558065 0.0 0.0 0.0 
1 477 12.8373937558065 0.0 0.0 0.0 
1 478 12.8373937558065 0.0 0.0 0.0 
1 479 12.8373937558065 0.0 0.0 0.0 
1 480 12.8373937558065 0.0 0.0 0.0 
1 481 12.8373937558065 0.0 0.0 0.0 
1 482 12.8373937558065 0.0 0.0 0.0 
1 483 12.8373937558065 0.0 0.0 0.0 
1 484 12.8373937558065 0.0 0.0 0.0 
1 485 12.8373937558065 0.0 0.0 0.0 
1 486 12.8373937558065 0.0 0.0 0.0 
1 487 12.8373937558065 0.0 0.0 0.0 
1 488 12.8373937558065 0.0 0.0 0.0 
1 489 12.8373937558065 0.0 0.0 0.0 
1 490 12.8373937558065 0.0 0.0 0.0 
1 491 12.8373937558065 0.0 0.0 0.0 
1 492 12.8373937558065 0.0 0.0 0.0 
1 493 12.8373937558065 0.0 0.0 0.0 
1 494 12.8373937558065 0.0 0.0 0.0 
1 495 12.8373937558065 0.0 0.0 0.0 
1 496 12.8373937558065 0.0 0.0 0.0 
1 497 12.8373937558065 0.0 0.0 0.0 
1 498 12.8373937558065 0.0 0.0 0.0 
1 499 12.8373937558065 0.0 0.0 0.0 
1 500 12.8373937558065 0.0 0.0 0.0 
1 501 12.8373937558065 0.0 0.0 0.0 
1 502 12.8373937558065 0.0 0.0 0.0 
1 503 12.8373937558065 0.0 0.0 0.0 
1 504 12.8373937558065 0.0 0.0 0.0 
1 505 12.8373937558065 0.0 0.0 0.0 
1 506 12.8373937558065 0.0 0.0 0.0 
1 507 12.8373937558065 0.0 0.0 0.0 
1 508 12.8373937558065 0.0 0.0 0.0 
1 509 12.8373937558065 0.0 0.0 0.0 
1 510 12.8373937558065 0.0 0.0 0.0 
1 511 12.8373937558065 0.0 0.0 0.0 
1 512 12.8373937558065 0.0 0.0 0.0 
1 513 12.8373937558065 0.0 0.0 0.0 
1 514 12.8373937558065 0.0 0.0 0.0 
1 515 12.8373937558065 0.0 0.0 0.0 
1 516 12.8373937558065 0.0 0.0 0.0 
1 517 12.8373937558065 0.0 0.0 0.0 
1 518 12.8373937558065 0.0 0.0 0.0 
1 519 12.8373937558065 0.0 0.0 0.0 
1 520 12.8373937558065 0.0 0.0 0.0 
1 521 12.8373937558065 0.0 0.0 0.0 
1 522 12.8373937558065 0.0 0.0 0.0 
1 523 12.8373937558065 0.0 0.0 0.0 
1 524 12.8373937558065 0.0 0.0 0.0 
1 525 12.8373937558065 0.0 0.0 0.0 
1 526 12.8373937558065 0.0 0.0 0.0 
1 527 12.8373937558065 0.0 0.0 0.0 
1 528 12.8373937558065 0.0 0.0 0.0 
1 529 12.8373937558065 0.0 0.0 0.0 
1 530 12.8373937558065 0.0 0.0 0.0 
1 531 12.8373937558065 0.0 0.0 0.0 
1 532 12.8373937558065 0.0 0.0 0.0 
1 533 12.8373937558065 0.0 0.0 0.0 
1 534 12.8373937558065 0.0 0.0 0.0 
1 535 12.8373937558065 0.0 0.0 0.0 
1 536 12.8373937558065 0.0 0.0 0.0 
1 537 12.8373937558065 0.0 0.0 0.0 
1 538 12.8373937558065 0.0 0.0 0.0 
1 539 12.8373937558065 0.0 0.0 0.0 
1 540 12.8373937558065 0.0 0.0 0.0 
1 541 12.8373937558065 0.0 0.0 0.0 
1 542 12.8373937558065 0.0 0.0 0.0 
1 543 12.8373937558065 0.0 0.0 0.0 
1 544 12.8373937558065 0.0 0.0 0.0 
1 545 12.8373937558065 0.0 0.0 0.0 
1 546 12.8373937558065 0.0 0.0 0.0 
1 547 12.8373937558065 0.0 0.0 0.0 
1 548 12.8373937558065 0.0 0.0 0.0 
1 549 12.8373937558065 0.0 0.0 0.0 
1 550 12.8373937558065 0.0 0.0 0.0 
1 551 12.8373937558065 0.0 0.0 0.0 
1 552 12.8373937558065 0.0 0.0 0.0 
1 553 12.8373937558065 0.0 0.0 0.0 
1 554 12.8373937558065 0.0 0.0 0.0 
1 555 12.8373937558065 0.0 0.0 0.0 
1 556 12.8373937558065 0.0 0.0 0.0 
1 557 12.8373937558065 0.0 0.0 0.0 
1 558 12.8373937558065 0.0 0.0 0.0 
1 559 12.8373937558065 0.0 0.0 0.0 
1 560 12.8373937558065 0.0 0.0 0.0 
1 561 12.8373937558065 0.0 0.0 0.0 
1 562 12.8373937558065 0.0 0.0 0.0 
1 563 12.8373937558065 0.0 0.0 0.0 
1 564 12.8373937558065 0.0 0.0 0.0 
1 565 12.8373937558065 0.0 0.0 0.0 
1 566 12.8373937558065 0.0 0.0 0.0 
1 567 12.8373937558065 0.0 0.0 0.0 
1 568 12.8373937558065 0.0 0.0 0.0 
1 569 12.8373937558065 0.0 0.0 0.0 
1 570 12.8373937558065 0.0 0.0 0.0 
1 571 12.8373937558065 0.0 0.0 0.0 
1 572 12.8373937558065 0.0 0.0 0.0 
1 573 12.8373937558065 0.0 0.0 0.0 
1 574 12.8373937558065 0.0 0.0 0.0 
1 575 12.8373937558065 0.0 0.0 0.0 
1 576 12.8373937558065 0.0 0.0 0.0 
1 577 12.8373937558065 0.0 0.0 0.0 
1 578 12.8373937558065 0.0 0.0 0.0 
1 579 12.8373937558065 0.0 0.0 0.0 
1 580 12.8373937558065 0.0 0.0 0.0 
1 581 12.8373937558065 0.0 0.0 0.0 
1 582 12.8373937558065 0.0 0.0 0.0 
1 583 12.8373937558065 0.0 0.0 0.0 
1 584 12.8373937558065 0.0 0.0 0.0 
1 585 12.8373937558065 0.0 0.0 0.0 
1 586 12.8373937558065 0.0 0.0 0.0 
1 587 12.8373937558065 0.0 0.0 0.0 
1 588 12.8373937558065 0.0 0.0 0.0 
1 589 12.8373937558065 0.0 0.0 0.0 
1 590 12.8373937558065 0.0 0.0 0.0 
1 591 12.8373937558065 0.0 0.0 0.0 
1 592 12.8373937558065 0.0 0.0 0.0 
1 593 12.8373937558065 0.0 0.0 0.0 
1 594 12.8373937558065 0.0 0.0 0.0 
1 595 12.8373937558065 0.0 0.0 0.0 
1 596 12.8373937558065 0.0 0.0 0.0 
1 597 12.8373937558065 0.0 0.0 0.0 
1 598 12.8373937558065 0.0 0.0 0.0 
1 599 12.8373937558065 0.0 0.0 0.0 
1 600 12.8373937558065 0.0 0.0 0.0 
1 601 12.8373937558065 0.0 0.0 0.0 
1 602 12.8373937558065 0.0 0.0 0.0 
1 603 12.8373937558065 0.0 0.0 0.0 
1 604 12.8373937558065 0.0 0.0 0.0 
1 605 12.8373937558065 0.0 0.0 0.0 
1 606 12.8373937558065 0.0 0.0 0.0 
1 607 12.8373937558065 0.0 0.0 0.0 
1 608 12.8373937558065 0.0 0.0 0.0 
1 609 12.8373937558065 0.0 0.0 0.0 
1 610 12.8373937558065 0.0 0.0 0.0 
1 611 12.8373937558065 0.0 0.0 0.0 
1 612 12.8373937558065 0.0 0.0 0.0 
1 613 12.8373937558065 0.0 0.0 0.0 
1 614 12.8373937558065 0.0 0.0 0.0 
1 615 12.8373937558065 0.0 0.0 0.0 
1 616 12.8373937558065 0.0 0.0 0.0 
1 617 12.8373937558065 0.0 0.0 0.0 
1 618 12.8373937558065 0.0 0.0 0.0 
1 619 12.8373937558065 0.0 0.0 0.0 
1 620 12.8373937558065 0.0 0.0 0.0 
1 621 12.8373937558065 0.0 0.0 0.0 
1 622 12.8373937558065 0.0 0.0 0.0 
1 623 12.8373937558065 0.0 0.0 0.0 
1 624 12.8373937558065 0.0 0.0 0.0 
1 625 12.8373937558065 0.0 0.0 0.0 
1 626 12.8373937558065 0.0 0.0 0.0 
1 627 12.8373937558065 0.0 0.0 0.0 
1 628 12.8373937558065 0.0 0.0 0.0 
1 629 12.8373937558065 0.0 0.0 0.0 
1 630 12.8373937558065 0.0 0.0 0.0 
1 631 12.8373937558065 0.0 0.0 0.0 
1 632 12.8373937558065 0.0 0.0 0.0 
1 633 12.8373937558065 0.0 0.0 0.0 
1 634 12.8373937558065 0.0 0.0 0.0 
1 635 12.8373937558065 0.0 0.0 0.0 
1 636 12.8373937558065 0.0 0.0 0.0 
1 637 12.8373937558065 0.0 0.0 0.0 
1 638 12.8373937558065 0.0 0.0 0.0 
1 639 12.8373937558065 0.0 0.0 0.0 
1 640 12.8373937558065 0.0 0.0 0.0 
1 641 12.8373937558065 0.0 0.0 0.0 
1 642 12.8373937558065 0.0 0.0 0.0 
1 643 12.8373937558065 0.0 0.0 0.0 
1 644 12.8373937558065 0.0 0.0 0.0 
1 645 12.8373937558065 0.0 0.0 0.0 
1 646 12.8373937558065 0.0 0.0 0.0 
1 647 12.8373937558065 0.0 0.0 0.0 
1 648 12.8373937558065 0.0 0.0 0.0 
1 649 12.8373937558065 0.0 0.0 0.0 
1 650 12.8373937558065 0.0 0.0 0.0 
1 651 12.8373937558065 0.0 0.0 0.0 
1 652 12.8373937558065 0.0 0.0 0.0 
1 653 12.8373937558065 0.0 0.0 0.0 
1 654 12.8373937558065 0.0 0.0 0.0 
1 655 12.8373937558065 0.0 0.0 0.0 
1 656 12.8373937558065 0.0 0.0 0.0 
1 657 12.8373937558065 0.0 0.0 0.0 
1 658 12.8373937558065 0.0 0.0 0.0 
1 659 12.8373937558065 0.0 0.0 0.0 
1 660 12.8373937558065 0.0 0.0 0.0 
1 661 12.8373937558065 0.0 0.0 0.0 
1 662 12.8373937558065 0.0 0.0 0.0 
1 663 12.8373937558065 0.0 0.0 0.0 
1 664 12.8373937558065 0.0 0.0 0.0 
1 665 12.8373937558065 0.0 0.0 0.0 
1 666 12.8373937558065 0.0 0.0 0.0 
1 667 12.8373937558065 0.0 0.0 0.0 
1 668 12.8373937558065 0.0 0.0 0.0 
1 669 12.8373937558065 0.0 0.0 0.0 
1 670 12.8373937558065 0.0 0.0 0.0 
1 671 12.8373937558065 0.0 0.0 0.0 
1 672 12.8373937558065 0.0 0.0 0.0 
1 673 12.8373937558065 0.0 0.0 0.0 
1 674 12.8373937558065 0.0 0.0 0.0 
1 675 12.8373937558065 0.0 0.0 0.0 
1 676 12.8373937558065 0.0 0.0 0.0 
1 677 12.8373937558065 0.0 0.0 0.0 
1 678 12.8373937558065 0.0 0.0 0.0 
1 679 12.8373937558065 0.0 0.0 0.0 
1 680 12.8373937558065 0.0 0.0 0.0 
1 681 12.8373937558065 0.0 0.0 0.0 
1 682 12.8373937558065 0.0 0.0 0.0 
1 683 12.8373937558065 0.0 0.0 0.0 
1 684 12.8373937558065 0.0 0.0 0.0 
1 685 12.8373937558065 0.0 0.0 0.0 
1 686 12.8373937558065 0.0 0.0 0.0 
1 687 12.8373937558065 0.0 0.0 0.0 
1 688 12.8373937558065 0.0 0.0 0.0 
1 689 12.8373937558065 0.0 0.0 0.0 
1 690 12.8373937558065 0.0 0.0 0.0 
1 691 12.8373937558065 0.0 0.0 0.0 
1 692 12.8373937558065 0.0 0.0 0.0 
1 693 12.8373937558065 0.0 0.0 0.0 
1 694 12.8373937558065 0.0 0.0 0.0 
1 695 12.8373937558065 0.0 0.0 0.0 
1 696 12.8373937558065 0.0 0.0 0.0 
1 697 12.8373937558065 0.0 0.0 0.0 
1 698 12.8373937558065 0.0 0.0 0.0 
1 699 12.8373937558065 0.0 0.0 0.0 
1 700 12.8373937558065 0.0 0.0 0.0 
1 701 12.8373937558065 0.0 0.0 0.0 
1 702 12.8373937558065 0.0 0.0 0.0 
1 703 12.8373937558065 0.0 0.0 0.0 
1 704 12.8373937558065 0.0 0.0 0.0 
1 705 12.8373937558065 0.0 0.0 0.0 
1 706 12.8373937558065 0.0 0.0 0.0 
1 707 12.8373937558065 0.0 0.0 0.0 
1 708 12.8373937558065 0.0 0.0 0.0 
1 709 12.8373937558065 0.0 0.0 0.0 
1 710 12.8373937558065 0.0 0.0 0.0 
1 711 12.8373937558065 0.0 0.0 0.0 
1 712 12.8373937558065 0.0 0.0 0.0 
1 713 12.8373937558065 0.0 0.0 0.0 
1 714 12.8373937558065 0.0 0.0 0.0 
1 715 12.8373937558065 0.0 0.0 0.0 
1 716 12.8373937558065 0.0 0.0 0.0 
1 717 12.8373937558065 0.0 0.0 0.0 
1 718 12.8373937558065 0.0 0.0 0.0 
1 719 12.8373937558065 0.0 0.0 0.0 
1 720 12.8373937558065 0.0 0.0 0.0 
1 721 12.8373937558065 0.0 0.0 0.0 
1 722 12.8373937558065 0.0 0.0 0.0 
1 723 12.8373937558065 0.0 0.0 0.0 
1 724 12.8373937558065 0.0 0.0 0.0 
1 725 12.8373937558065 0.0 0.0 0.0 
1 726 12.8373937558065 0.0 0.0 0.0 
1 727 12.8373937558065 0.0 0.0 0.0 
1 728 12.8373937558065 0.0 0.0 0.0 
1 729 12.8373937558065 0.0 0.0 0.0 
1 730 12.8373937558065 0.0 0.0 0.0 
1 731 12.8373937558065 0.0 0.0 0.0 
1 732 12.8373937558065 0.0 0.0 0.0 
1 733 12.8373937558065 0.0 0.0 0.0 
1 734 12.8373937558065 0.0 0.0 0.0 
1 735 12.8373937558065 0.0 0.0 0.0 
1 736 12.8373937558065 0.0 0.0 0.0 
1 737 12.8373937558065 0.0 0.0 0.0 
1 738 12.8373937558065 0.0 0.0 0.0 
1 739 12.8373937558065 0.0 0.0 0.0 
1 740 12.8373937558065 0.0 0.0 0.0 
1 741 12.8373937558065 0.0 0.0 0.0 
1 742 12.8373937558065 0.0 0.0 0.0 
1 743 12.8373937558065 0.0 0.0 0.0 
1 744 12.8373937558065 0.0 0.0 0.0 
1 745 12.8373937558065 0.0 0.0 0.0 
1 746 12.8373937558065 0.0 0.0 0.0 
1 747 12.8373937558065 0.0 0.0 0.0 
1 748 12.8373937558065 0.0 0.0 0.0 
1 749 12.8373937558065 0.0 0.0 0.0 
1 750 12.8373937558065 0.0 0.0 0.0 
1 751 12.8373937558065 0.0 0.0 0.0 
1 752 12.8373937558065 0.0 0.0 0.0 
1 753 12.8373937558065 0.0 0.0 0.0 
1 754 12.8373937558065 0.0 0.0 0.0 
1 755 12.8373937558065 0.0 0.0 0.0 
1 756 12.8373937558065 0.0 0.0 0.0 
1 757 12.8373937558065 0.0 0.0 0.0 
1 758 12.8373937558065 0.0 0.0 0.0 
1 759 12.8373937558065 0.0 0.0 0.0 
1 760 12.8373937558065 0.0 0.0 0.0 
1 761 12.8373937558065 0.0 0.0 0.0 
1 762 12.8373937558065 0.0 0.0 0.0 
1 763 12.8373937558065 0.0 0.0 0.0 
1 764 12.8373937558065 0.0 0.0 0.0 
1 765 12.8373937558065 0.0 0.0 0.0 
1 766 12.8373937558065 0.0 0.0 0.0 
1 767 12.8373937558065 0.0 0.0 0.0 
1 768 12.8373937558065 0.0 0.0 0.0 
1 769 12.8373937558065 0.0 0.0 0.0 
1 770 12.8373937558065 0.0 0.0 0.0 
1 771 12.8373937558065 0.0 0.0 0.0 
1 772 12.8373937558065 0.0 0.0 0.0 
1 773 12.8373937558065 0.0 0.0 0.0 
1 774 12.8373937558065 0.0 0.0 0.0 
1 775 12.8373937558065 0.0 0.0 0.0 
1 776 12.8373937558065 0.0 0.0 0.0 
1 777 12.8373937558065 0.0 0.0 0.0 
1 778 12.8373937558065 0.0 0.0 0.0 
1 779 12.8373937558065 0.0 0.0 0.0 
1 780 12.8373937558065 0.0 0.0 0.0 
1 781 12.8373937558065 0.0 0.0 0.0 
1 782 12.8373937558065 0.0 0.0 0.0 
1 783 12.8373937558065 0.0 0.0 0.0 
1 784 12.8373937558065 0.0 0.0 0.0 
1 785 12.8373937558065 0.0 0.0 0.0 
1 786 12.8373937558065 0.0 0.0 0.0 
1 787 12.8373937558065 0.0 0.0 0.0 
1 788 12.8373937558065 0.0 0.0 0.0 
1 789 12.8373937558065 0.0 0.0 0.0 
1 790 12.8373937558065 0.0 0.0 0.0 
1 791 12.8373937558065 0.0 0.0 0.0 
1 792 12.8373937558065 0.0 0.0 0.0 
1 793 12.8373937558065 0.0 0.0 0.0 
1 794 12.8373937558065 0.0 0.0 0.0 
1 795 12.8373937558065 0.0 0.0 0.0 
1 796 12.8373937558065 0.0 0.0 0.0 
1 797 12.8373937558065 0.0 0.0 0.0 
1 798 12.8373937558065 0.0 0.0 0.0 
1 799 12.8373937558065 0.0 0.0 0.0 
1 800 12.8373937558065 0.0 0.0 0.0 
1 801 12.8373937558065 0.0 0.0 0.0 
1 802 12.8373937558065 0.0 0.0 0.0 
1 803 12.8373937558065 0.0 0.0 0.0 
1 804 12.8373937558065 0.0 0.0 0.0 
1 805 12.8373937558065 0.0 0.0 0.0 
1 806 12.8373937558065 0.0 0.0 0.0 
1 807 12.8373937558065 0.0 0.0 0.0 
1 808 12.8373937558065 0.0 0.0 0.0 
1 809 12.8373937558065 0.0 0.0 0.0 
1 810 12.8373937558065 0.0 0.0 0.0 
1 811 12.8373937558065 0.0 0.0 0.0 
1 812 12.8373937558065 0.0 0.0 0.0 
1 813 12.8373937558065 0.0 0.0 0.0 
1 814 12.8373937558065 0.0 0.0 0.0 
1 815 12.8373937558065 0.0 0.0 0.0 
1 816 12.8373937558065 0.0 0.0 0.0 
1 817 12.8373937558065 0.0 0.0 0.0 
1 818 12.8373937558065 0.0 0.0 0.0 
1 819 12.8373937558065 0.0 0.0 0.0 
1 820 12.8373937558065 0.0 0.0 0.0 
1 821 12.8373937558065 0.0 0.0 0.0 
1 822 12.8373937558065 0.0 0.0 0.0 
1 823 12.8373937558065 0.0 0.0 0.0 
1 824 12.8373937558065 0.0 0.0 0.0 
1 825 12.8373937558065 0.0 0.0 0.0 
1 826 12.8373937558065 0.0 0.0 0.0 
1 827 12.8373937558065 0.0 0.0 0.0 
1 828 12.8373937558065 0.0 0.0 0.0 
1 829 12.8373937558065 0.0 0.0 0.0 
1 830 12.8373937558065 0.0 0.0 0.0 
1 831 12.8373937558065 0.0 0.0 0.0 
1 832 12.8373937558065 0.0 0.0 0.0 
1 833 12.8373937558065 0.0 0.0 0.0 
1 834 12.8373937558065 0.0 0.0 0.0 
1 835 12.8373937558065 0.0 0.0 0.0 
1 836 12.8373937558065 0.0 0.0 0.0 
1 837 12.8373937558065 0.0 0.0 0.0 
1 838 12.8373937558065 0.0 0.0 0.0 
1 839 12.8373937558065 0.0 0.0 0.0 
1 840 12.8373937558065 0.0 0.0 0.0 
1 841 12.8373937558065 0.0 0.0 0.0 
1 842 12.8373937558065 0.0 0.0 0.0 
1 843 12.8373937558065 0.0 0.0 0.0 
1 844 12.8373937558065 0.0 0.0 0.0 
1 845 12.8373937558065 0.0 0.0 0.0 
1 846 12.8373937558065 0.0 0.0 0.0 
1 847 12.8373937558065 0.0 0.0 0.0 
1 848 12.8373937558065 0.0 0.0 0.0 
1 849 12.8373937558065 0.0 0.0 0.0 
1 850 12.8373937558065 0.0 0.0 0.0 
1 851 12.8373937558065 0.0 0.0 0.0 
1 852 12.8373937558065 0.0 0.0 0.0 
1 853 12.8373937558065 0.0 0.0 0.0 
1 854 12.8373937558065 0.0 0.0 0.0 
1 855 12.8373937558065 0.0 0.0 0.0 
1 856 12.8373937558065 0.0 0.0 0.0 
1 857 12.8373937558065 0.0 0.0 0.0 
1 858 12.8373937558065 0.0 0.0 0.0 
1 859 12.8373937558065 0.0 0.0 0.0 
1 860 12.8373937558065 0.0 0.0 0.0 
1 861 12.8373937558065 0.0 0.0 0.0 
1 862 12.8373937558065 0.0 0.0 0.0 
1 863 12.8373937558065 0.0 0.0 0.0 
1 864 12.8373937558065 0.0 0.0 0.0 
1 865 12.8373937558065 0.0 0.0 0.0 
1 866 12.8373937558065 0.0 0.0 0.0 
1 867 12.8373937558065 0.0 0.0 0.0 
1 868 12.8373937558065 0.0 0.0 0.0 
1 869 12.8373937558065 0.0 0.0 0.0 
1 870 12.8373937558065 0.0 0.0 0.0 
1 871 12.8373937558065 0.0 0.0 0.0 
1 872 12.8373937558065 0.0 0.0 0.0 
1 873 12.8373937558065 0.0 0.0 0.0 
1 874 12.8373937558065 0.0 0.0 0.0 
1 875 12.8373937558065 0.0 0.0 0.0 
1 876 12.8373937558065 0.0 0.0 0.0 
1 877 12.8373937558065 0.0 0.0 0.0 
1 878 12.8373937558065 0.0 0.0 0.0 
1 879 12.8373937558065 0.0 0.0 0.0 
1 880 12.8373937558065 0.0 0.0 0.0 
1 881 12.8373937558065 0.0 0.0 0.0 
1 882 12.8373937558065 0.0 0.0 0.0 
1 883 12.8373937558065 0.0 0.0 0.0 
1 884 12.8373937558065 0.0 0.0 0.0 
1 885 12.8373937558065 0.0 0.0 0.0 
1 886 12.8373937558065 0.0 0.0 0.0 
1 887 12.8373937558065 0.0 0.0 0.0 
1 888 12.8373937558065 0.0 0.0 0.0 
1 889 12.8373937558065 0.0 0.0 0.0 
1 890 12.8373937558065 0.0 0.0 0.0 
1 891 12.8373937558065 0.0 0.0 0.0 
1 892 12.8373937558065 0.0 0.0 0.0 
1 893 12.8373937558065 0.0 0.0 0.0 
1 894 12.8373937558065 0.0 0.0 0.0 
1 895 12.8373937558065 0.0 0.0 0.0 
1 896 12.8373937558065 0.0 0.0 0.0 
1 897 12.8373937558065 0.0 0.0 0.0 
1 898 12.8373937558065 0.0 0.0 0.0 
1 899 12.8373937558065 0.0 0.0 0.0 
1 900 12.8373937558065 0.0 0.0 0.0 
1 901 12.8373937558065 0.0 0.0 0.0 
1 902 12.8373937558065 0.0 0.0 0.0 
1 903 12.8373937558065 0.0 0.0 0.0 
1 904 12.8373937558065 0.0 0.0 0.0 
1 905 12.8373937558065 0.0 0.0 0.0 
1 906 12.8373937558065 0.0 0.0 0.0 
1 907 12.8373937558065 0.0 0.0 0.0 
1 908 12.8373937558065 0.0 0.0 0.0 
1 909 12.8373937558065 0.0 0.0 0.0 
1 910 12.8373937558065 0.0 0.0 0.0 
1 911 12.8373937558065 0.0 0.0 0.0 
1 912 12.8373937558065 0.0 0.0 0.0 
1 913 12.8373937558065 0.0 0.0 0.0 
1 914 12.8373937558065 0.0 0.0 0.0 
1 915 12.8373937558065 0.0 0.0 0.0 
1 916 12.8373937558065 0.0 0.0 0.0 
1 917 12.8373937558065 0.0 0.0 0.0 
1 918 12.8373937558065 0.0 0.0 0.0 
1 919 12.8373937558065 0.0 0.0 0.0 
1 920 12.8373937558065 0.0 0.0 0.0 
1 921 12.8373937558065 0.0 0.0 0.0 
1 922 12.8373937558065 0.0 0.0 0.0 
1 923 12.8373937558065 0.0 0.0 0.0 
1 924 12.8373937558065 0.0 0.0 0.0 
1 925 12.8373937558065 0.0 0.0 0.0 
1 926 12.8373937558065 0.0 0.0 0.0 
1 927 12.8373937558065 0.0 0.0 0.0 
1 928 12.8373937558065 0.0 0.0 0.0 
1 929 12.8373937558065 0.0 0.0 0.0 
1 930 12.8373937558065 0.0 0.0 0.0 
1 931 12.8373937558065 0.0 0.0 0.0 
1 932 12.8373937558065 0.0 0.0 0.0 
1 933 12.8373937558065 0.0 0.0 0.0 
1 934 12.8373937558065 0.0 0.0 0.0 
1 935 12.8373937558065 0.0 0.0 0.0 
1 936 12.8373937558065 0.0 0.0 0.0 
1 937 12.8373937558065 0.0 0.0 0.0 
1 938 12.8373937558065 0.0 0.0 0.0 
1 939 12.8373937558065 0.0 0.0 0.0 
1 940 12.8373937558065 0.0 0.0 0.0 
1 941 12.8373937558065 0.0 0.0 0.0 
1 942 12.8373937558065 0.0 0.0 0.0 
1 943 12.8373937558065 0.0 0.0 0.0 
1 944 12.8373937558065 0.0 0.0 0.0 
1 945 12.8373937558065 0.0 0.0 0.0 
1 946 12.8373937558065 0.0 0.0 0.0 
1 947 12.8373937558065 0.0 0.0 0.0 
1 948 12.8373937558065 0.0 0.0 0.0 
1 949 12.8373937558065 0.0 0.0 0.0 
1 950 12.8373937558065 0.0 0.0 0.0 
1 951 12.8373937558065 0.0 0.0 0.0 
1 952 12.8373937558065 0.0 0.0 0.0 
1 953 12.8373937558065 0.0 0.0 0.0 
1 954 12.8373937558065 0.0 0.0 0.0 
1 955 12.8373937558065 0.0 0.0 0.0 
1 956 12.8373937558065 0.0 0.0 0.0 
1 957 12.8373937558065 0.0 0.0 0.0 
5 1 43.6302881546774 0.0 0.0 0.0 
5 2 43.6302881546774 0.0 0.0 0.0 
5 3 43.6302881546774 0.0 0.0 0.0 
5 4 43.6302881546774 0.0 0.0 0.0 
5 5 43.6302881546774 0.0 0.0 0.0 
5 6 43.6302881546774 0.0 0.0 0.0 
5 7 43.6302881546774 0.0 0.0 0.0 
5 8 43.6302881546774 0.0 0.0 0.0 
5 9 43.6302881546774 0.0 0.0 0.0 
5 10 43.6302881546774 0.0 0.0 0.0 
5 11 43.6302881546774 0.0 0.0 0.0 
5 12 43.6302881546774 0.0 0.0 0.0 
5 13 43.6302881546774 0.0 0.0 0.0 
5 14 43.6302881546774 0.0 0.0 0.0 
5 15 43.6302881546774 0.0 0.0 0.0 
5 16 43.6302881546774 0.0 0.0 0.0 
5 17 43.6302881546774 0.0 0.0 0.0 
5 18 43.6302881546774 0.0 0.0 0.0 
5 19 43.6302881546774 0.0 0.0 0.0 
5 20 43.6302881546774 0.0 0.0 0.0 
5 21 43.6302881546774 0.0 0.0 0.0 
5 22 43.6302881546774 0.0 0.0 0.0 
5 23 43.6302881546774 0.0 0.0 0.0 
5 24 43.6302881546774 0.0 0.0 0.0 
5 25 43.6302881546774 0.0 0.0 0.0 
5 26 43.6302881546774 0.0 0.0 0.0 
5 27 43.6302881546774 0.0 0.0 0.0 
5 28 43.6302881546774 0.0 0.0 0.0 
5 29 43.6302881546774 0.0 0.0 0.0 
5 30 43.6302881546774 0.0 0.0 0.0 
5 31 43.6302881546774 0.0 0.0 0.0 
5 32 43.6302881546774 0.0 0.0 0.0 
5 33 43.6302881546774 0.0 0.0 0.0 
5 34 43.6302881546774 0.0 0.0 0.0 
5 35 43.6302881546774 0.0 0.0 0.0 
5 36 43.6302881546774 0.0 0.0 0.0 
5 37 43.6302881546774 0.0 0.0 0.0 
5 38 43.6302881546774 0.0 0.0 0.0 
5 39 43.6302881546774 0.0 0.0 0.0 
5 40 43.6302881546774 0.0 0.0 0.0 
5 41 43.6302881546774 0.0 0.0 0.0 
5 42 43.6302881546774 0.0 0.0 0.0 
5 43 43.6302881546774 0.0 0.0 0.0 
5 44 43.6302881546774 0.0 0.0 0.0 
5 45 43.6302881546774 0.0 0.0 0.0 
5 46 43.6302881546774 0.0 0.0 0.0 
5 47 43.6302881546774 0.0 0.0 0.0 
5 48 43.6302881546774 0.0 0.0 0.0 
5 49 43.6302881546774 0.0 0.0 0.0 
5 50 43.6302881546774 0.0 0.0 0.0 
5 51 43.6302881546774 0.0 0.0 0.0 
5 52 43.6302881546774 0.0 0.0 0.0 
5 53 43.6302881546774 0.0 0.0 0.0 
5 54 43.6302881546774 0.0 0.0 0.0 
5 55 43.6302881546774 0.0 0.0 0.0 
5 56 43.6302881546774 0.0 0.0 0.0 
5 57 43.6302881546774 0.0 0.0 0.0 
5 58 43.6302881546774 0.0 0.0 0.0 
5 59 43.6302881546774 0.0 0.0 0.0 
5 60 43.6302881546774 0.0 0.0 0.0 
5 61 43.6302881546774 0.0 0.0 0.0 
5 62 43.6302881546774 0.0 0.0 0.0 
5 63 43.6302881546774 0.0 0.0 0.0 
5 64 43.6302881546774 0.0 0.0 0.0 
5 65 43.6302881546774 0.0 0.0 0.0 
5 66 43.6302881546774 0.0 0.0 0.0 
5 67 43.6302881546774 0.0 0.0 0.0 
5 68 43.6302881546774 0.0 0.0 0.0 
5 69 43.6302881546774 0.0 0.0 0.0 
5 70 43.6302881546774 0.0 0.0 0.0 
5 71 43.6302881546774 0.0 0.0 0.0 
5 72 43.6302881546774 0.0 0.0 0.0 
5 73 43.6302881546774 0.0 0.0 0.0 
5 74 43.6302881546774 0.0 0.0 0.0 
5 75 43.6302881546774 0.0 0.0 0.0 
5 76 43.6302881546774 0.0 0.0 0.0 
5 77 43.6302881546774 0.0 0.0 0.0 
5 78 43.6302881546774 0.0 0.0 0.0 
5 79 43.6302881546774 0.0 0.0 0.0 
5 80 43.6302881546774 0.0 0.0 0.0 
5 81 43.6302881546774 0.0 0.0 0.0 
5 82 43.6302881546774 0.0 0.0 0.0 
5 83 43.6302881546774 0.0 0.0 0.0 
5 84 43.6302881546774 0.0 0.0 0.0 
5 85 43.6302881546774 0.0 0.0 0.0 
5 86 43.6302881546774 0.0 0.0 0.0 
5 87 43.6302881546774 0.0 0.0 0.0 
5 88 43.6302881546774 0.0 0.0 0.0 
5 89 43.6302881546774 0.0 0.0 0.0 
5 90 43.6302881546774 0.0 0.0 0.0 
5 91 43.6302881546774 0.0 0.0 0.0 
5 92 43.6302881546774 0.0 0.0 0.0 
5 93 43.6302881546774 0.0 0.0 0.0 
5 94 43.6302881546774 0.0 0.0 0.0 
5 95 43.6302881546774 0.0 0.0 0.0 
5 96 43.6302881546774 0.0 0.0 0.0 
5 97 43.6302881546774 0.0 0.0 0.0 
5 98 43.6302881546774 0.0 0.0 0.0 
5 99 43.6302881546774 0.0 0.0 0.0 
5 100 43.6302881546774 0.0 0.0 0.0 
5 101 43.6302881546774 0.0 0.0 0.0 
5 102 43.6302881546774 0.0 0.0 0.0 
5 103 43.6302881546774 0.0 0.0 0.0 
5 104 43.6302881546774 0.0 0.0 0.0 
5 105 43.6302881546774 0.0 0.0 0.0 
5 106 43.6302881546774 0.0 0.0 0.0 
5 107 43.6302881546774 0.0 0.0 0.0 
5 108 43.6302881546774 0.0 0.0 0.0 
5 109 43.6302881546774 0.0 0.0 0.0 
5 110 43.6302881546774 0.0 0.0 0.0 
5 111 43.6302881546774 0.0 0.0 0.0 
5 112 43.6302881546774 0.0 0.0 0.0 
5 113 43.6302881546774 0.0 0.0 0.0 
5 114 43.6302881546774 0.0 0.0 0.0 
5 115 43.6302881546774 0.0 0.0 0.0 
5 116 43.6302881546774 0.0 0.0 0.0 
5 117 43.6302881546774 0.0 0.0 0.0 
5 118 43.6302881546774 0.0 0.0 0.0 
5 119 43.6302881546774 0.0 0.0 0.0 
5 120 43.6302881546774 0.0 0.0 0.0 
5 121 43.6302881546774 0.0 0.0 0.0 
5 122 43.6302881546774 0.0 0.0 0.0 
5 123 43.6302881546774 0.0 0.0 0.0 
5 124 43.6302881546774 0.0 0.0 0.0 
5 125 43.6302881546774 0.0 0.0 0.0 
5 126 43.6302881546774 0.0 0.0 0.0 
5 127 43.6302881546774 0.0 0.0 0.0 
5 128 43.6302881546774 0.0 0.0 0.0 
5 129 43.6302881546774 0.0 0.0 0.0 
5 130 43.6302881546774 0.0 0.0 0.0 
5 131 43.6302881546774 0.0 0.0 0.0 
5 132 43.6302881546774 0.0 0.0 0.0 
5 133 43.6302881546774 0.0 0.0 0.0 
5 134 43.6302881546774 0.0 0.0 0.0 
5 135 43.6302881546774 0.0 0.0 0.0 
5 136 43.6302881546774 0.0 0.0 0.0 
5 137 43.6302881546774 0.0 0.0 0.0 
5 138 43.6302881546774 0.0 0.0 0.0 
5 139 43.6302881546774 0.0 0.0 0.0 
5 140 43.6302881546774 0.0 0.0 0.0 
5 141 43.6302881546774 0.0 0.0 0.0 
5 142 43.6302881546774 0.0 0.0 0.0 
5 143 43.6302881546774 0.0 0.0 0.0 
5 144 43.6302881546774 0.0 0.0 0.0 
5 145 43.6302881546774 0.0 0.0 0.0 
5 146 43.6302881546774 0.0 0.0 0.0 
5 147 43.6302881546774 0.0 0.0 0.0 
5 148 43.6302881546774 0.0 0.0 0.0 
5 149 43.6302881546774 0.0 0.0 0.0 
5 150 43.6302881546774 0.0 0.0 0.0 
5 151 43.6302881546774 0.0 0.0 0.0 
5 152 43.6302881546774 0.0 0.0 0.0 
5 153 43.6302881546774 0.0 0.0 0.0 
5 154 43.6302881546774 0.0 0.0 0.0 
5 155 43.6302881546774 0.0 0.0 0.0 
5 156 43.6302881546774 0.0 0.0 0.0 
5 157 43.6302881546774 0.0 0.0 0.0 
5 158 43.6302881546774 0.0 0.0 0.0 
5 159 43.6302881546774 0.0 0.0 0.0 
5 160 43.6302881546774 0.0 0.0 0.0 
5 161 43.6302881546774 0.0 0.0 0.0 
5 162 43.6302881546774 0.0 0.0 0.0 
5 163 43.6302881546774 0.0 0.0 0.0 
5 164 43.6302881546774 0.0 0.0 0.0 
5 165 43.6302881546774 0.0 0.0 0.0 
5 166 43.6302881546774 0.0 0.0 0.0 
5 167 43.6302881546774 0.0 0.0 0.0 
5 168 43.6302881546774 0.0 0.0 0.0 
5 169 43.6302881546774 0.0 0.0 0.0 
5 170 43.6302881546774 0.0 0.0 0.0 
5 171 43.6302881546774 0.0 0.0 0.0 
5 172 43.6302881546774 0.0 0.0 0.0 
5 173 43.6302881546774 0.0 0.0 0.0 
5 174 43.6302881546774 0.0 0.0 0.0 
5 175 43.6302881546774 0.0 0.0 0.0 
5 176 43.6302881546774 0.0 0.0 0.0 
5 177 43.6302881546774 0.0 0.0 0.0 
5 178 43.6302881546774 0.0 0.0 0.0 
5 179 43.6302881546774 0.0 0.0 0.0 
5 180 43.6302881546774 0.0 0.0 0.0 
5 181 43.6302881546774 0.0 0.0 0.0 
5 182 43.6302881546774 0.0 0.0 0.0 
5 183 43.6302881546774 0.0 0.0 0.0 
5 184 43.6302881546774 0.0 0.0 0.0 
5 185 43.6302881546774 0.0 0.0 0.0 
5 186 43.6302881546774 0.0 0.0 0.0 
5 187 43.6302881546774 0.0 0.0 0.0 
5 188 43.6302881546774 0.0 0.0 0.0 
5 189 43.6302881546774 0.0 0.0 0.0 
5 190 43.6302881546774 0.0 0.0 0.0 
5 191 43.6302881546774 0.0 0.0 0.0 
5 192 43.6302881546774 0.0 0.0 0.0 
5 193 43.6302881546774 0.0 0.0 0.0 
5 194 43.6302881546774 0.0 0.0 0.0 
5 195 43.6302881546774 0.0 0.0 0.0 
5 196 43.6302881546774 0.0 0.0 0.0 
5 197 43.6302881546774 0.0 0.0 0.0 
5 198 43.6302881546774 0.0 0.0 0.0 
5 199 43.6302881546774 0.0 0.0 0.0 
5 200 43.6302881546774 0.0 0.0 0.0 
5 201 43.6302881546774 0.0 0.0 0.0 
5 202 43.6302881546774 0.0 0.0 0.0 
5 203 43.6302881546774 0.0 0.0 0.0 
5 204 43.6302881546774 0.0 0.0 0.0 
5 205 43.6302881546774 0.0 0.0 0.0 
5 206 43.6302881546774 0.0 0.0 0.0 
5 207 43.6302881546774 0.0 0.0 0.0 
5 208 43.6302881546774 0.0 0.0 0.0 
5 209 43.6302881546774 0.0 0.0 0.0 
5 210 43.6302881546774 0.0 0.0 0.0 
5 211 43.6302881546774 0.0 0.0 0.0 
5 212 43.6302881546774 0.0 0.0 0.0 
5 213 43.6302881546774 0.0 0.0 0.0 
5 214 43.6302881546774 0.0 0.0 0.0 
5 215 43.6302881546774 0.0 0.0 0.0 
5 216 43.6302881546774 0.0 0.0 0.0 
5 217 43.6302881546774 0.0 0.0 0.0 
5 218 43.6302881546774 0.0 0.0 0.0 
5 219 43.6302881546774 0.0 0.0 0.0 
5 220 43.6302881546774 0.0 0.0 0.0 
5 221 43.6302881546774 0.0 0.0 0.0 
5 222 43.6302881546774 0.0 0.0 0.0 
5 223 43.6302881546774 0.0 0.0 0.0 
5 224 43.6302881546774 0.0 0.0 0.0 
5 225 43.6302881546774 0.0 0.0 0.0 
5 226 43.6302881546774 0.0 0.0 0.0 
5 227 43.6302881546774 0.0 0.0 0.0 
5 228 43.6302881546774 0.0 0.0 0.0 
5 229 43.6302881546774 0.0 0.0 0.0 
5 230 43.6302881546774 0.0 0.0 0.0 
5 231 43.6302881546774 0.0 0.0 0.0 
5 232 43.6302881546774 0.0 0.0 0.0 
5 233 43.6302881546774 0.0 0.0 0.0 
5 234 43.6302881546774 0.0 0.0 0.0 
5 235 43.6302881546774 0.0 0.0 0.0 
5 236 43.6302881546774 0.0 0.0 0.0 
5 237 43.6302881546774 0.0 0.0 0.0 
5 238 43.6302881546774 0.0 0.0 0.0 
5 239 43.6302881546774 0.0 0.0 0.0 
5 240 43.6302881546774 0.0 0.0 0.0 
5 241 43.6302881546774 0.0 0.0 0.0 
5 242 43.6302881546774 0.0 0.0 0.0 
5 243 43.6302881546774 0.0 0.0 0.0 
5 244 43.6302881546774 0.0 0.0 0.0 
5 245 43.6302881546774 0.0 0.0 0.0 
5 246 43.6302881546774 0.0 0.0 0.0 
5 247 43.6302881546774 0.0 0.0 0.0 
5 248 43.6302881546774 0.0 0.0 0.0 
5 249 43.6302881546774 0.0 0.0 0.0 
5 250 43.6302881546774 0.0 0.0 0.0 
5 251 43.6302881546774 0.0 0.0 0.0 
5 252 43.6302881546774 0.0 0.0 0.0 
5 253 43.6302881546774 0.0 0.0 0.0 
5 254 43.6302881546774 0.0 0.0 0.0 
5 255 43.6302881546774 0.0 0.0 0.0 
5 256 43.6302881546774 0.0 0.0 0.0 
5 257 43.6302881546774 0.0 0.0 0.0 
5 258 43.6302881546774 0.0 0.0 0.0 
5 259 43.6302881546774 0.0 0.0 0.0 
5 260 43.6302881546774 0.0 0.0 0.0 
5 261 43.6302881546774 0.0 0.0 0.0 
5 262 43.6302881546774 0.0 0.0 0.0 
5 263 43.6302881546774 0.0 0.0 0.0 
5 264 43.6302881546774 0.0 0.0 0.0 
5 265 43.6302881546774 0.0 0.0 0.0 
5 266 43.6302881546774 0.0 0.0 0.0 
5 267 43.6302881546774 0.0 0.0 0.0 
5 268 43.6302881546774 0.0 0.0 0.0 
5 269 43.6302881546774 0.0 0.0 0.0 
5 270 43.6302881546774 0.0 0.0 0.0 
5 271 43.6302881546774 0.0 0.0 0.0 
5 272 43.6302881546774 0.0 0.0 0.0 
5 273 43.6302881546774 0.0 0.0 0.0 
5 274 43.6302881546774 0.0 0.0 0.0 
5 275 43.6302881546774 0.0 0.0 0.0 
5 276 43.6302881546774 0.0 0.0 0.0 
5 277 43.6302881546774 0.0 0.0 0.0 
5 278 43.6302881546774 0.0 0.0 0.0 
5 279 43.6302881546774 0.0 0.0 0.0 
5 280 43.6302881546774 0.0 0.0 0.0 
5 281 43.6302881546774 0.0 0.0 0.0 
5 282 43.6302881546774 0.0 0.0 0.0 
5 283 43.6302881546774 0.0 0.0 0.0 
5 284 43.6302881546774 0.0 0.0 0.0 
5 285 43.6302881546774 0.0 0.0 0.0 
5 286 43.6302881546774 0.0 0.0 0.0 
5 287 43.6302881546774 0.0 0.0 0.0 
5 288 43.6302881546774 0.0 0.0 0.0 
5 289 43.6302881546774 0.0 0.0 0.0 
5 290 43.6302881546774 0.0 0.0 0.0 
5 291 43.6302881546774 0.0 0.0 0.0 
5 292 43.6302881546774 0.0 0.0 0.0 
5 293 43.6302881546774 0.0 0.0 0.0 
5 294 43.6302881546774 0.0 0.0 0.0 
5 295 43.6302881546774 0.0 0.0 0.0 
5 296 43.6302881546774 0.0 0.0 0.0 
5 297 43.6302881546774 0.0 0.0 0.0 
5 298 43.6302881546774 0.0 0.0 0.0 
5 299 43.6302881546774 0.0 0.0 0.0 
5 300 43.6302881546774 0.0 0.0 0.0 
5 301 43.6302881546774 0.0 0.0 0.0 
5 302 43.6302881546774 0.0 0.0 0.0 
5 303 43.6302881546774 0.0 0.0 0.0 
5 304 43.6302881546774 0.0 0.0 0.0 
5 305 43.6302881546774 0.0 0.0 0.0 
5 306 43.6302881546774 0.0 0.0 0.0 
5 307 43.6302881546774 0.0 0.0 0.0 
5 308 43.6302881546774 0.0 0.0 0.0 
5 309 43.6302881546774 0.0 0.0 0.0 
5 310 43.6302881546774 0.0 0.0 0.0 
5 311 43.6302881546774 0.0 0.0 0.0 
5 312 43.6302881546774 0.0 0.0 0.0 
5 313 43.6302881546774 0.0 0.0 0.0 
5 314 43.6302881546774 0.0 0.0 0.0 
5 315 43.6302881546774 0.0 0.0 0.0 
5 316 43.6302881546774 0.0 0.0 0.0 
5 317 43.6302881546774 0.0 0.0 0.0 
5 318 43.6302881546774 0.0 0.0 0.0 
5 319 43.6302881546774 0.0 0.0 0.0 
5 320 43.6302881546774 0.0 0.0 0.0 
5 321 43.6302881546774 0.0 0.0 0.0 
5 322 43.6302881546774 0.0 0.0 0.0 
5 323 43.6302881546774 0.0 0.0 0.0 
5 324 43.6302881546774 0.0 0.0 0.0 
5 325 43.6302881546774 0.0 0.0 0.0 
5 326 43.6302881546774 0.0 0.0 0.0 
5 327 43.6302881546774 0.0 0.0 0.0 
5 328 43.6302881546774 0.0 0.0 0.0 
5 329 43.6302881546774 0.0 0.0 0.0 
5 330 43.6302881546774 0.0 0.0 0.0 
5 331 43.6302881546774 0.0 0.0 0.0 
5 332 43.6302881546774 0.0 0.0 0.0 
5 333 43.6302881546774 0.0 0.0 0.0 
5 334 43.6302881546774 0.0 0.0 0.0 
5 335 43.6302881546774 0.0 0.0 0.0 
5 336 43.6302881546774 0.0 0.0 0.0 
5 337 43.6302881546774 0.0 0.0 0.0 
5 338 43.6302881546774 0.0 0.0 0.0 
5 339 43.6302881546774 0.0 0.0 0.0 
5 340 43.6302881546774 0.0 0.0 0.0 
5 341 43.6302881546774 0.0 0.0 0.0 
5 342 43.6302881546774 0.0 0.0 0.0 
5 343 43.6302881546774 0.0 0.0 0.0 
5 344 43.6302881546774 0.0 0.0 0.0 
5 345 43.6302881546774 0.0 0.0 0.0 
5 346 43.6302881546774 0.0 0.0 0.0 
5 347 43.6302881546774 0.0 0.0 0.0 
5 348 43.6302881546774 0.0 0.0 0.0 
5 349 43.6302881546774 0.0 0.0 0.0 
5 350 43.6302881546774 0.0 0.0 0.0 
5 351 43.6302881546774 0.0 0.0 0.0 
5 352 43.6302881546774 0.0 0.0 0.0 
5 353 43.6302881546774 0.0 0.0 0.0 
5 354 43.6302881546774 0.0 0.0 0.0 
5 355 43.6302881546774 0.0 0.0 0.0 
5 356 43.6302881546774 0.0 0.0 0.0 
5 357 43.6302881546774 0.0 0.0 0.0 
5 358 43.6302881546774 0.0 0.0 0.0 
5 359 43.6302881546774 0.0 0.0 0.0 
5 360 43.6302881546774 0.0 0.0 0.0 
5 361 43.6302881546774 0.0 0.0 0.0 
5 362 43.6302881546774 0.0 0.0 0.0 
5 363 43.6302881546774 0.0 0.0 0.0 
5 364 43.6302881546774 0.0 0.0 0.0 
5 365 43.6302881546774 0.0 0.0 0.0 
5 366 43.6302881546774 0.0 0.0 0.0 
5 367 43.6302881546774 0.0 0.0 0.0 
5 368 43.6302881546774 0.0 0.0 0.0 
5 369 43.6302881546774 0.0 0.0 0.0 
5 370 43.6302881546774 0.0 0.0 0.0 
5 371 43.6302881546774 0.0 0.0 0.0 
5 372 43.6302881546774 0.0 0.0 0.0 
5 373 43.6302881546774 0.0 0.0 0.0 
5 374 43.6302881546774 0.0 0.0 0.0 
5 375 43.6302881546774 0.0 0.0 0.0 
5 376 43.6302881546774 0.0 0.0 0.0 
5 377 43.6302881546774 0.0 0.0 0.0 
5 378 43.6302881546774 0.0 0.0 0.0 
5 379 43.6302881546774 0.0 0.0 0.0 
5 380 43.6302881546774 0.0 0.0 0.0 
5 381 43.6302881546774 0.0 0.0 0.0 
5 382 43.6302881546774 0.0 0.0 0.0 
5 383 43.6302881546774 0.0 0.0 0.0 
5 384 43.6302881546774 0.0 0.0 0.0 
5 385 43.6302881546774 0.0 0.0 0.0 
5 386 43.6302881546774 0.0 0.0 0.0 
5 387 43.6302881546774 0.0 0.0 0.0 
5 388 43.6302881546774 0.0 0.0 0.0 
5 389 43.6302881546774 0.0 0.0 0.0 
5 390 43.6302881546774 0.0 0.0 0.0 
5 391 43.6302881546774 0.0 0.0 0.0 
5 392 43.6302881546774 0.0 0.0 0.0 
5 393 43.6302881546774 0.0 0.0 0.0 
5 394 43.6302881546774 0.0 0.0 0.0 
5 395 43.6302881546774 0.0 0.0 0.0 
5 396 43.6302881546774 0.0 0.0 0.0 
5 397 43.6302881546774 0.0 0.0 0.0 
5 398 43.6302881546774 0.0 0.0 0.0 
5 399 43.6302881546774 0.0 0.0 0.0 
5 400 43.6302881546774 0.0 0.0 0.0 
5 401 43.6302881546774 0.0 0.0 0.0 
5 402 43.6302881546774 0.0 0.0 0.0 
5 403 43.6302881546774 0.0 0.0 0.0 
5 404 43.6302881546774 0.0 0.0 0.0 
5 405 43.6302881546774 0.0 0.0 0.0 
5 406 43.6302881546774 0.0 0.0 0.0 
5 407 43.6302881546774 0.0 0.0 0.0 
5 408 43.6302881546774 0.0 0.0 0.0 
5 409 43.6302881546774 0.0 0.0 0.0 
5 410 43.6302881546774 0.0 0.0 0.0 
5 411 43.6302881546774 0.0 0.0 0.0 
5 412 43.6302881546774 0.0 0.0 0.0 
5 413 43.6302881546774 0.0 0.0 0.0 
5 414 43.6302881546774 0.0 0.0 0.0 
5 415 43.6302881546774 0.0 0.0 0.0 
5 416 43.6302881546774 0.0 0.0 0.0 
5 417 43.6302881546774 0.0 0.0 0.0 
5 418 43.6302881546774 0.0 0.0 0.0 
5 419 43.6302881546774 0.0 0.0 0.0 
5 420 43.6302881546774 0.0 0.0 0.0 
5 421 43.6302881546774 0.0 0.0 0.0 
5 422 43.6302881546774 0.0 0.0 0.0 
5 423 43.6302881546774 0.0 0.0 0.0 
5 424 43.6302881546774 0.0 0.0 0.0 
5 425 43.6302881546774 0.0 0.0 0.0 
5 426 43.6302881546774 0.0 0.0 0.0 
5 427 43.6302881546774 0.0 0.0 0.0 
5 428 43.6302881546774 0.0 0.0 0.0 
5 429 43.6302881546774 0.0 0.0 0.0 
5 430 43.6302881546774 0.0 0.0 0.0 
5 431 43.6302881546774 0.0 0.0 0.0 
5 432 43.6302881546774 0.0 0.0 0.0 
5 433 43.6302881546774 0.0 0.0 0.0 
5 434 43.6302881546774 0.0 0.0 0.0 
5 435 43.6302881546774 0.0 0.0 0.0 
5 436 43.6302881546774 0.0 0.0 0.0 
5 437 43.6302881546774 0.0 0.0 0.0 
5 438 43.6302881546774 0.0 0.0 0.0 
5 439 43.6302881546774 0.0 0.0 0.0 
5 440 43.6302881546774 0.0 0.0 0.0 
5 441 43.6302881546774 0.0 0.0 0.0 
5 442 43.6302881546774 0.0 0.0 0.0 
5 443 43.6302881546774 0.0 0.0 0.0 
5 444 43.6302881546774 0.0 0.0 0.0 
5 445 43.6302881546774 0.0 0.0 0.0 
5 446 43.6302881546774 0.0 0.0 0.0 
5 447 43.6302881546774 0.0 0.0 0.0 
5 448 43.6302881546774 0.0 0.0 0.0 
5 449 43.6302881546774 0.0 0.0 0.0 
5 450 43.6302881546774 0.0 0.0 0.0 
5 451 43.6302881546774 0.0 0.0 0.0 
5 452 43.6302881546774 0.0 0.0 0.0 
5 453 43.6302881546774 0.0 0.0 0.0 
5 454 43.6302881546774 0.0 0.0 0.0 
5 455 43.6302881546774 0.0 0.0 0.0 
5 456 43.6302881546774 0.0 0.0 0.0 
5 457 43.6302881546774 0.0 0.0 0.0 
5 458 43.6302881546774 0.0 0.0 0.0 
5 459 43.6302881546774 0.0 0.0 0.0 
5 460 43.6302881546774 0.0 0.0 0.0 
5 461 43.6302881546774 0.0 0.0 0.0 
5 462 43.6302881546774 0.0 0.0 0.0 
5 463 43.6302881546774 0.0 0.0 0.0 
5 464 43.6302881546774 0.0 0.0 0.0 
5 465 43.6302881546774 0.0 0.0 0.0 
5 466 43.6302881546774 0.0 0.0 0.0 
5 467 43.6302881546774 0.0 0.0 0.0 
5 468 43.6302881546774 0.0 0.0 0.0 
5 469 43.6302881546774 0.0 0.0 0.0 
5 470 43.6302881546774 0.0 0.0 0.0 
5 471 43.6302881546774 0.0 0.0 0.0 
5 472 43.6302881546774 0.0 0.0 0.0 
5 473 43.6302881546774 0.0 0.0 0.0 
5 474 43.6302881546774 0.0 0.0 0.0 
5 475 43.6302881546774 0.0 0.0 0.0 
5 476 43.6302881546774 0.0 0.0 0.0 
5 477 43.6302881546774 0.0 0.0 0.0 
5 478 43.6302881546774 0.0 0.0 0.0 
5 479 43.6302881546774 0.0 0.0 0.0 
5 480 43.6302881546774 0.0 0.0 0.0 
5 481 43.6302881546774 0.0 0.0 0.0 
5 482 43.6302881546774 0.0 0.0 0.0 
5 483 43.6302881546774 0.0 0.0 0.0 
5 484 43.6302881546774 0.0 0.0 0.0 
5 485 43.6302881546774 0.0 0.0 0.0 
5 486 43.6302881546774 0.0 0.0 0.0 
5 487 43.6302881546774 0.0 0.0 0.0 
5 488 43.6302881546774 0.0 0.0 0.0 
5 489 43.6302881546774 0.0 0.0 0.0 
5 490 43.6302881546774 0.0 0.0 0.0 
5 491 43.6302881546774 0.0 0.0 0.0 
5 492 43.6302881546774 0.0 0.0 0.0 
5 493 43.6302881546774 0.0 0.0 0.0 
5 494 43.6302881546774 0.0 0.0 0.0 
5 495 43.6302881546774 0.0 0.0 0.0 
5 496 43.6302881546774 0.0 0.0 0.0 
5 497 43.6302881546774 0.0 0.0 0.0 
5 498 43.6302881546774 0.0 0.0 0.0 
5 499 43.6302881546774 0.0 0.0 0.0 
5 500 43.6302881546774 0.0 0.0 0.0 
5 501 43.6302881546774 0.0 0.0 0.0 
5 502 43.6302881546774 0.0 0.0 0.0 
5 503 43.6302881546774 0.0 0.0 0.0 
5 504 43.6302881546774 0.0 0.0 0.0 
5 505 43.6302881546774 0.0 0.0 0.0 
5 506 43.6302881546774 0.0 0.0 0.0 
5 507 43.6302881546774 0.0 0.0 0.0 
5 508 43.6302881546774 0.0 0.0 0.0 
5 509 43.6302881546774 0.0 0.0 0.0 
5 510 43.6302881546774 0.0 0.0 0.0 
5 511 43.6302881546774 0.0 0.0 0.0 
5 512 43.6302881546774 0.0 0.0 0.0 
5 513 43.6302881546774 0.0 0.0 0.0 
5 514 43.6302881546774 0.0 0.0 0.0 
5 515 43.6302881546774 0.0 0.0 0.0 
5 516 43.6302881546774 0.0 0.0 0.0 
5 517 43.6302881546774 0.0 0.0 0.0 
5 518 43.6302881546774 0.0 0.0 0.0 
5 519 43.6302881546774 0.0 0.0 0.0 
5 520 43.6302881546774 0.0 0.0 0.0 
5 521 43.6302881546774 0.0 0.0 0.0 
5 522 43.6302881546774 0.0 0.0 0.0 
5 523 43.6302881546774 0.0 0.0 0.0 
5 524 43.6302881546774 0.0 0.0 0.0 
5 525 43.6302881546774 0.0 0.0 0.0 
5 526 43.6302881546774 0.0 0.0 0.0 
5 527 43.6302881546774 0.0 0.0 0.0 
5 528 43.6302881546774 0.0 0.0 0.0 
5 529 43.6302881546774 0.0 0.0 0.0 
5 530 43.6302881546774 0.0 0.0 0.0 
5 531 43.6302881546774 0.0 0.0 0.0 
5 532 43.6302881546774 0.0 0.0 0.0 
5 533 43.6302881546774 0.0 0.0 0.0 
5 534 43.6302881546774 0.0 0.0 0.0 
5 535 43.6302881546774 0.0 0.0 0.0 
5 536 43.6302881546774 0.0 0.0 0.0 
5 537 43.6302881546774 0.0 0.0 0.0 
5 538 43.6302881546774 0.0 0.0 0.0 
5 539 43.6302881546774 0.0 0.0 0.0 
5 540 43.6302881546774 0.0 0.0 0.0 
5 541 43.6302881546774 0.0 0.0 0.0 
5 542 43.6302881546774 0.0 0.0 0.0 
5 543 43.6302881546774 0.0 0.0 0.0 
5 544 43.6302881546774 0.0 0.0 0.0 
5 545 43.6302881546774 0.0 0.0 0.0 
5 546 43.6302881546774 0.0 0.0 0.0 
5 547 43.6302881546774 0.0 0.0 0.0 
5 548 43.6302881546774 0.0 0.0 0.0 
5 549 43.6302881546774 0.0 0.0 0.0 
5 550 43.6302881546774 0.0 0.0 0.0 
5 551 43.6302881546774 0.0 0.0 0.0 
5 552 43.6302881546774 0.0 0.0 0.0 
5 553 43.6302881546774 0.0 0.0 0.0 
5 554 43.6302881546774 0.0 0.0 0.0 
5 555 43.6302881546774 0.0 0.0 0.0 
5 556 43.6302881546774 0.0 0.0 0.0 
5 557 43.6302881546774 0.0 0.0 0.0 
5 558 43.6302881546774 0.0 0.0 0.0 
5 559 43.6302881546774 0.0 0.0 0.0 
5 560 43.6302881546774 0.0 0.0 0.0 
5 561 43.6302881546774 0.0 0.0 0.0 
5 562 43.6302881546774 0.0 0.0 0.0 
5 563 43.6302881546774 0.0 0.0 0.0 
5 564 43.6302881546774 0.0 0.0 0.0 
5 565 43.6302881546774 0.0 0.0 0.0 
5 566 43.6302881546774 0.0 0.0 0.0 
5 567 43.6302881546774 0.0 0.0 0.0 
5 568 43.6302881546774 0.0 0.0 0.0 
5 569 43.6302881546774 0.0 0.0 0.0 
5 570 43.6302881546774 0.0 0.0 0.0 
5 571 43.6302881546774 0.0 0.0 0.0 
5 572 43.6302881546774 0.0 0.0 0.0 
5 573 43.6302881546774 0.0 0.0 0.0 
5 574 43.6302881546774 0.0 0.0 0.0 
5 575 43.6302881546774 0.0 0.0 0.0 
5 576 43.6302881546774 0.0 0.0 0.0 
5 577 43.6302881546774 0.0 0.0 0.0 
5 578 43.6302881546774 0.0 0.0 0.0 
5 579 43.6302881546774 0.0 0.0 0.0 
5 580 43.6302881546774 0.0 0.0 0.0 
5 581 43.6302881546774 0.0 0.0 0.0 
5 582 43.6302881546774 0.0 0.0 0.0 
5 583 43.6302881546774 0.0 0.0 0.0 
5 584 43.6302881546774 0.0 0.0 0.0 
5 585 43.6302881546774 0.0 0.0 0.0 
5 586 43.6302881546774 0.0 0.0 0.0 
5 587 43.6302881546774 0.0 0.0 0.0 
5 588 43.6302881546774 0.0 0.0 0.0 
5 589 43.6302881546774 0.0 0.0 0.0 
5 590 43.6302881546774 0.0 0.0 0.0 
5 591 43.6302881546774 0.0 0.0 0.0 
5 592 43.6302881546774 0.0 0.0 0.0 
5 593 43.6302881546774 0.0 0.0 0.0 
5 594 43.6302881546774 0.0 0.0 0.0 
5 595 43.6302881546774 0.0 0.0 0.0 
5 596 43.6302881546774 0.0 0.0 0.0 
5 597 43.6302881546774 0.0 0.0 0.0 
5 598 43.6302881546774 0.0 0.0 0.0 
5 599 43.6302881546774 0.0 0.0 0.0 
5 600 43.6302881546774 0.0 0.0 0.0 
5 601 43.6302881546774 0.0 0.0 0.0 
5 602 43.6302881546774 0.0 0.0 0.0 
5 603 43.6302881546774 0.0 0.0 0.0 
5 604 43.6302881546774 0.0 0.0 0.0 
5 605 43.6302881546774 0.0 0.0 0.0 
5 606 43.6302881546774 0.0 0.0 0.0 
5 607 43.6302881546774 0.0 0.0 0.0 
5 608 43.6302881546774 0.0 0.0 0.0 
5 609 43.6302881546774 0.0 0.0 0.0 
5 610 43.6302881546774 0.0 0.0 0.0 
5 611 43.6302881546774 0.0 0.0 0.0 
5 612 43.6302881546774 0.0 0.0 0.0 
5 613 43.6302881546774 0.0 0.0 0.0 
5 614 43.6302881546774 0.0 0.0 0.0 
5 615 43.6302881546774 0.0 0.0 0.0 
5 616 43.6302881546774 0.0 0.0 0.0 
5 617 43.6302881546774 0.0 0.0 0.0 
5 618 43.6302881546774 0.0 0.0 0.0 
5 619 43.6302881546774 0.0 0.0 0.0 
5 620 43.6302881546774 0.0 0.0 0.0 
5 621 43.6302881546774 0.0 0.0 0.0 
5 622 43.6302881546774 0.0 0.0 0.0 
5 623 43.6302881546774 0.0 0.0 0.0 
5 624 43.6302881546774 0.0 0.0 0.0 
5 625 43.6302881546774 0.0 0.0 0.0 
5 626 43.6302881546774 0.0 0.0 0.0 
5 627 43.6302881546774 0.0 0.0 0.0 
5 628 43.6302881546774 0.0 0.0 0.0 
5 629 43.6302881546774 0.0 0.0 0.0 
5 630 43.6302881546774 0.0 0.0 0.0 
5 631 43.6302881546774 0.0 0.0 0.0 
5 632 43.6302881546774 0.0 0.0 0.0 
5 633 43.6302881546774 0.0 0.0 0.0 
5 634 43.6302881546774 0.0 0.0 0.0 
5 635 43.6302881546774 0.0 0.0 0.0 
5 636 43.6302881546774 0.0 0.0 0.0 
5 637 43.6302881546774 0.0 0.0 0.0 
5 638 43.6302881546774 0.0 0.0 0.0 
5 639 43.6302881546774 0.0 0.0 0.0 
5 640 43.6302881546774 0.0 0.0 0.0 
5 641 43.6302881546774 0.0 0.0 0.0 
5 642 43.6302881546774 0.0 0.0 0.0 
5 643 43.6302881546774 0.0 0.0 0.0 
5 644 43.6302881546774 0.0 0.0 0.0 
5 645 43.6302881546774 0.0 0.0 0.0 
5 646 43.6302881546774 0.0 0.0 0.0 
5 647 43.6302881546774 0.0 0.0 0.0 
5 648 43.6302881546774 0.0 0.0 0.0 
5 649 43.6302881546774 0.0 0.0 0.0 
5 650 43.6302881546774 0.0 0.0 0.0 
5 651 43.6302881546774 0.0 0.0 0.0 
5 652 43.6302881546774 0.0 0.0 0.0 
5 653 43.6302881546774 0.0 0.0 0.0 
5 654 43.6302881546774 0.0 0.0 0.0 
5 655 43.6302881546774 0.0 0.0 0.0 
5 656 43.6302881546774 0.0 0.0 0.0 
5 657 43.6302881546774 0.0 0.0 0.0 
5 658 43.6302881546774 0.0 0.0 0.0 
5 659 43.6302881546774 0.0 0.0 0.0 
5 660 43.6302881546774 0.0 0.0 0.0 
5 661 43.6302881546774 0.0 0.0 0.0 
5 662 43.6302881546774 0.0 0.0 0.0 
5 663 43.6302881546774 0.0 0.0 0.0 
5 664 43.6302881546774 0.0 0.0 0.0 
5 665 43.6302881546774 0.0 0.0 0.0 
5 666 43.6302881546774 0.0 0.0 0.0 
5 667 43.6302881546774 0.0 0.0 0.0 
5 668 43.6302881546774 0.0 0.0 0.0 
5 669 43.6302881546774 0.0 0.0 0.0 
5 670 43.6302881546774 0.0 0.0 0.0 
5 671 43.6302881546774 0.0 0.0 0.0 
5 672 43.6302881546774 0.0 0.0 0.0 
5 673 43.6302881546774 0.0 0.0 0.0 
5 674 43.6302881546774 0.0 0.0 0.0 
5 675 43.6302881546774 0.0 0.0 0.0 
5 676 43.6302881546774 0.0 0.0 0.0 
5 677 43.6302881546774 0.0 0.0 0.0 
5 678 43.6302881546774 0.0 0.0 0.0 
5 679 43.6302881546774 0.0 0.0 0.0 
5 680 43.6302881546774 0.0 0.0 0.0 
5 681 43.6302881546774 0.0 0.0 0.0 
5 682 43.6302881546774 0.0 0.0 0.0 
5 683 43.6302881546774 0.0 0.0 0.0 
5 684 43.6302881546774 0.0 0.0 0.0 
5 685 43.6302881546774 0.0 0.0 0.0 
5 686 43.6302881546774 0.0 0.0 0.0 
5 687 43.6302881546774 0.0 0.0 0.0 
5 688 43.6302881546774 0.0 0.0 0.0 
5 689 43.6302881546774 0.0 0.0 0.0 
5 690 43.6302881546774 0.0 0.0 0.0 
5 691 43.6302881546774 0.0 0.0 0.0 
5 692 43.6302881546774 0.0 0.0 0.0 
5 693 43.6302881546774 0.0 0.0 0.0 
5 694 43.6302881546774 0.0 0.0 0.0 
5 695 43.6302881546774 0.0 0.0 0.0 
5 696 43.6302881546774 0.0 0.0 0.0 
5 697 43.6302881546774 0.0 0.0 0.0 
5 698 43.6302881546774 0.0 0.0 0.0 
5 699 43.6302881546774 0.0 0.0 0.0 
5 700 43.6302881546774 0.0 0.0 0.0 
5 701 43.6302881546774 0.0 0.0 0.0 
5 702 43.6302881546774 0.0 0.0 0.0 
5 703 43.6302881546774 0.0 0.0 0.0 
5 704 43.6302881546774 0.0 0.0 0.0 
5 705 43.6302881546774 0.0 0.0 0.0 
5 706 43.6302881546774 0.0 0.0 0.0 
5 707 43.6302881546774 0.0 0.0 0.0 
5 708 43.6302881546774 0.0 0.0 0.0 
5 709 43.6302881546774 0.0 0.0 0.0 
5 710 43.6302881546774 0.0 0.0 0.0 
5 711 43.6302881546774 0.0 0.0 0.0 
5 712 43.6302881546774 0.0 0.0 0.0 
5 713 43.6302881546774 0.0 0.0 0.0 
5 714 43.6302881546774 0.0 0.0 0.0 
5 715 43.6302881546774 0.0 0.0 0.0 
5 716 43.6302881546774 0.0 0.0 0.0 
5 717 43.6302881546774 0.0 0.0 0.0 
5 718 43.6302881546774 0.0 0.0 0.0 
5 719 43.6302881546774 0.0 0.0 0.0 
5 720 43.6302881546774 0.0 0.0 0.0 
5 721 43.6302881546774 0.0 0.0 0.0 
5 722 43.6302881546774 0.0 0.0 0.0 
5 723 43.6302881546774 0.0 0.0 0.0 
5 724 43.6302881546774 0.0 0.0 0.0 
5 725 43.6302881546774 0.0 0.0 0.0 
5 726 43.6302881546774 0.0 0.0 0.0 
5 727 43.6302881546774 0.0 0.0 0.0 
5 728 43.6302881546774 0.0 0.0 0.0 
5 729 43.6302881546774 0.0 0.0 0.0 
5 730 43.6302881546774 0.0 0.0 0.0 
5 731 43.6302881546774 0.0 0.0 0.0 
5 732 43.6302881546774 0.0 0.0 0.0 
5 733 43.6302881546774 0.0 0.0 0.0 
5 734 43.6302881546774 0.0 0.0 0.0 
5 735 43.6302881546774 0.0 0.0 0.0 
5 736 43.6302881546774 0.0 0.0 0.0 
5 737 43.6302881546774 0.0 0.0 0.0 
5 738 43.6302881546774 0.0 0.0 0.0 
5 739 43.6302881546774 0.0 0.0 0.0 
5 740 43.6302881546774 0.0 0.0 0.0 
5 741 43.6302881546774 0.0 0.0 0.0 
5 742 43.6302881546774 0.0 0.0 0.0 
5 743 43.6302881546774 0.0 0.0 0.0 
5 744 43.6302881546774 0.0 0.0 0.0 
5 745 43.6302881546774 0.0 0.0 0.0 
5 746 43.6302881546774 0.0 0.0 0.0 
5 747 43.6302881546774 0.0 0.0 0.0 
5 748 43.6302881546774 0.0 0.0 0.0 
5 749 43.6302881546774 0.0 0.0 0.0 
5 750 43.6302881546774 0.0 0.0 0.0 
5 751 43.6302881546774 0.0 0.0 0.0 
5 752 43.6302881546774 0.0 0.0 0.0 
5 753 43.6302881546774 0.0 0.0 0.0 
5 754 43.6302881546774 0.0 0.0 0.0 
5 755 43.6302881546774 0.0 0.0 0.0 
5 756 43.6302881546774 0.0 0.0 0.0 
5 757 43.6302881546774 0.0 0.0 0.0 
5 758 43.6302881546774 0.0 0.0 0.0 
5 759 43.6302881546774 0.0 0.0 0.0 
5 760 43.6302881546774 0.0 0.0 0.0 
5 761 43.6302881546774 0.0 0.0 0.0 
5 762 43.6302881546774 0.0 0.0 0.0 
5 763 43.6302881546774 0.0 0.0 0.0 
5 764 43.6302881546774 0.0 0.0 0.0 
5 765 43.6302881546774 0.0 0.0 0.0 
5 766 43.6302881546774 0.0 0.0 0.0 
5 767 43.6302881546774 0.0 0.0 0.0 
5 768 43.6302881546774 0.0 0.0 0.0 
5 769 43.6302881546774 0.0 0.0 0.0 
5 770 43.6302881546774 0.0 0.0 0.0 
5 771 43.6302881546774 0.0 0.0 0.0 
5 772 43.6302881546774 0.0 0.0 0.0 
5 773 43.6302881546774 0.0 0.0 0.0 
5 774 43.6302881546774 0.0 0.0 0.0 
5 775 43.6302881546774 0.0 0.0 0.0 
5 776 43.6302881546774 0.0 0.0 0.0 
5 777 43.6302881546774 0.0 0.0 0.0 
5 778 43.6302881546774 0.0 0.0 0.0 
5 779 43.6302881546774 0.0 0.0 0.0 
5 780 43.6302881546774 0.0 0.0 0.0 
5 781 43.6302881546774 0.0 0.0 0.0 
5 782 43.6302881546774 0.0 0.0 0.0 
5 783 43.6302881546774 0.0 0.0 0.0 
5 784 43.6302881546774 0.0 0.0 0.0 
5 785 43.6302881546774 0.0 0.0 0.0 
5 786 43.6302881546774 0.0 0.0 0.0 
5 787 43.6302881546774 0.0 0.0 0.0 
5 788 43.6302881546774 0.0 0.0 0.0 
5 789 43.6302881546774 0.0 0.0 0.0 
5 790 43.6302881546774 0.0 0.0 0.0 
5 791 43.6302881546774 0.0 0.0 0.0 
5 792 43.6302881546774 0.0 0.0 0.0 
5 793 43.6302881546774 0.0 0.0 0.0 
5 794 43.6302881546774 0.0 0.0 0.0 
5 795 43.6302881546774 0.0 0.0 0.0 
5 796 43.6302881546774 0.0 0.0 0.0 
5 797 43.6302881546774 0.0 0.0 0.0 
5 798 43.6302881546774 0.0 0.0 0.0 
5 799 43.6302881546774 0.0 0.0 0.0 
5 800 43.6302881546774 0.0 0.0 0.0 
5 801 43.6302881546774 0.0 0.0 0.0 
5 802 43.6302881546774 0.0 0.0 0.0 
5 803 43.6302881546774 0.0 0.0 0.0 
5 804 43.6302881546774 0.0 0.0 0.0 
5 805 43.6302881546774 0.0 0.0 0.0 
5 806 43.6302881546774 0.0 0.0 0.0 
5 807 43.6302881546774 0.0 0.0 0.0 
5 808 43.6302881546774 0.0 0.0 0.0 
5 809 43.6302881546774 0.0 0.0 0.0 
5 810 43.6302881546774 0.0 0.0 0.0 
5 811 43.6302881546774 0.0 0.0 0.0 
5 812 43.6302881546774 0.0 0.0 0.0 
5 813 43.6302881546774 0.0 0.0 0.0 
5 814 43.6302881546774 0.0 0.0 0.0 
5 815 43.6302881546774 0.0 0.0 0.0 
5 816 43.6302881546774 0.0 0.0 0.0 
5 817 43.6302881546774 0.0 0.0 0.0 
5 818 43.6302881546774 0.0 0.0 0.0 
5 819 43.6302881546774 0.0 0.0 0.0 
5 820 43.6302881546774 0.0 0.0 0.0 
5 821 43.6302881546774 0.0 0.0 0.0 
5 822 43.6302881546774 0.0 0.0 0.0 
5 823 43.6302881546774 0.0 0.0 0.0 
5 824 43.6302881546774 0.0 0.0 0.0 
5 825 43.6302881546774 0.0 0.0 0.0 
5 826 43.6302881546774 0.0 0.0 0.0 
5 827 43.6302881546774 0.0 0.0 0.0 
5 828 43.6302881546774 0.0 0.0 0.0 
5 829 43.6302881546774 0.0 0.0 0.0 
5 830 43.6302881546774 0.0 0.0 0.0 
5 831 43.6302881546774 0.0 0.0 0.0 
5 832 43.6302881546774 0.0 0.0 0.0 
5 833 43.6302881546774 0.0 0.0 0.0 
5 834 43.6302881546774 0.0 0.0 0.0 
5 835 43.6302881546774 0.0 0.0 0.0 
5 836 43.6302881546774 0.0 0.0 0.0 
5 837 43.6302881546774 0.0 0.0 0.0 
5 838 43.6302881546774 0.0 0.0 0.0 
5 839 43.6302881546774 0.0 0.0 0.0 
5 840 43.6302881546774 0.0 0.0 0.0 
5 841 43.6302881546774 0.0 0.0 0.0 
5 842 43.6302881546774 0.0 0.0 0.0 
5 843 43.6302881546774 0.0 0.0 0.0 
5 844 43.6302881546774 0.0 0.0 0.0 
5 845 43.6302881546774 0.0 0.0 0.0 
5 846 43.6302881546774 0.0 0.0 0.0 
5 847 43.6302881546774 0.0 0.0 0.0 
5 848 43.6302881546774 0.0 0.0 0.0 
5 849 43.6302881546774 0.0 0.0 0.0 
5 850 43.6302881546774 0.0 0.0 0.0 
5 851 43.6302881546774 0.0 0.0 0.0 
5 852 43.6302881546774 0.0 0.0 0.0 
5 853 43.6302881546774 0.0 0.0 0.0 
5 854 43.6302881546774 0.0 0.0 0.0 
5 855 43.6302881546774 0.0 0.0 0.0 
5 856 43.6302881546774 0.0 0.0 0.0 
5 857 43.6302881546774 0.0 0.0 0.0 
5 858 43.6302881546774 0.0 0.0 0.0 
5 859 43.6302881546774 0.0 0.0 0.0 
5 860 43.6302881546774 0.0 0.0 0.0 
5 861 43.6302881546774 0.0 0.0 0.0 
5 862 43.6302881546774 0.0 0.0 0.0 
5 863 43.6302881546774 0.0 0.0 0.0 
5 864 43.6302881546774 0.0 0.0 0.0 
5 865 43.6302881546774 0.0 0.0 0.0 
5 866 43.6302881546774 0.0 0.0 0.0 
5 867 43.6302881546774 0.0 0.0 0.0 
5 868 43.6302881546774 0.0 0.0 0.0 
5 869 43.6302881546774 0.0 0.0 0.0 
5 870 43.6302881546774 0.0 0.0 0.0 
5 871 43.6302881546774 0.0 0.0 0.0 
5 872 43.6302881546774 0.0 0.0 0.0 
5 873 43.6302881546774 0.0 0.0 0.0 
5 874 43.6302881546774 0.0 0.0 0.0 
5 875 43.6302881546774 0.0 0.0 0.0 
5 876 43.6302881546774 0.0 0.0 0.0 
5 877 43.6302881546774 0.0 0.0 0.0 
5 878 43.6302881546774 0.0 0.0 0.0 
5 879 43.6302881546774 0.0 0.0 0.0 
5 880 43.6302881546774 0.0 0.0 0.0 
5 881 43.6302881546774 0.0 0.0 0.0 
5 882 43.6302881546774 0.0 0.0 0.0 
5 883 43.6302881546774 0.0 0.0 0.0 
5 884 43.6302881546774 0.0 0.0 0.0 
5 885 43.6302881546774 0.0 0.0 0.0 
5 886 43.6302881546774 0.0 0.0 0.0 
5 887 43.6302881546774 0.0 0.0 0.0 
5 888 43.6302881546774 0.0 0.0 0.0 
5 889 43.6302881546774 0.0 0.0 0.0 
5 890 43.6302881546774 0.0 0.0 0.0 
5 891 43.6302881546774 0.0 0.0 0.0 
5 892 43.6302881546774 0.0 0.0 0.0 
5 893 43.6302881546774 0.0 0.0 0.0 
5 894 43.6302881546774 0.0 0.0 0.0 
5 895 43.6302881546774 0.0 0.0 0.0 
5 896 43.6302881546774 0.0 0.0 0.0 
5 897 43.6302881546774 0.0 0.0 0.0 
5 898 43.6302881546774 0.0 0.0 0.0 
5 899 43.6302881546774 0.0 0.0 0.0 
5 900 43.6302881546774 0.0 0.0 0.0 
5 901 43.6302881546774 0.0 0.0 0.0 
5 902 43.6302881546774 0.0 0.0 0.0 
5 903 43.6302881546774 0.0 0.0 0.0 
5 904 43.6302881546774 0.0 0.0 0.0 
5 905 43.6302881546774 0.0 0.0 0.0 
5 906 43.6302881546774 0.0 0.0 0.0 
5 907 43.6302881546774 0.0 0.0 0.0 
5 908 43.6302881546774 0.0 0.0 0.0 
5 909 43.6302881546774 0.0 0.0 0.0 
5 910 43.6302881546774 0.0 0.0 0.0 
5 911 43.6302881546774 0.0 0.0 0.0 
5 912 43.6302881546774 0.0 0.0 0.0 
5 913 43.6302881546774 0.0 0.0 0.0 
5 914 43.6302881546774 0.0 0.0 0.0 
5 915 43.6302881546774 0.0 0.0 0.0 
5 916 43.6302881546774 0.0 0.0 0.0 
5 917 43.6302881546774 0.0 0.0 0.0 
5 918 43.6302881546774 0.0 0.0 0.0 
5 919 43.6302881546774 0.0 0.0 0.0 
5 920 43.6302881546774 0.0 0.0 0.0 
5 921 43.6302881546774 0.0 0.0 0.0 
5 922 43.6302881546774 0.0 0.0 0.0 
5 923 43.6302881546774 0.0 0.0 0.0 
5 924 43.6302881546774 0.0 0.0 0.0 
5 925 43.6302881546774 0.0 0.0 0.0 
5 926 43.6302881546774 0.0 0.0 0.0 
5 927 43.6302881546774 0.0 0.0 0.0 
5 928 43.6302881546774 0.0 0.0 0.0 
5 929 43.6302881546774 0.0 0.0 0.0 
5 930 43.6302881546774 0.0 0.0 0.0 
5 931 43.6302881546774 0.0 0.0 0.0 
5 932 43.6302881546774 0.0 0.0 0.0 
5 933 43.6302881546774 0.0 0.0 0.0 
5 934 43.6302881546774 0.0 0.0 0.0 
5 935 43.6302881546774 0.0 0.0 0.0 
5 936 43.6302881546774 0.0 0.0 0.0 
5 937 43.6302881546774 0.0 0.0 0.0 
5 938 43.6302881546774 0.0 0.0 0.0 
5 939 43.6302881546774 0.0 0.0 0.0 
5 940 43.6302881546774 0.0 0.0 0.0 
5 941 43.6302881546774 0.0 0.0 0.0 
5 942 43.6302881546774 0.0 0.0 0.0 
5 943 43.6302881546774 0.0 0.0 0.0 
5 944 43.6302881546774 0.0 0.0 0.0 
5 945 43.6302881546774 0.0 0.0 0.0 
5 946 43.6302881546774 0.0 0.0 0.0 
5 947 43.6302881546774 0.0 0.0 0.0 
5 948 43.6302881546774 0.0 0.0 0.0 
5 949 43.6302881546774 0.0 0.0 0.0 
5 950 43.6302881546774 0.0 0.0 0.0 
5 951 43.6302881546774 0.0 0.0 0.0 
5 952 43.6302881546774 0.0 0.0 0.0 
5 953 43.6302881546774 0.0 0.0 0.0 
5 954 43.6302881546774 0.0 0.0 0.0 
5 955 43.6302881546774 0.0 0.0 0.0 
5 956 43.6302881546774 0.0 0.0 0.0 
5 957 43.6302881546774 0.0 0.0 0.0 
