2 1 24.8293407416269 838072.934824464 0.02043 26.5 0.0 
2 32 24.7925051389701 1558462.26128169 0.02043 26.5 0.0 
2 63 24.7445968948471 1558462.26128285 0.02043 26.5 0.0 
2 94 24.6966886507241 1558462.26128285 0.02043 26.5 0.0 
2 125 24.648780406601 1558462.26128285 0.02043 26.5 0.0 
2 156 24.600872162478 1558462.26128169 0.02043 26.5 0.0 
2 187 24.552963918355 1558462.26128285 0.02043 26.5 0.0 
2 218 24.505055674232 1558462.26128285 0.02043 26.5 0.0 
2 249 24.457147430109 1558462.26128169 0.02043 26.5 0.0 
2 280 24.409239185986 1558462.26128285 0.02043 26.5 0.0 
2 311 24.361330941863 1558462.26128285 0.02043 26.5 0.0 
2 342 24.31342269774 1558462.26128169 0.02043 26.5 0.0 
2 373 24.2655144536169 1558462.26128285 0.02043 26.5 0.0 
2 404 24.2176062094939 1558462.26128285 0.02043 26.5 0.0 
2 435 24.1804371548273 859767.421137307 0.02043 26.5 0.0 
2 31 24.3003830424268 900786.691800257 0.02043 26.5 0.0 
2 30 24.275011114179 1546397.73033443 0.02043 26.5 0.0 
2 29 24.2429456172744 1546397.73033327 0.02043 26.5 0.0 
2 28 24.2108801203698 1546397.73033443 0.02043 26.5 0.0 
2 27 24.1788146234651 1546397.73033444 0.02043 26.5 0.0 
2 26 24.1467491265605 1546397.73033443 0.02043 26.5 0.0 
2 25 24.1146836296558 1546397.73033327 0.02043 26.5 0.0 
2 24 24.0826181327512 1546397.73033444 0.02043 26.5 0.0 
2 23 24.0505526358466 1546397.73033443 0.02043 26.5 0.0 
2 22 24.0184871389419 1546397.73033444 0.02043 26.5 0.0 
2 21 23.9864216420373 1546397.73033443 0.02043 26.5 0.0 
2 20 23.9543561451326 1546397.73033327 0.02043 26.5 0.0 
2 19 23.922290648228 1546397.73033444 0.02043 26.5 0.0 
2 18 23.8902251513233 1546397.73033443 0.02043 26.5 0.0 
2 17 23.8581596544187 1546397.73033443 0.02043 26.5 0.0 
2 16 23.8334245640943 839362.119326778 0.02043 26.5 0.0 
2 957 25.0561812536218 793002.980710612 0.02043 26.5 0.0 
2 926 25.0012021495294 1558470.36254446 0.02043 26.5 0.0 
2 895 24.9283258785456 1558470.36254562 0.02043 26.5 0.0 
2 864 24.8554496075617 1558470.36254562 0.02043 26.5 0.0 
2 833 24.7825733365778 1558470.36254446 0.02043 26.5 0.0 
2 802 24.7096970655939 1558470.36254562 0.02043 26.5 0.0 
2 771 24.63682079461 1558470.36254562 0.02043 26.5 0.0 
2 740 24.5639445236261 1558470.36254562 0.02043 26.5 0.0 
2 709 24.4910682526422 1558470.36254446 0.02043 26.5 0.0 
2 678 24.4181919816583 1558470.36254563 0.02043 26.5 0.0 
2 647 24.3453157106744 1558470.36254562 0.02043 26.5 0.0 
2 616 24.2724394396906 1558470.36254446 0.02043 26.5 0.0 
2 585 24.1995631687067 1558470.36254562 0.02043 26.5 0.0 
2 554 24.1266868977228 1558470.36254562 0.02043 26.5 0.0 
2 523 24.0538106267389 1558470.36254446 0.02043 26.5 0.0 
2 483 24.0010473567346 698231.06914262 0.02043 26.5 0.0 
2 927 24.8999329673997 934462.350052176 0.02043 26.5 0.0 
2 928 24.8466584778223 1546373.04399086 0.02043 26.5 0.0 
2 929 24.7802435638682 1546373.04398969 0.02043 26.5 0.0 
2 930 24.7138286499141 1546373.04399086 0.02043 26.5 0.0 
2 931 24.64741373596 1546373.04399086 0.02043 26.5 0.0 
2 932 24.5809988220059 1546373.04399086 0.02043 26.5 0.0 
2 933 24.5145839080518 1546373.0439897 0.02043 26.5 0.0 
2 934 24.4481689940978 1546373.04399086 0.02043 26.5 0.0 
2 935 24.3817540801436 1546373.04399086 0.02043 26.5 0.0 
2 936 24.3153391661895 1546373.04399086 0.02043 26.5 0.0 
2 937 24.2489242522354 1546373.04399086 0.02043 26.5 0.0 
2 938 24.1825093382813 1546373.0439897 0.02043 26.5 0.0 
2 939 24.1160944243273 1546373.04399086 0.02043 26.5 0.0 
2 940 24.0496795103732 1546373.04399086 0.02043 26.5 0.0 
2 941 23.9832645964191 1546373.04399086 0.02043 26.5 0.0 
2 942 23.9348896808321 706303.682223875 0.02043 26.5 0.0 
2 435 24.1785380185619 698694.840145542 0.02043 26.5 0.0 
2 484 24.2150940779441 1558462.26128169 0.02043 26.5 0.0 
2 524 24.2655746040293 1558462.26128285 0.02043 26.5 0.0 
2 555 24.3160551301144 1558462.26128285 0.02043 26.5 0.0 
2 586 24.3665356561995 1558462.26128169 0.02043 26.5 0.0 
2 617 24.4170161822847 1558462.26128285 0.02043 26.5 0.0 
2 648 24.4674967083698 1558462.26128285 0.02043 26.5 0.0 
2 679 24.5179772344549 1558462.26128169 0.02043 26.5 0.0 
2 710 24.5684577605401 1558462.26128285 0.02043 26.5 0.0 
2 741 24.6189382866252 1558462.26128285 0.02043 26.5 0.0 
2 772 24.6694188127103 1558462.26128285 0.02043 26.5 0.0 
2 803 24.7198993387955 1558462.26128169 0.02043 26.5 0.0 
2 834 24.7703798648806 1558462.26128285 0.02043 26.5 0.0 
2 865 24.8208603909657 1558462.26128285 0.02043 26.5 0.0 
2 896 24.8713409170509 1558462.26128169 0.02043 26.5 0.0 
2 927 24.9082905900467 722998.547333626 0.02043 26.5 0.0 
2 16 23.8402559735373 707035.611006496 0.02043 26.5 0.0 
2 15 23.8897644743606 1546397.73033443 0.02043 26.5 0.0 
2 14 23.9577139733768 1546397.73033444 0.02043 26.5 0.0 
2 13 24.025663472393 1546397.73033443 0.02043 26.5 0.0 
2 12 24.0936129714092 1546397.73033327 0.02043 26.5 0.0 
2 11 24.1615624704254 1546397.73033444 0.02043 26.5 0.0 
2 10 24.2295119694417 1546397.73033443 0.02043 26.5 0.0 
2 9 24.2974614684579 1546397.73033444 0.02043 26.5 0.0 
2 8 24.3654109674741 1546397.73033443 0.02043 26.5 0.0 
2 7 24.4333604664903 1546397.73033327 0.02043 26.5 0.0 
2 6 24.5013099655066 1546397.73033444 0.02043 26.5 0.0 
2 5 24.5692594645228 1546397.73033443 0.02043 26.5 0.0 
2 4 24.637208963539 1546397.73033443 0.02043 26.5 0.0 
2 3 24.7051584625552 1546397.73033327 0.02043 26.5 0.0 
2 2 24.7731079615714 1546397.73033443 0.02043 26.5 0.0 
2 1 24.8246524666509 799706.562414698 0.02043 26.5 0.0 
2 483 23.9910103457601 860239.293403004 0.02043 26.5 0.0 
2 434 24.0086904787598 1558470.36254563 0.02043 26.5 0.0 
2 403 24.0314744976833 1558470.36254562 0.02043 26.5 0.0 
2 372 24.0542585166069 1558470.36254446 0.02043 26.5 0.0 
2 341 24.0770425355304 1558470.36254562 0.02043 26.5 0.0 
2 310 24.099826554454 1558470.36254562 0.02043 26.5 0.0 
2 279 24.1226105733775 1558470.36254446 0.02043 26.5 0.0 
2 248 24.145394592301 1558470.36254563 0.02043 26.5 0.0 
2 217 24.1681786112246 1558470.36254562 0.02043 26.5 0.0 
2 186 24.1909626301481 1558470.36254446 0.02043 26.5 0.0 
2 155 24.2137466490717 1558470.36254562 0.02043 26.5 0.0 
2 124 24.2365306679952 1558470.36254562 0.02043 26.5 0.0 
2 93 24.2593146869188 1558470.36254563 0.02043 26.5 0.0 
2 62 24.2820987058423 1558470.36254446 0.02043 26.5 0.0 
2 31 24.3016064687631 1110266.04025697 0.02043 26.5 0.0 
2 942 23.9406423910975 840069.361765821 0.02043 26.5 0.0 
2 943 24.000071743496 1546373.04399086 0.02043 26.5 0.0 
2 944 24.0770901105425 1546373.04399086 0.02043 26.5 0.0 
2 945 24.1541084775889 1546373.04399086 0.02043 26.5 0.0 
2 946 24.2311268446354 1546373.0439897 0.02043 26.5 0.0 
2 947 24.3081452116818 1546373.04399086 0.02043 26.5 0.0 
2 948 24.3851635787282 1546373.04399086 0.02043 26.5 0.0 
2 949 24.4621819457747 1546373.04399086 0.02043 26.5 0.0 
2 950 24.5392003128212 1546373.04399086 0.02043 26.5 0.0 
2 951 24.6162186798676 1546373.0439897 0.02043 26.5 0.0 
2 952 24.693237046914 1546373.04399086 0.02043 26.5 0.0 
2 953 24.7702554139605 1546373.04399086 0.02043 26.5 0.0 
2 954 24.8472737810069 1546373.04399086 0.02043 26.5 0.0 
2 955 24.9242921480533 1546373.0439897 0.02043 26.5 0.0 
2 956 25.0013105150998 1546373.04399086 0.02043 26.5 0.0 
2 957 25.0572709604226 700772.085034537 0.02043 26.5 0.0 
3 1 36.9511660436659 838072.934824464 0.024 25.5 0.0 
3 32 36.8881283618308 1558462.26128169 0.024 25.5 0.0 
3 63 36.8061417936066 1558462.26128285 0.024 25.5 0.0 
3 94 36.7241552253823 1558462.26128285 0.024 25.5 0.0 
3 125 36.642168657158 1558462.26128285 0.024 25.5 0.0 
3 156 36.5601820889337 1558462.26128169 0.024 25.5 0.0 
3 187 36.4781955207095 1558462.26128285 0.024 25.5 0.0 
3 218 36.3962089524852 1558462.26128285 0.024 25.5 0.0 
3 249 36.3142223842609 1558462.26128169 0.024 25.5 0.0 
3 280 36.2322358160367 1558462.26128285 0.024 25.5 0.0 
3 311 36.1502492478124 1558462.26128285 0.024 25.5 0.0 
3 342 36.0682626795881 1558462.26128169 0.024 25.5 0.0 
3 373 35.9862761113639 1558462.26128285 0.024 25.5 0.0 
3 404 35.9042895431396 1558462.26128285 0.024 25.5 0.0 
3 435 35.840681216597 859767.421137307 0.024 25.5 0.0 
3 31 37.0782132583216 900786.691800257 0.024 25.5 0.0 
3 30 36.9812768701517 1546397.73033443 0.024 25.5 0.0 
3 29 36.8587669282799 1546397.73033327 0.024 25.5 0.0 
3 28 36.7362569864081 1546397.73033443 0.024 25.5 0.0 
3 27 36.6137470445362 1546397.73033444 0.024 25.5 0.0 
3 26 36.4912371026643 1546397.73033443 0.024 25.5 0.0 
3 25 36.3687271607925 1546397.73033327 0.024 25.5 0.0 
3 24 36.2462172189206 1546397.73033444 0.024 25.5 0.0 
3 23 36.1237072770488 1546397.73033443 0.024 25.5 0.0 
3 22 36.0011973351769 1546397.73033444 0.024 25.5 0.0 
3 21 35.878687393305 1546397.73033443 0.024 25.5 0.0 
3 20 35.7561774514332 1546397.73033327 0.024 25.5 0.0 
3 19 35.6336675095614 1546397.73033444 0.024 25.5 0.0 
3 18 35.5111575676895 1546397.73033443 0.024 25.5 0.0 
3 17 35.3886476258176 1546397.73033443 0.024 25.5 0.0 
3 16 35.2941443506353 839362.119326778 0.024 25.5 0.0 
3 957 37.5016338547205 793002.980710612 0.024 25.5 0.0 
3 926 37.4150002617495 1558470.36254446 0.024 25.5 0.0 
3 895 37.3001651202555 1558470.36254562 0.024 25.5 0.0 
3 864 37.1853299787614 1558470.36254562 0.024 25.5 0.0 
3 833 37.0704948372674 1558470.36254446 0.024 25.5 0.0 
3 802 36.9556596957734 1558470.36254562 0.024 25.5 0.0 
3 771 36.8408245542793 1558470.36254562 0.024 25.5 0.0 
3 740 36.7259894127853 1558470.36254562 0.024 25.5 0.0 
3 709 36.6111542712913 1558470.36254446 0.024 25.5 0.0 
3 678 36.4963191297973 1558470.36254563 0.024 25.5 0.0 
3 647 36.3814839883032 1558470.36254562 0.024 25.5 0.0 
3 616 36.2666488468092 1558470.36254446 0.024 25.5 0.0 
3 585 36.1518137053152 1558470.36254562 0.024 25.5 0.0 
3 554 36.0369785638211 1558470.36254562 0.024 25.5 0.0 
3 523 35.9221434223271 1558470.36254446 0.024 25.5 0.0 
3 483 35.8390014407901 698231.06914262 0.024 25.5 0.0 
3 927 37.3559438615375 934462.350052176 0.024 25.5 0.0 
3 928 37.2691618739684 1546373.04399086 0.024 25.5 0.0 
3 929 37.1609746668663 1546373.04398969 0.024 25.5 0.0 
3 930 37.0527874597643 1546373.04399086 0.024 25.5 0.0 
3 931 36.9446002526622 1546373.04399086 0.024 25.5 0.0 
3 932 36.8364130455601 1546373.04399086 0.024 25.5 0.0 
3 933 36.728225838458 1546373.0439897 0.024 25.5 0.0 
3 934 36.6200386313559 1546373.04399086 0.024 25.5 0.0 
3 935 36.5118514242538 1546373.04399086 0.024 25.5 0.0 
3 936 36.4036642171517 1546373.04399086 0.024 25.5 0.0 
3 937 36.2954770100496 1546373.04399086 0.024 25.5 0.0 
3 938 36.1872898029475 1546373.0439897 0.024 25.5 0.0 
3 939 36.0791025958454 1546373.04399086 0.024 25.5 0.0 
3 940 35.9709153887433 1546373.04399086 0.024 25.5 0.0 
3 941 35.8627281816412 1546373.04399086 0.024 25.5 0.0 
3 942 35.7839274018228 706303.682223875 0.024 25.5 0.0 
3 435 35.8416750084422 698694.840145542 0.024 25.5 0.0 
3 484 35.9179441389403 1558462.26128169 0.024 25.5 0.0 
3 524 36.0232647313856 1558462.26128285 0.024 25.5 0.0 
3 555 36.1285853238308 1558462.26128285 0.024 25.5 0.0 
3 586 36.2339059162761 1558462.26128169 0.024 25.5 0.0 
3 617 36.3392265087213 1558462.26128285 0.024 25.5 0.0 
3 648 36.4445471011665 1558462.26128285 0.024 25.5 0.0 
3 679 36.5498676936118 1558462.26128169 0.024 25.5 0.0 
3 710 36.655188286057 1558462.26128285 0.024 25.5 0.0 
3 741 36.7605088785023 1558462.26128285 0.024 25.5 0.0 
3 772 36.8658294709475 1558462.26128285 0.024 25.5 0.0 
3 803 36.9711500633928 1558462.26128169 0.024 25.5 0.0 
3 834 37.076470655838 1558462.26128285 0.024 25.5 0.0 
3 865 37.1817912482833 1558462.26128285 0.024 25.5 0.0 
3 896 37.2871118407285 1558462.26128169 0.024 25.5 0.0 
3 927 37.3642021912533 722998.547333626 0.024 25.5 0.0 
3 16 35.2870372414603 707035.611006496 0.024 25.5 0.0 
3 15 35.3703533285704 1546397.73033443 0.024 25.5 0.0 
3 14 35.4847031126476 1546397.73033444 0.024 25.5 0.0 
3 13 35.5990528967248 1546397.73033443 0.024 25.5 0.0 
3 12 35.7134026808019 1546397.73033327 0.024 25.5 0.0 
3 11 35.8277524648791 1546397.73033444 0.024 25.5 0.0 
3 10 35.9421022489562 1546397.73033443 0.024 25.5 0.0 
3 9 36.0564520330334 1546397.73033444 0.024 25.5 0.0 
3 8 36.1708018171106 1546397.73033443 0.024 25.5 0.0 
3 7 36.2851516011877 1546397.73033327 0.024 25.5 0.0 
3 6 36.3995013852649 1546397.73033444 0.024 25.5 0.0 
3 5 36.5138511693421 1546397.73033443 0.024 25.5 0.0 
3 4 36.6282009534193 1546397.73033443 0.024 25.5 0.0 
3 3 36.7425507374964 1546397.73033327 0.024 25.5 0.0 
3 2 36.8569005215735 1546397.73033443 0.024 25.5 0.0 
3 1 36.9436429275005 799706.562414698 0.024 25.5 0.0 
3 483 35.8384414744025 860239.293403004 0.024 25.5 0.0 
3 434 35.9091956065722 1558470.36254563 0.024 25.5 0.0 
3 403 36.0003749821065 1558470.36254562 0.024 25.5 0.0 
3 372 36.0915543576407 1558470.36254446 0.024 25.5 0.0 
3 341 36.1827337331749 1558470.36254562 0.024 25.5 0.0 
3 310 36.2739131087092 1558470.36254562 0.024 25.5 0.0 
3 279 36.3650924842434 1558470.36254446 0.024 25.5 0.0 
3 248 36.4562718597777 1558470.36254563 0.024 25.5 0.0 
3 217 36.547451235312 1558470.36254562 0.024 25.5 0.0 
3 186 36.6386306108462 1558470.36254446 0.024 25.5 0.0 
3 155 36.7298099863804 1558470.36254562 0.024 25.5 0.0 
3 124 36.8209893619147 1558470.36254562 0.024 25.5 0.0 
3 93 36.912168737449 1558470.36254563 0.024 25.5 0.0 
3 62 37.0033481129832 1558470.36254446 0.024 25.5 0.0 
3 31 37.0814162381529 1110266.04025697 0.024 25.5 0.0 
3 942 35.7913092225179 840069.361765821 0.024 25.5 0.0 
3 943 35.8824666276019 1546373.04399086 0.024 25.5 0.0 
3 944 36.0006034438453 1546373.04399086 0.024 25.5 0.0 
3 945 36.1187402600886 1546373.04399086 0.024 25.5 0.0 
3 946 36.2368770763319 1546373.0439897 0.024 25.5 0.0 
3 947 36.3550138925752 1546373.04399086 0.024 25.5 0.0 
3 948 36.4731507088185 1546373.04399086 0.024 25.5 0.0 
3 949 36.5912875250619 1546373.04399086 0.024 25.5 0.0 
3 950 36.7094243413052 1546373.04399086 0.024 25.5 0.0 
3 951 36.8275611575485 1546373.0439897 0.024 25.5 0.0 
3 952 36.9456979737918 1546373.04399086 0.024 25.5 0.0 
3 953 37.0638347900351 1546373.04399086 0.024 25.5 0.0 
3 954 37.1819716062785 1546373.04399086 0.024 25.5 0.0 
3 955 37.3001084225217 1546373.0439897 0.024 25.5 0.0 
3 956 37.418245238765 1546373.04399086 0.024 25.5 0.0 
3 957 37.5040817619156 700772.085034537 0.024 25.5 0.0 
4 1 38.7029186900299 838072.934824464 0.0277 27 0.0 
4 32 38.6460827662675 1558462.26128169 0.0277 27 0.0 
4 63 38.5721621809052 1558462.26128285 0.0277 27 0.0 
4 94 38.4982415955428 1558462.26128285 0.0277 27 0.0 
4 125 38.4243210101805 1558462.26128285 0.0277 27 0.0 
4 156 38.3504004248182 1558462.26128169 0.0277 27 0.0 
4 187 38.2764798394559 1558462.26128285 0.0277 27 0.0 
4 218 38.2025592540935 1558462.26128285 0.0277 27 0.0 
4 249 38.1286386687312 1558462.26128169 0.0277 27 0.0 
4 280 38.0547180833689 1558462.26128285 0.0277 27 0.0 
4 311 37.9807974980066 1558462.26128285 0.0277 27 0.0 
4 342 37.9068769126442 1558462.26128169 0.0277 27 0.0 
4 373 37.8329563272819 1558462.26128285 0.0277 27 0.0 
4 404 37.7590357419196 1558462.26128285 0.0277 27 0.0 
4 435 37.7016853144803 859767.421137307 0.0277 27 0.0 
4 31 38.8193352615118 900786.691800257 0.0277 27 0.0 
4 30 38.7481214758596 1546397.73033443 0.0277 27 0.0 
4 29 38.6581202193095 1546397.73033327 0.0277 27 0.0 
4 28 38.5681189627594 1546397.73033443 0.0277 27 0.0 
4 27 38.4781177062092 1546397.73033444 0.0277 27 0.0 
4 26 38.3881164496591 1546397.73033443 0.0277 27 0.0 
4 25 38.298115193109 1546397.73033327 0.0277 27 0.0 
4 24 38.2081139365589 1546397.73033444 0.0277 27 0.0 
4 23 38.1181126800087 1546397.73033443 0.0277 27 0.0 
4 22 38.0281114234585 1546397.73033444 0.0277 27 0.0 
4 21 37.9381101669084 1546397.73033443 0.0277 27 0.0 
4 20 37.8481089103583 1546397.73033327 0.0277 27 0.0 
4 19 37.7581076538082 1546397.73033444 0.0277 27 0.0 
4 18 37.668106397258 1546397.73033443 0.0277 27 0.0 
4 17 37.5781051407079 1546397.73033443 0.0277 27 0.0 
4 16 37.5086788281608 839362.119326778 0.0277 27 0.0 
4 957 39.0923048203642 793002.980710612 0.0277 27 0.0 
4 926 39.0284087247194 1558470.36254446 0.0277 27 0.0 
4 895 38.9437127432572 1558470.36254562 0.0277 27 0.0 
4 864 38.8590167617949 1558470.36254562 0.0277 27 0.0 
4 833 38.7743207803327 1558470.36254446 0.0277 27 0.0 
4 802 38.6896247988704 1558470.36254562 0.0277 27 0.0 
4 771 38.6049288174081 1558470.36254562 0.0277 27 0.0 
4 740 38.5202328359458 1558470.36254562 0.0277 27 0.0 
4 709 38.4355368544836 1558470.36254446 0.0277 27 0.0 
4 678 38.3508408730213 1558470.36254563 0.0277 27 0.0 
4 647 38.2661448915591 1558470.36254562 0.0277 27 0.0 
4 616 38.1814489100968 1558470.36254446 0.0277 27 0.0 
4 585 38.0967529286346 1558470.36254562 0.0277 27 0.0 
4 554 38.0120569471723 1558470.36254562 0.0277 27 0.0 
4 523 37.92736096571 1558470.36254446 0.0277 27 0.0 
4 483 37.8660400874895 698231.06914262 0.0277 27 0.0 
4 927 38.945126704896 934462.350052176 0.0277 27 0.0 
4 928 38.8816018874868 1546373.04399086 0.0277 27 0.0 
4 929 38.8024083500987 1546373.04398969 0.0277 27 0.0 
4 930 38.7232148127106 1546373.04399086 0.0277 27 0.0 
4 931 38.6440212753224 1546373.04399086 0.0277 27 0.0 
4 932 38.5648277379343 1546373.04399086 0.0277 27 0.0 
4 933 38.4856342005461 1546373.0439897 0.0277 27 0.0 
4 934 38.406440663158 1546373.04399086 0.0277 27 0.0 
4 935 38.3272471257699 1546373.04399086 0.0277 27 0.0 
4 936 38.2480535883817 1546373.04399086 0.0277 27 0.0 
4 937 38.1688600509935 1546373.04399086 0.0277 27 0.0 
4 938 38.0896665136054 1546373.0439897 0.0277 27 0.0 
4 939 38.0104729762173 1546373.04399086 0.0277 27 0.0 
4 940 37.9312794388291 1546373.04399086 0.0277 27 0.0 
4 941 37.852085901441 1546373.04399086 0.0277 27 0.0 
4 942 37.7944033651235 706303.682223875 0.0277 27 0.0 
4 435 37.7006528514054 698694.840145542 0.0277 27 0.0 
4 484 37.7631884586494 1558462.26128169 0.0277 27 0.0 
4 524 37.8495443297711 1558462.26128285 0.0277 27 0.0 
4 555 37.9359002008929 1558462.26128285 0.0277 27 0.0 
4 586 38.0222560720146 1558462.26128169 0.0277 27 0.0 
4 617 38.1086119431363 1558462.26128285 0.0277 27 0.0 
4 648 38.194967814258 1558462.26128285 0.0277 27 0.0 
4 679 38.2813236853797 1558462.26128169 0.0277 27 0.0 
4 710 38.3676795565014 1558462.26128285 0.0277 27 0.0 
4 741 38.4540354276232 1558462.26128285 0.0277 27 0.0 
4 772 38.5403912987449 1558462.26128285 0.0277 27 0.0 
4 803 38.6267471698667 1558462.26128169 0.0277 27 0.0 
4 834 38.7131030409884 1558462.26128285 0.0277 27 0.0 
4 865 38.7994589121101 1558462.26128285 0.0277 27 0.0 
4 896 38.8858147832318 1558462.26128169 0.0277 27 0.0 
4 927 38.9490237362019 722998.547333626 0.0277 27 0.0 
4 16 37.5031614393587 707035.611006496 0.0277 27 0.0 
4 15 37.5634251414639 1546397.73033443 0.0277 27 0.0 
4 14 37.6461359547349 1546397.73033444 0.0277 27 0.0 
4 13 37.7288467680059 1546397.73033443 0.0277 27 0.0 
4 12 37.8115575812769 1546397.73033327 0.0277 27 0.0 
4 11 37.8942683945478 1546397.73033444 0.0277 27 0.0 
4 10 37.9769792078188 1546397.73033443 0.0277 27 0.0 
4 9 38.0596900210898 1546397.73033444 0.0277 27 0.0 
4 8 38.1424008343607 1546397.73033443 0.0277 27 0.0 
4 7 38.2251116476317 1546397.73033327 0.0277 27 0.0 
4 6 38.3078224609027 1546397.73033444 0.0277 27 0.0 
4 5 38.3905332741736 1546397.73033443 0.0277 27 0.0 
4 4 38.4732440874446 1546397.73033443 0.0277 27 0.0 
4 3 38.5559549007156 1546397.73033327 0.0277 27 0.0 
4 2 38.6386657139865 1546397.73033443 0.0277 27 0.0 
4 1 38.7014077208666 799706.562414698 0.0277 27 0.0 
4 483 37.8663858869374 860239.293403004 0.0277 27 0.0 
4 434 37.9207036738531 1558470.36254563 0.0277 27 0.0 
4 403 37.99070187381 1558470.36254562 0.0277 27 0.0 
4 372 38.0607000737668 1558470.36254446 0.0277 27 0.0 
4 341 38.1306982737236 1558470.36254562 0.0277 27 0.0 
4 310 38.2006964736804 1558470.36254562 0.0277 27 0.0 
4 279 38.2706946736372 1558470.36254446 0.0277 27 0.0 
4 248 38.3406928735941 1558470.36254563 0.0277 27 0.0 
4 217 38.4106910735509 1558470.36254562 0.0277 27 0.0 
4 186 38.4806892735077 1558470.36254446 0.0277 27 0.0 
4 155 38.5506874734645 1558470.36254562 0.0277 27 0.0 
4 124 38.6206856734214 1558470.36254562 0.0277 27 0.0 
4 93 38.6906838733782 1558470.36254563 0.0277 27 0.0 
4 62 38.760682073335 1558470.36254446 0.0277 27 0.0 
4 31 38.8206147961011 1110266.04025697 0.0277 27 0.0 
4 942 37.800543974066 840069.361765821 0.0277 27 0.0 
4 943 37.8693654964383 1546373.04399086 0.0277 27 0.0 
4 944 37.9585557880508 1546373.04399086 0.0277 27 0.0 
4 945 38.0477460796632 1546373.04399086 0.0277 27 0.0 
4 946 38.1369363712756 1546373.0439897 0.0277 27 0.0 
4 947 38.2261266628881 1546373.04399086 0.0277 27 0.0 
4 948 38.3153169545005 1546373.04399086 0.0277 27 0.0 
4 949 38.404507246113 1546373.04399086 0.0277 27 0.0 
4 950 38.4936975377254 1546373.04399086 0.0277 27 0.0 
4 951 38.5828878293379 1546373.0439897 0.0277 27 0.0 
4 952 38.6720781209503 1546373.04399086 0.0277 27 0.0 
4 953 38.7612684125628 1546373.04399086 0.0277 27 0.0 
4 954 38.8504587041752 1546373.04399086 0.0277 27 0.0 
4 955 38.9396489957876 1546373.0439897 0.0277 27 0.0 
4 956 39.0288392874001 1546373.04399086 0.0277 27 0.0 
4 957 39.093643679242 700772.085034537 0.0277 27 0.0 
