2 1 24.8460836718275 838072.934824464 0.02043 26.5 0.0 
2 32 24.8099786199522 1558462.26128169 0.02043 26.5 0.0 
2 63 24.7630205273852 1558462.26128285 0.02043 26.5 0.0 
2 94 24.7160624348183 1558462.26128285 0.02043 26.5 0.0 
2 125 24.6691043422514 1558462.26128285 0.02043 26.5 0.0 
2 156 24.6221462496844 1558462.26128169 0.02043 26.5 0.0 
2 187 24.5751881571175 1558462.26128285 0.02043 26.5 0.0 
2 218 24.5282300645506 1558462.26128285 0.02043 26.5 0.0 
2 249 24.4812719719836 1558462.26128169 0.02043 26.5 0.0 
2 280 24.4343138794167 1558462.26128285 0.02043 26.5 0.0 
2 311 24.3873557868498 1558462.26128285 0.02043 26.5 0.0 
2 342 24.3403976942829 1558462.26128169 0.02043 26.5 0.0 
2 373 24.2934396017159 1558462.26128285 0.02043 26.5 0.0 
2 404 24.246481509149 1558462.26128285 0.02043 26.5 0.0 
2 435 24.2100496185295 859767.421137307 0.02043 26.5 0.0 
2 31 24.3153342859255 900786.691800257 0.02043 26.5 0.0 
2 30 24.2881988947566 1546397.73033443 0.02043 26.5 0.0 
2 29 24.2539047018583 1546397.73033327 0.02043 26.5 0.0 
2 28 24.2196105089599 1546397.73033443 0.02043 26.5 0.0 
2 27 24.1853163160616 1546397.73033444 0.02043 26.5 0.0 
2 26 24.1510221231632 1546397.73033443 0.02043 26.5 0.0 
2 25 24.1167279302649 1546397.73033327 0.02043 26.5 0.0 
2 24 24.0824337373666 1546397.73033444 0.02043 26.5 0.0 
2 23 24.0481395444682 1546397.73033443 0.02043 26.5 0.0 
2 22 24.0138453515698 1546397.73033444 0.02043 26.5 0.0 
2 21 23.9795511586715 1546397.73033443 0.02043 26.5 0.0 
2 20 23.9452569657732 1546397.73033327 0.02043 26.5 0.0 
2 19 23.9109627728748 1546397.73033444 0.02043 26.5 0.0 
2 18 23.8766685799765 1546397.73033443 0.02043 26.5 0.0 
2 17 23.8423743870781 1546397.73033443 0.02043 26.5 0.0 
2 16 23.8159200969274 839362.119326778 0.02043 26.5 0.0 
2 957 24.9693254704407 793002.980710612 0.02043 26.5 0.0 
2 926 24.9223678810916 1558470.36254446 0.02043 26.5 0.0 
2 895 24.8601243421572 1558470.36254562 0.02043 26.5 0.0 
2 864 24.7978808032227 1558470.36254562 0.02043 26.5 0.0 
2 833 24.7356372642883 1558470.36254446 0.02043 26.5 0.0 
2 802 24.6733937253539 1558470.36254562 0.02043 26.5 0.0 
2 771 24.6111501864194 1558470.36254562 0.02043 26.5 0.0 
2 740 24.5489066474849 1558470.36254562 0.02043 26.5 0.0 
2 709 24.4866631085505 1558470.36254446 0.02043 26.5 0.0 
2 678 24.4244195696161 1558470.36254563 0.02043 26.5 0.0 
2 647 24.3621760306816 1558470.36254562 0.02043 26.5 0.0 
2 616 24.2999324917472 1558470.36254446 0.02043 26.5 0.0 
2 585 24.2376889528127 1558470.36254562 0.02043 26.5 0.0 
2 554 24.1754454138782 1558470.36254562 0.02043 26.5 0.0 
2 523 24.1132018749438 1558470.36254446 0.02043 26.5 0.0 
2 483 24.0681368269318 698231.06914262 0.02043 26.5 0.0 
2 927 24.9238398262742 934462.350052176 0.02043 26.5 0.0 
2 928 24.8800809734615 1546373.04399086 0.02043 26.5 0.0 
2 929 24.8255287765782 1546373.04398969 0.02043 26.5 0.0 
2 930 24.7709765796949 1546373.04399086 0.02043 26.5 0.0 
2 931 24.7164243828116 1546373.04399086 0.02043 26.5 0.0 
2 932 24.6618721859283 1546373.04399086 0.02043 26.5 0.0 
2 933 24.6073199890451 1546373.0439897 0.02043 26.5 0.0 
2 934 24.5527677921618 1546373.04399086 0.02043 26.5 0.0 
2 935 24.4982155952785 1546373.04399086 0.02043 26.5 0.0 
2 936 24.4436633983952 1546373.04399086 0.02043 26.5 0.0 
2 937 24.3891112015119 1546373.04399086 0.02043 26.5 0.0 
2 938 24.3345590046286 1546373.0439897 0.02043 26.5 0.0 
2 939 24.2800068077453 1546373.04399086 0.02043 26.5 0.0 
2 940 24.225454610862 1546373.04399086 0.02043 26.5 0.0 
2 941 24.1709024139787 1546373.04399086 0.02043 26.5 0.0 
2 942 24.1311679964782 706303.682223875 0.02043 26.5 0.0 
2 435 24.2082689847828 698694.840145542 0.02043 26.5 0.0 
2 484 24.244361185585 1558462.26128169 0.02043 26.5 0.0 
2 524 24.2942011660112 1558462.26128285 0.02043 26.5 0.0 
2 555 24.3440411464374 1558462.26128285 0.02043 26.5 0.0 
2 586 24.3938811268636 1558462.26128169 0.02043 26.5 0.0 
2 617 24.4437211072898 1558462.26128285 0.02043 26.5 0.0 
2 648 24.493561087716 1558462.26128285 0.02043 26.5 0.0 
2 679 24.5434010681422 1558462.26128169 0.02043 26.5 0.0 
2 710 24.5932410485684 1558462.26128285 0.02043 26.5 0.0 
2 741 24.6430810289947 1558462.26128285 0.02043 26.5 0.0 
2 772 24.6929210094209 1558462.26128285 0.02043 26.5 0.0 
2 803 24.7427609898471 1558462.26128169 0.02043 26.5 0.0 
2 834 24.7926009702733 1558462.26128285 0.02043 26.5 0.0 
2 865 24.8424409506995 1558462.26128285 0.02043 26.5 0.0 
2 896 24.8922809311257 1558462.26128169 0.02043 26.5 0.0 
2 927 24.928761750992 722998.547333626 0.02043 26.5 0.0 
2 16 23.8226748291715 707035.611006496 0.02043 26.5 0.0 
2 15 23.8738667053497 1546397.73033443 0.02043 26.5 0.0 
2 14 23.9441266058146 1546397.73033444 0.02043 26.5 0.0 
2 13 24.0143865062795 1546397.73033443 0.02043 26.5 0.0 
2 12 24.0846464067444 1546397.73033327 0.02043 26.5 0.0 
2 11 24.1549063072093 1546397.73033444 0.02043 26.5 0.0 
2 10 24.2251662076742 1546397.73033443 0.02043 26.5 0.0 
2 9 24.2954261081391 1546397.73033444 0.02043 26.5 0.0 
2 8 24.365686008604 1546397.73033443 0.02043 26.5 0.0 
2 7 24.4359459090689 1546397.73033327 0.02043 26.5 0.0 
2 6 24.5062058095338 1546397.73033444 0.02043 26.5 0.0 
2 5 24.5764657099987 1546397.73033443 0.02043 26.5 0.0 
2 4 24.6467256104636 1546397.73033443 0.02043 26.5 0.0 
2 3 24.7169855109285 1546397.73033327 0.02043 26.5 0.0 
2 2 24.7872454113933 1546397.73033443 0.02043 26.5 0.0 
2 1 24.8405425195226 799706.562414698 0.02043 26.5 0.0 
2 483 24.0594393725395 860239.293403004 0.02043 26.5 0.0 
2 434 24.0741889028485 1558470.36254563 0.02043 26.5 0.0 
2 403 24.0931963151614 1558470.36254562 0.02043 26.5 0.0 
2 372 24.1122037274742 1558470.36254446 0.02043 26.5 0.0 
2 341 24.1312111397871 1558470.36254562 0.02043 26.5 0.0 
2 310 24.1502185521 1558470.36254562 0.02043 26.5 0.0 
2 279 24.1692259644129 1558470.36254446 0.02043 26.5 0.0 
2 248 24.1882333767258 1558470.36254563 0.02043 26.5 0.0 
2 217 24.2072407890387 1558470.36254562 0.02043 26.5 0.0 
2 186 24.2262482013516 1558470.36254446 0.02043 26.5 0.0 
2 155 24.2452556136645 1558470.36254562 0.02043 26.5 0.0 
2 124 24.2642630259774 1558470.36254562 0.02043 26.5 0.0 
2 93 24.2832704382903 1558470.36254563 0.02043 26.5 0.0 
2 62 24.3022778506032 1558470.36254446 0.02043 26.5 0.0 
2 31 24.3185520687024 1110266.04025697 0.02043 26.5 0.0 
2 942 24.1344034558299 840069.361765821 0.02043 26.5 0.0 
2 943 24.1789858439161 1546373.04399086 0.02043 26.5 0.0 
2 944 24.2367630632672 1546373.04399086 0.02043 26.5 0.0 
2 945 24.2945402826183 1546373.04399086 0.02043 26.5 0.0 
2 946 24.3523175019695 1546373.0439897 0.02043 26.5 0.0 
2 947 24.4100947213206 1546373.04399086 0.02043 26.5 0.0 
2 948 24.4678719406717 1546373.04399086 0.02043 26.5 0.0 
2 949 24.5256491600229 1546373.04399086 0.02043 26.5 0.0 
2 950 24.583426379374 1546373.04399086 0.02043 26.5 0.0 
2 951 24.6412035987252 1546373.0439897 0.02043 26.5 0.0 
2 952 24.6989808180763 1546373.04399086 0.02043 26.5 0.0 
2 953 24.7567580374274 1546373.04399086 0.02043 26.5 0.0 
2 954 24.8145352567786 1546373.04399086 0.02043 26.5 0.0 
2 955 24.8723124761297 1546373.0439897 0.02043 26.5 0.0 
2 956 24.9300896954808 1546373.04399086 0.02043 26.5 0.0 
2 957 24.9720697977395 700772.085034537 0.02043 26.5 0.0 
3 1 36.9328000903161 838072.934824464 0.024 25.5 0.0 
3 32 36.870043510953 1558462.26128169 0.024 25.5 0.0 
3 63 36.7884225435301 1558462.26128285 0.024 25.5 0.0 
3 94 36.7068015761072 1558462.26128285 0.024 25.5 0.0 
3 125 36.6251806086843 1558462.26128285 0.024 25.5 0.0 
3 156 36.5435596412614 1558462.26128169 0.024 25.5 0.0 
3 187 36.4619386738386 1558462.26128285 0.024 25.5 0.0 
3 218 36.3803177064157 1558462.26128285 0.024 25.5 0.0 
3 249 36.2986967389928 1558462.26128169 0.024 25.5 0.0 
3 280 36.2170757715699 1558462.26128285 0.024 25.5 0.0 
3 311 36.135454804147 1558462.26128285 0.024 25.5 0.0 
3 342 36.0538338367242 1558462.26128169 0.024 25.5 0.0 
3 373 35.9722128693013 1558462.26128285 0.024 25.5 0.0 
3 404 35.8905919018784 1558462.26128285 0.024 25.5 0.0 
3 435 35.8272672224706 859767.421137307 0.024 25.5 0.0 
3 31 37.0865213003728 900786.691800257 0.024 25.5 0.0 
3 30 36.9888915608618 1546397.73033443 0.024 25.5 0.0 
3 29 36.8655053491589 1546397.73033327 0.024 25.5 0.0 
3 28 36.742119137456 1546397.73033443 0.024 25.5 0.0 
3 27 36.618732925753 1546397.73033444 0.024 25.5 0.0 
3 26 36.49534671405 1546397.73033443 0.024 25.5 0.0 
3 25 36.371960502347 1546397.73033327 0.024 25.5 0.0 
3 24 36.2485742906441 1546397.73033444 0.024 25.5 0.0 
3 23 36.1251880789411 1546397.73033443 0.024 25.5 0.0 
3 22 36.0018018672381 1546397.73033444 0.024 25.5 0.0 
3 21 35.8784156555351 1546397.73033443 0.024 25.5 0.0 
3 20 35.7550294438322 1546397.73033327 0.024 25.5 0.0 
3 19 35.6316432321292 1546397.73033444 0.024 25.5 0.0 
3 18 35.5082570204262 1546397.73033443 0.024 25.5 0.0 
3 17 35.3848708087232 1546397.73033443 0.024 25.5 0.0 
3 16 35.2896915853875 839362.119326778 0.024 25.5 0.0 
3 957 37.5210810682798 793002.980710612 0.024 25.5 0.0 
3 926 37.4341351317622 1558470.36254446 0.024 25.5 0.0 
3 895 37.3188859705543 1558470.36254562 0.024 25.5 0.0 
3 864 37.2036368093463 1558470.36254562 0.024 25.5 0.0 
3 833 37.0883876481383 1558470.36254446 0.024 25.5 0.0 
3 802 36.9731384869304 1558470.36254562 0.024 25.5 0.0 
3 771 36.8578893257224 1558470.36254562 0.024 25.5 0.0 
3 740 36.7426401645144 1558470.36254562 0.024 25.5 0.0 
3 709 36.6273910033065 1558470.36254446 0.024 25.5 0.0 
3 678 36.5121418420986 1558470.36254563 0.024 25.5 0.0 
3 647 36.3968926808906 1558470.36254562 0.024 25.5 0.0 
3 616 36.2816435196827 1558470.36254446 0.024 25.5 0.0 
3 585 36.1663943584747 1558470.36254562 0.024 25.5 0.0 
3 554 36.0511451972667 1558470.36254562 0.024 25.5 0.0 
3 523 35.9358960360588 1558470.36254446 0.024 25.5 0.0 
3 483 35.852454299421 698231.06914262 0.024 25.5 0.0 
3 927 37.3496349274239 934462.350052176 0.024 25.5 0.0 
3 928 37.2635473546566 1546373.04399086 0.024 25.5 0.0 
3 929 37.1562258433064 1546373.04398969 0.024 25.5 0.0 
3 930 37.0489043319562 1546373.04399086 0.024 25.5 0.0 
3 931 36.9415828206059 1546373.04399086 0.024 25.5 0.0 
3 932 36.8342613092556 1546373.04399086 0.024 25.5 0.0 
3 933 36.7269397979054 1546373.0439897 0.024 25.5 0.0 
3 934 36.6196182865552 1546373.04399086 0.024 25.5 0.0 
3 935 36.5122967752049 1546373.04399086 0.024 25.5 0.0 
3 936 36.4049752638546 1546373.04399086 0.024 25.5 0.0 
3 937 36.2976537525044 1546373.04399086 0.024 25.5 0.0 
3 938 36.1903322411541 1546373.0439897 0.024 25.5 0.0 
3 939 36.0830107298039 1546373.04399086 0.024 25.5 0.0 
3 940 35.9756892184536 1546373.04399086 0.024 25.5 0.0 
3 941 35.8683677071034 1546373.04399086 0.024 25.5 0.0 
3 942 35.7901974778109 706303.682223875 0.024 25.5 0.0 
3 435 35.828463216875 698694.840145542 0.024 25.5 0.0 
3 484 35.9050597807642 1558462.26128169 0.024 25.5 0.0 
3 524 36.0108325283409 1558462.26128285 0.024 25.5 0.0 
3 555 36.1166052759177 1558462.26128285 0.024 25.5 0.0 
3 586 36.2223780234944 1558462.26128169 0.024 25.5 0.0 
3 617 36.3281507710712 1558462.26128285 0.024 25.5 0.0 
3 648 36.4339235186479 1558462.26128285 0.024 25.5 0.0 
3 679 36.5396962662247 1558462.26128169 0.024 25.5 0.0 
3 710 36.6454690138014 1558462.26128285 0.024 25.5 0.0 
3 741 36.7512417613782 1558462.26128285 0.024 25.5 0.0 
3 772 36.857014508955 1558462.26128285 0.024 25.5 0.0 
3 803 36.9627872565317 1558462.26128169 0.024 25.5 0.0 
3 834 37.0685600041084 1558462.26128285 0.024 25.5 0.0 
3 865 37.1743327516852 1558462.26128285 0.024 25.5 0.0 
3 896 37.2801054992619 1558462.26128169 0.024 25.5 0.0 
3 927 37.3575268087832 722998.547333626 0.024 25.5 0.0 
3 16 35.2821363859504 707035.611006496 0.024 25.5 0.0 
3 15 35.3647822872168 1546397.73033443 0.024 25.5 0.0 
3 14 35.4782122536553 1546397.73033444 0.024 25.5 0.0 
3 13 35.5916422200938 1546397.73033443 0.024 25.5 0.0 
3 12 35.7050721865322 1546397.73033327 0.024 25.5 0.0 
3 11 35.8185021529707 1546397.73033444 0.024 25.5 0.0 
3 10 35.9319321194092 1546397.73033443 0.024 25.5 0.0 
3 9 36.0453620858476 1546397.73033444 0.024 25.5 0.0 
3 8 36.1587920522861 1546397.73033443 0.024 25.5 0.0 
3 7 36.2722220187246 1546397.73033327 0.024 25.5 0.0 
3 6 36.385651985163 1546397.73033444 0.024 25.5 0.0 
3 5 36.4990819516015 1546397.73033443 0.024 25.5 0.0 
3 4 36.61251191804 1546397.73033443 0.024 25.5 0.0 
3 3 36.7259418844784 1546397.73033327 0.024 25.5 0.0 
3 2 36.8393718509169 1546397.73033443 0.024 25.5 0.0 
3 1 36.9254165100519 799706.562414698 0.024 25.5 0.0 
3 483 35.8517087778934 860239.293403004 0.024 25.5 0.0 
3 434 35.9222019591929 1558470.36254563 0.024 25.5 0.0 
3 403 36.0130450527793 1558470.36254562 0.024 25.5 0.0 
3 372 36.1038881463657 1558470.36254446 0.024 25.5 0.0 
3 341 36.1947312399521 1558470.36254562 0.024 25.5 0.0 
3 310 36.2855743335385 1558470.36254562 0.024 25.5 0.0 
3 279 36.3764174271249 1558470.36254446 0.024 25.5 0.0 
3 248 36.4672605207113 1558470.36254563 0.024 25.5 0.0 
3 217 36.5581036142977 1558470.36254562 0.024 25.5 0.0 
3 186 36.6489467078841 1558470.36254446 0.024 25.5 0.0 
3 155 36.7397898014705 1558470.36254562 0.024 25.5 0.0 
3 124 36.8306328950569 1558470.36254562 0.024 25.5 0.0 
3 93 36.9214759886434 1558470.36254563 0.024 25.5 0.0 
3 62 37.0123190822297 1558470.36254446 0.024 25.5 0.0 
3 31 37.0900992815276 1110266.04025697 0.024 25.5 0.0 
3 942 35.7980140016486 840069.361765821 0.024 25.5 0.0 
3 943 35.8898446702173 1546373.04399086 0.024 25.5 0.0 
3 944 36.0088540124447 1546373.04399086 0.024 25.5 0.0 
3 945 36.1278633546721 1546373.04399086 0.024 25.5 0.0 
3 946 36.2468726968995 1546373.0439897 0.024 25.5 0.0 
3 947 36.3658820391269 1546373.04399086 0.024 25.5 0.0 
3 948 36.4848913813543 1546373.04399086 0.024 25.5 0.0 
3 949 36.6039007235817 1546373.04399086 0.024 25.5 0.0 
3 950 36.7229100658091 1546373.04399086 0.024 25.5 0.0 
3 951 36.8419194080365 1546373.0439897 0.024 25.5 0.0 
3 952 36.9609287502638 1546373.04399086 0.024 25.5 0.0 
3 953 37.0799380924913 1546373.04399086 0.024 25.5 0.0 
3 954 37.1989474347187 1546373.04399086 0.024 25.5 0.0 
3 955 37.317956776946 1546373.0439897 0.024 25.5 0.0 
3 956 37.4369661191734 1546373.04399086 0.024 25.5 0.0 
3 957 37.5234366072403 700772.085034537 0.024 25.5 0.0 
4 1 38.6801325975737 838072.934824464 0.0277 27 0.0 
4 32 38.6236180072381 1558462.26128169 0.0277 27 0.0 
4 63 38.5501153469033 1558462.26128285 0.0277 27 0.0 
4 94 38.4766126865684 1558462.26128285 0.0277 27 0.0 
4 125 38.4031100262336 1558462.26128285 0.0 0.0 0.0 
1 1 0.0 1.0 0.0277 27 0.0 
4 156 38.3296073658988 1558462.26128169 0.0 0.0 0.0 
1 1 0.0 1.0 0.0277 27 0.0 
4 187 38.256104705564 1558462.26128285 0.0 0.0 0.0 
1 1 0.0 1.0 0.0277 27 0.0 
4 218 38.1826020452292 1558462.26128285 0.0 0.0 0.0 
1 1 0.0 1.0 0.0277 27 0.0 
4 249 38.1090993848944 1558462.26128169 0.0 0.0 0.0 
1 1 0.0 1.0 0.0277 27 0.0 
4 280 38.0355967245596 1558462.26128285 0.0 0.0 0.0 
1 1 0.0 1.0 0.0277 27 0.0 
4 311 37.9620940642247 1558462.26128285 0.0 0.0 0.0 
1 1 0.0 1.0 0.0277 27 0.0 
4 342 37.8885914038899 1558462.26128169 0.0 0.0 0.0 
1 1 0.0 1.0 0.0277 27 0.0 
4 373 37.8150887435551 1558462.26128285 0.0 0.0 0.0 
1 1 0.0 1.0 0.0277 27 0.0 
4 404 37.7415860832203 1558462.26128285 0.0 0.0 0.0 
1 1 0.0 1.0 0.0277 27 0.0 
4 435 37.6845598980587 859767.421137307 0.0 0.0 0.0 
1 1 0.0 1.0 0.0277 27 0.0 
4 31 38.8218235562079 900786.691800257 0.0 0.0 0.0 
1 1 0.0 1.0 0.0277 27 0.0 
4 30 38.7499533013343 1546397.73033443 0.0 0.0 0.0 
1 1 0.0 1.0 0.0277 27 0.0 
4 29 38.6591223872358 1546397.73033327 0.0 0.0 0.0 
1 1 0.0 1.0 0.0277 27 0.0 
4 28 38.5682914731373 1546397.73033443 0.0 0.0 0.0 
1 1 0.0 1.0 0.0277 27 0.0 
4 27 38.4774605590388 1546397.73033444 0.0 0.0 0.0 
1 1 0.0 1.0 0.0277 27 0.0 
4 26 38.3866296449403 1546397.73033443 0.0 0.0 0.0 
1 1 0.0 1.0 0.0277 27 0.0 
4 25 38.2957987308418 1546397.73033327 0.0 0.0 0.0 
1 1 0.0 1.0 0.0277 27 0.0 
4 24 38.2049678167433 1546397.73033444 0.0 0.0 0.0 
1 1 0.0 1.0 0.0277 27 0.0 
4 23 38.1141369026448 1546397.73033443 0.0 0.0 0.0 
1 1 0.0 1.0 0.0277 27 0.0 
4 22 38.0233059885463 1546397.73033444 0.0 0.0 0.0 
1 1 0.0 1.0 0.0277 27 0.0 
4 21 37.9324750744477 1546397.73033443 0.0 0.0 0.0 
1 1 0.0 1.0 0.0277 27 0.0 
4 20 37.8416441603492 1546397.73033327 0.0 0.0 0.0 
1 1 0.0 1.0 0.0277 27 0.0 
4 19 37.7508132462507 1546397.73033444 0.0 0.0 0.0 
1 1 0.0 1.0 0.0277 27 0.0 
4 18 37.6599823321522 1546397.73033443 0.0 0.0 0.0 
1 1 0.0 1.0 0.0277 27 0.0 
4 17 37.5691514180537 1546397.73033443 0.0 0.0 0.0 
1 1 0.0 1.0 0.0277 27 0.0 
4 16 37.499085113728 839362.119326778 0.0 0.0 0.0 
1 1 0.0 1.0 0.0277 27 0.0 
4 957 39.1064550587726 793002.980710612 0.0 0.0 0.0 
1 1 0.0 1.0 0.0277 27 0.0 
4 926 39.0422351567444 1558470.36254446 0.0 0.0 0.0 
1 1 0.0 1.0 0.0277 27 0.0 
4 895 38.9571099612719 1558470.36254562 0.0 0.0 0.0 
1 1 0.0 1.0 0.0277 27 0.0 
4 864 38.8719847657994 1558470.36254562 0.0 0.0 0.0 
1 1 0.0 1.0 0.0277 27 0.0 
4 833 38.7868595703269 1558470.36254446 0.0 0.0 0.0 
1 1 0.0 1.0 0.0277 27 0.0 
4 802 38.7017343748544 1558470.36254562 0.0 0.0 0.0 
1 1 0.0 1.0 0.0277 27 0.0 
4 771 38.6166091793819 1558470.36254562 0.0 0.0 0.0 
1 1 0.0 1.0 0.0277 27 0.0 
4 740 38.5314839839094 1558470.36254562 0.0 0.0 0.0 
1 1 0.0 1.0 0.0277 27 0.0 
4 709 38.4463587884369 1558470.36254446 0.0 0.0 0.0 
1 1 0.0 1.0 0.0277 27 0.0 
4 678 38.3612335929644 1558470.36254563 0.0 0.0 0.0 
1 1 0.0 1.0 0.0277 27 0.0 
4 647 38.2761083974919 1558470.36254562 0.0 0.0 0.0 
1 1 0.0 1.0 0.0277 27 0.0 
4 616 38.1909832020194 1558470.36254446 0.0 0.0 0.0 
1 1 0.0 1.0 0.0277 27 0.0 
4 585 38.1058580065469 1558470.36254562 0.0 0.0 0.0 
1 1 0.0 1.0 0.0277 27 0.0 
4 554 38.0207328110744 1558470.36254562 0.0 0.0 0.0 
1 1 0.0 1.0 0.0277 27 0.0 
4 523 37.9356076156019 1558470.36254446 0.0 0.0 0.0 
1 1 0.0 1.0 0.0277 27 0.0 
4 483 37.8739759814328 698231.06914262 0.0 0.0 0.0 
1 1 0.0 1.0 0.0277 27 0.0 
4 927 38.935069211342 934462.350052176 0.0 0.0 0.0 
1 1 0.0 1.0 0.0277 27 0.0 
4 928 38.8721963655155 1546373.04399086 0.0 0.0 0.0 
1 1 0.0 1.0 0.0277 27 0.0 
4 929 38.7938156118239 1546373.04398969 0.0 0.0 0.0 
1 1 0.0 1.0 0.0277 27 0.0 
4 930 38.7154348581323 1546373.04399086 0.0 0.0 0.0 
1 1 0.0 1.0 0.0277 27 0.0 
4 931 38.6370541044407 1546373.04399086 0.0 0.0 0.0 
1 1 0.0 1.0 0.0277 27 0.0 
4 932 38.558673350749 1546373.04399086 0.0 0.0 0.0 
1 1 0.0 1.0 0.0277 27 0.0 
4 933 38.4802925970574 1546373.0439897 0.0 0.0 0.0 
1 1 0.0 1.0 0.0277 27 0.0 
4 934 38.4019118433658 1546373.04399086 0.0 0.0 0.0 
1 1 0.0 1.0 0.0277 27 0.0 
4 935 38.3235310896742 1546373.04399086 0.0 0.0 0.0 
1 1 0.0 1.0 0.0277 27 0.0 
4 936 38.2451503359826 1546373.04399086 0.0 0.0 0.0 
1 1 0.0 1.0 0.0277 27 0.0 
4 937 38.1667695822909 1546373.04399086 0.0 0.0 0.0 
1 1 0.0 1.0 0.0277 27 0.0 
4 938 38.0883888285993 1546373.0439897 0.0 0.0 0.0 
1 1 0.0 1.0 0.0277 27 0.0 
4 939 38.0100080749077 1546373.04399086 0.0 0.0 0.0 
1 1 0.0 1.0 0.0277 27 0.0 
4 940 37.9316273212161 1546373.04399086 0.0 0.0 0.0 
1 1 0.0 1.0 0.0277 27 0.0 
4 941 37.8532465675244 1546373.04399086 0.0 0.0 0.0 
1 1 0.0 1.0 0.0277 27 0.0 
4 942 37.7961560419522 706303.682223875 0.0 0.0 0.0 
1 1 0.0 1.0 0.0277 27 0.0 
4 435 37.6837435356876 698694.840145542 0.0 0.0 0.0 
1 1 0.0 1.0 0.0277 27 0.0 
4 484 37.7466048483576 1558462.26128169 0.0 0.0 0.0 
1 1 0.0 1.0 0.0277 27 0.0 
4 524 37.8334104884515 1558462.26128285 0.0 0.0 0.0 
1 1 0.0 1.0 0.0277 27 0.0 
4 555 37.9202161285454 1558462.26128285 0.0 0.0 0.0 
1 1 0.0 1.0 0.0277 27 0.0 
4 586 38.0070217686392 1558462.26128169 0.0 0.0 0.0 
1 1 0.0 1.0 0.0277 27 0.0 
4 617 38.0938274087331 1558462.26128285 0.0 0.0 0.0 
1 1 0.0 1.0 0.0277 27 0.0 
4 648 38.180633048827 1558462.26128285 0.0 0.0 0.0 
1 1 0.0 1.0 0.0277 27 0.0 
4 679 38.2674386889208 1558462.26128169 0.0 0.0 0.0 
1 1 0.0 1.0 0.0277 27 0.0 
4 710 38.3542443290147 1558462.26128285 0.0 0.0 0.0 
1 1 0.0 1.0 0.0277 27 0.0 
4 741 38.4410499691086 1558462.26128285 0.0 0.0 0.0 
1 1 0.0 1.0 0.0277 27 0.0 
4 772 38.5278556092025 1558462.26128285 0.0 0.0 0.0 
1 1 0.0 1.0 0.0277 27 0.0 
4 803 38.6146612492963 1558462.26128169 0.0 0.0 0.0 
1 1 0.0 1.0 0.0277 27 0.0 
4 834 38.7014668893902 1558462.26128285 0.0 0.0 0.0 
1 1 0.0 1.0 0.0277 27 0.0 
4 865 38.7882725294841 1558462.26128285 0.0 0.0 0.0 
1 1 0.0 1.0 0.0277 27 0.0 
4 896 38.8750781695779 1558462.26128169 0.0 0.0 0.0 
1 1 0.0 1.0 0.0277 27 0.0 
4 927 38.9386163349737 722998.547333626 0.0 0.0 0.0 
1 1 0.0 1.0 0.0277 27 0.0 
4 16 37.4931428812971 707035.611006496 0.0 0.0 0.0 
1 1 0.0 1.0 0.0277 27 0.0 
4 15 37.552770169947 1546397.73033443 0.0 0.0 0.0 
1 1 0.0 1.0 0.0277 27 0.0 
4 14 37.6346075175557 1546397.73033444 0.0 0.0 0.0 
1 1 0.0 1.0 0.0277 27 0.0 
4 13 37.7164448651643 1546397.73033443 0.0 0.0 0.0 
1 1 0.0 1.0 0.0277 27 0.0 
4 12 37.7982822127729 1546397.73033327 0.0 0.0 0.0 
1 1 0.0 1.0 0.0277 27 0.0 
4 11 37.8801195603816 1546397.73033444 0.0 0.0 0.0 
1 1 0.0 1.0 0.0277 27 0.0 
4 10 37.9619569079902 1546397.73033443 0.0 0.0 0.0 
1 1 0.0 1.0 0.0277 27 0.0 
4 9 38.0437942555989 1546397.73033444 0.0 0.0 0.0 
1 1 0.0 1.0 0.0277 27 0.0 
4 8 38.1256316032076 1546397.73033443 0.0 0.0 0.0 
1 1 0.0 1.0 0.0277 27 0.0 
4 7 38.2074689508162 1546397.73033327 0.0 0.0 0.0 
1 1 0.0 1.0 0.0277 27 0.0 
4 6 38.2893062984248 1546397.73033444 0.0 0.0 0.0 
1 1 0.0 1.0 0.0277 27 0.0 
4 5 38.3711436460335 1546397.73033443 0.0 0.0 0.0 
1 1 0.0 1.0 0.0277 27 0.0 
4 4 38.4529809936422 1546397.73033443 0.0 0.0 0.0 
1 1 0.0 1.0 0.0277 27 0.0 
4 3 38.5348183412508 1546397.73033327 0.0 0.0 0.0 
1 1 0.0 1.0 0.0277 27 0.0 
4 2 38.6166556888594 1546397.73033443 0.0 0.0 0.0 
1 1 0.0 1.0 0.0277 27 0.0 
4 1 38.6787351102028 799706.562414698 0.0 0.0 0.0 
1 1 0.0 1.0 0.0277 27 0.0 
4 483 37.8741267669662 860239.293403004 0.0 0.0 0.0 
1 1 0.0 1.0 0.0277 27 0.0 
4 434 37.9281665781347 1558470.36254563 0.0 0.0 0.0 
1 1 0.0 1.0 0.0277 27 0.0 
4 403 37.9978065565393 1558470.36254562 0.0 0.0 0.0 
1 1 0.0 1.0 0.0277 27 0.0 
4 372 38.0674465349439 1558470.36254446 0.0 0.0 0.0 
1 1 0.0 1.0 0.0277 27 0.0 
4 341 38.1370865133485 1558470.36254562 0.0 0.0 0.0 
1 1 0.0 1.0 0.0277 27 0.0 
4 310 38.2067264917531 1558470.36254562 0.0 0.0 0.0 
1 1 0.0 1.0 0.0277 27 0.0 
4 279 38.2763664701577 1558470.36254446 0.0 0.0 0.0 
1 1 0.0 1.0 0.0277 27 0.0 
4 248 38.3460064485623 1558470.36254563 0.0 0.0 0.0 
1 1 0.0 1.0 0.0277 27 0.0 
4 217 38.4156464269669 1558470.36254562 0.0 0.0 0.0 
1 1 0.0 1.0 0.0277 27 0.0 
4 186 38.4852864053715 1558470.36254446 0.0 0.0 0.0 
1 1 0.0 1.0 0.0277 27 0.0 
4 155 38.5549263837761 1558470.36254562 0.0 0.0 0.0 
1 1 0.0 1.0 0.0277 27 0.0 
4 124 38.6245663621808 1558470.36254562 0.0 0.0 0.0 
1 1 0.0 1.0 0.0277 27 0.0 
4 93 38.6942063405854 1558470.36254563 0.0 0.0 0.0 
1 1 0.0 1.0 0.0277 27 0.0 
4 62 38.76384631899 1558470.36254446 0.0 0.0 0.0 
1 1 0.0 1.0 0.0277 27 0.0 
4 31 38.8234723311123 1110266.04025697 0.0 0.0 0.0 
1 1 0.0 1.0 0.0277 27 0.0 
4 942 37.8027054389457 840069.361765821 0.0 0.0 0.0 
1 1 0.0 1.0 0.0277 27 0.0 
4 943 37.8721609331738 1546373.04399086 0.0 0.0 0.0 
1 1 0.0 1.0 0.0277 27 0.0 
4 944 37.9621728301903 1546373.04399086 0.0 0.0 0.0 
1 1 0.0 1.0 0.0277 27 0.0 
4 945 38.0521847272068 1546373.04399086 0.0 0.0 0.0 
1 1 0.0 1.0 0.0277 27 0.0 
4 946 38.1421966242233 1546373.0439897 0.0 0.0 0.0 
1 1 0.0 1.0 0.0277 27 0.0 
4 947 38.2322085212397 1546373.04399086 0.0 0.0 0.0 
1 1 0.0 1.0 0.0277 27 0.0 
4 948 38.3222204182562 1546373.04399086 0.0 0.0 0.0 
1 1 0.0 1.0 0.0277 27 0.0 
4 949 38.4122323152728 1546373.04399086 0.0 0.0 0.0 
1 1 0.0 1.0 0.0277 27 0.0 
4 950 38.5022442122893 1546373.04399086 0.0 0.0 0.0 
1 1 0.0 1.0 0.0277 27 0.0 
4 951 38.5922561093057 1546373.0439897 0.0 0.0 0.0 
1 1 0.0 1.0 0.0277 27 0.0 
4 952 38.6822680063222 1546373.04399086 0.0 0.0 0.0 
1 1 0.0 1.0 0.0277 27 0.0 
4 953 38.7722799033387 1546373.04399086 0.0 0.0 0.0 
1 1 0.0 1.0 0.0277 27 0.0 
4 954 38.8622918003552 1546373.04399086 0.0 0.0 0.0 
1 1 0.0 1.0 0.0277 27 0.0 
4 955 38.9523036973717 1546373.0439897 0.0 0.0 0.0 
1 1 0.0 1.0 0.0277 27 0.0 
4 956 39.0423155943882 1546373.04399086 0.0 0.0 0.0 
1 1 0.0 1.0 0.0277 27 0.0 
4 957 39.1077169529805 700772.085034537 0.0 0.0 0.0 
1 1 0.0 1.0 0.0277 27 0.0 
