2 1 32.9957440318387 838072.934824464 0.02043 26.5 0.0 
2 32 33.0407653239748 1558462.26128169 0.02043 26.5 0.0 
2 63 33.0993198445696 1558462.26128285 0.02043 26.5 0.0 
2 94 33.1578743651644 1558462.26128285 0.02043 26.5 0.0 
2 125 33.2164288857592 1558462.26128285 0.02043 26.5 0.0 
2 156 33.274983406354 1558462.26128169 0.02043 26.5 0.0 
2 187 33.3335379269488 1558462.26128285 0.02043 26.5 0.0 
2 218 33.3920924475436 1558462.26128285 0.02043 26.5 0.0 
2 249 33.4506469681384 1558462.26128169 0.02043 26.5 0.0 
2 280 33.5092014887332 1558462.26128285 0.02043 26.5 0.0 
2 311 33.567756009328 1558462.26128285 0.02043 26.5 0.0 
2 342 33.6263105299228 1558462.26128169 0.02043 26.5 0.0 
2 373 33.6848650505176 1558462.26128285 0.02043 26.5 0.0 
2 404 33.7434195711124 1558462.26128285 0.02043 26.5 0.0 
2 435 33.7888484157049 859767.421137307 0.02043 26.5 0.0 
2 31 31.958884061223 900786.691800257 0.02043 26.5 0.0 
2 30 32.0373539424016 1546397.73033443 0.02043 26.5 0.0 
2 29 32.1365255823128 1546397.73033327 0.02043 26.5 0.0 
2 28 32.2356972222241 1546397.73033443 0.02043 26.5 0.0 
2 27 32.3348688621353 1546397.73033444 0.02043 26.5 0.0 
2 26 32.4340405020466 1546397.73033443 0.02043 26.5 0.0 
2 25 32.5332121419579 1546397.73033327 0.02043 26.5 0.0 
2 24 32.6323837818691 1546397.73033444 0.02043 26.5 0.0 
2 23 32.7315554217804 1546397.73033443 0.02043 26.5 0.0 
2 22 32.8307270616917 1546397.73033444 0.02043 26.5 0.0 
2 21 32.929898701603 1546397.73033443 0.02043 26.5 0.0 
2 20 33.0290703415142 1546397.73033327 0.02043 26.5 0.0 
2 19 33.1282419814254 1546397.73033444 0.02043 26.5 0.0 
2 18 33.2274136213367 1546397.73033443 0.02043 26.5 0.0 
2 17 33.326585261248 1546397.73033443 0.02043 26.5 0.0 
2 16 33.4030855406018 839362.119326778 0.02043 26.5 0.0 
2 957 32.3352060377617 793002.980710612 0.02043 26.5 0.0 
2 926 32.365469764785 1558470.36254446 0.02043 26.5 0.0 
2 895 32.4055851433082 1558470.36254562 0.02043 26.5 0.0 
2 864 32.4457005218315 1558470.36254562 0.02043 26.5 0.0 
2 833 32.4858159003547 1558470.36254446 0.02043 26.5 0.0 
2 802 32.525931278878 1558470.36254562 0.02043 26.5 0.0 
2 771 32.5660466574012 1558470.36254562 0.02043 26.5 0.0 
2 740 32.6061620359245 1558470.36254562 0.02043 26.5 0.0 
2 709 32.6462774144477 1558470.36254446 0.02043 26.5 0.0 
2 678 32.6863927929709 1558470.36254563 0.02043 26.5 0.0 
2 647 32.7265081714942 1558470.36254562 0.02043 26.5 0.0 
2 616 32.7666235500174 1558470.36254446 0.02043 26.5 0.0 
2 585 32.8067389285407 1558470.36254562 0.02043 26.5 0.0 
2 554 32.8468543070639 1558470.36254562 0.02043 26.5 0.0 
2 523 32.8869696855871 1558470.36254446 0.02043 26.5 0.0 
2 483 32.9160136874244 698231.06914262 0.02043 26.5 0.0 
2 927 32.8631248912889 934462.350052176 0.02043 26.5 0.0 
2 928 32.884695067852 1546373.04399086 0.02043 26.5 0.0 
2 929 32.9115856384005 1546373.04398969 0.02043 26.5 0.0 
2 930 32.938476208949 1546373.04399086 0.02043 26.5 0.0 
2 931 32.9653667794974 1546373.04399086 0.02043 26.5 0.0 
2 932 32.9922573500459 1546373.04399086 0.02043 26.5 0.0 
2 933 33.0191479205944 1546373.0439897 0.02043 26.5 0.0 
2 934 33.0460384911429 1546373.04399086 0.02043 26.5 0.0 
2 935 33.0729290616914 1546373.04399086 0.02043 26.5 0.0 
2 936 33.0998196322398 1546373.04399086 0.02043 26.5 0.0 
2 937 33.1267102027883 1546373.04399086 0.02043 26.5 0.0 
2 938 33.1536007733368 1546373.0439897 0.02043 26.5 0.0 
2 939 33.1804913438853 1546373.04399086 0.02043 26.5 0.0 
2 940 33.2073819144338 1546373.04399086 0.02043 26.5 0.0 
2 941 33.2342724849822 1546373.04399086 0.02043 26.5 0.0 
2 942 33.2538588851282 706303.682223875 0.02043 26.5 0.0 
2 435 33.7907195485307 698694.840145542 0.02043 26.5 0.0 
2 484 33.7445860713768 1558462.26128169 0.02043 26.5 0.0 
2 524 33.6808800200073 1558462.26128285 0.02043 26.5 0.0 
2 555 33.6171739686379 1558462.26128285 0.02043 26.5 0.0 
2 586 33.5534679172685 1558462.26128169 0.02043 26.5 0.0 
2 617 33.4897618658991 1558462.26128285 0.02043 26.5 0.0 
2 648 33.4260558145296 1558462.26128285 0.02043 26.5 0.0 
2 679 33.3623497631602 1558462.26128169 0.02043 26.5 0.0 
2 710 33.2986437117908 1558462.26128285 0.02043 26.5 0.0 
2 741 33.2349376604213 1558462.26128285 0.02043 26.5 0.0 
2 772 33.1712316090519 1558462.26128285 0.02043 26.5 0.0 
2 803 33.1075255576825 1558462.26128169 0.02043 26.5 0.0 
2 834 33.0438195063131 1558462.26128285 0.02043 26.5 0.0 
2 865 32.9801134549436 1558462.26128285 0.02043 26.5 0.0 
2 896 32.9164074035742 1558462.26128169 0.02043 26.5 0.0 
2 927 32.8697771889448 722998.547333626 0.02043 26.5 0.0 
2 16 33.4231300362734 707035.611006496 0.02043 26.5 0.0 
2 15 33.4012343848037 1546397.73033443 0.02043 26.5 0.0 
2 14 33.3711830093174 1546397.73033444 0.02043 26.5 0.0 
2 13 33.3411316338311 1546397.73033443 0.02043 26.5 0.0 
2 12 33.3110802583448 1546397.73033327 0.02043 26.5 0.0 
2 11 33.2810288828585 1546397.73033444 0.02043 26.5 0.0 
2 10 33.2509775073722 1546397.73033443 0.02043 26.5 0.0 
2 9 33.2209261318859 1546397.73033444 0.02043 26.5 0.0 
2 8 33.1908747563996 1546397.73033443 0.02043 26.5 0.0 
2 7 33.1608233809134 1546397.73033327 0.02043 26.5 0.0 
2 6 33.1307720054271 1546397.73033444 0.02043 26.5 0.0 
2 5 33.1007206299408 1546397.73033443 0.02043 26.5 0.0 
2 4 33.0706692544545 1546397.73033443 0.02043 26.5 0.0 
2 3 33.0406178789682 1546397.73033327 0.02043 26.5 0.0 
2 2 33.0105665034819 1546397.73033443 0.02043 26.5 0.0 
2 1 32.9877704078694 799706.562414698 0.02043 26.5 0.0 
2 483 32.9057486679378 860239.293403004 0.02043 26.5 0.0 
2 434 32.8516202607542 1558470.36254563 0.02043 26.5 0.0 
2 403 32.7818661105114 1558470.36254562 0.02043 26.5 0.0 
2 372 32.7121119602685 1558470.36254446 0.02043 26.5 0.0 
2 341 32.6423578100257 1558470.36254562 0.02043 26.5 0.0 
2 310 32.5726036597828 1558470.36254562 0.02043 26.5 0.0 
2 279 32.50284950954 1558470.36254446 0.02043 26.5 0.0 
2 248 32.4330953592971 1558470.36254563 0.02043 26.5 0.0 
2 217 32.3633412090543 1558470.36254562 0.02043 26.5 0.0 
2 186 32.2935870588114 1558470.36254446 0.02043 26.5 0.0 
2 155 32.2238329085686 1558470.36254562 0.02043 26.5 0.0 
2 124 32.1540787583257 1558470.36254562 0.02043 26.5 0.0 
2 93 32.0843246080829 1558470.36254563 0.02043 26.5 0.0 
2 62 32.01457045784 1558470.36254446 0.02043 26.5 0.0 
2 31 31.9548466913593 1110266.04025697 0.02043 26.5 0.0 
2 942 33.2430646251962 840069.361765821 0.02043 26.5 0.0 
2 943 33.194955149445 1546373.04399086 0.02043 26.5 0.0 
2 944 33.1326069475503 1546373.04399086 0.02043 26.5 0.0 
2 945 33.0702587456555 1546373.04399086 0.02043 26.5 0.0 
2 946 33.0079105437608 1546373.0439897 0.02043 26.5 0.0 
2 947 32.9455623418661 1546373.04399086 0.02043 26.5 0.0 
2 948 32.8832141399713 1546373.04399086 0.02043 26.5 0.0 
2 949 32.8208659380766 1546373.04399086 0.02043 26.5 0.0 
2 950 32.7585177361818 1546373.04399086 0.02043 26.5 0.0 
2 951 32.6961695342871 1546373.0439897 0.02043 26.5 0.0 
2 952 32.6338213323924 1546373.04399086 0.02043 26.5 0.0 
2 953 32.5714731304976 1546373.04399086 0.02043 26.5 0.0 
2 954 32.5091249286029 1546373.04399086 0.02043 26.5 0.0 
2 955 32.4467767267081 1546373.0439897 0.02043 26.5 0.0 
2 956 32.3844285248134 1546373.04399086 0.02043 26.5 0.0 
2 957 32.339127211933 700772.085034537 0.02043 26.5 0.0 
3 1 53.1103847130598 838072.934824464 0.024 25.5 0.0 
3 32 53.1886602022632 1558462.26128169 0.024 25.5 0.0 
3 63 53.2904650045503 1558462.26128285 0.024 25.5 0.0 
3 94 53.3922698068374 1558462.26128285 0.024 25.5 0.0 
3 125 53.4940746091246 1558462.26128285 0.024 25.5 0.0 
3 156 53.5958794114117 1558462.26128169 0.024 25.5 0.0 
3 187 53.6976842136988 1558462.26128285 0.024 25.5 0.0 
3 218 53.7994890159859 1558462.26128285 0.024 25.5 0.0 
3 249 53.901293818273 1558462.26128169 0.024 25.5 0.0 
3 280 54.0030986205601 1558462.26128285 0.024 25.5 0.0 
3 311 54.1049034228473 1558462.26128285 0.024 25.5 0.0 
3 342 54.2067082251344 1558462.26128169 0.024 25.5 0.0 
3 373 54.3085130274215 1558462.26128285 0.024 25.5 0.0 
3 404 54.4103178297086 1558462.26128285 0.024 25.5 0.0 
3 435 54.4893019029261 859767.421137307 0.024 25.5 0.0 
3 31 53.2280336810916 900786.691800257 0.024 25.5 0.0 
3 30 53.3136634479679 1546397.73033443 0.024 25.5 0.0 
3 29 53.4218838795371 1546397.73033327 0.024 25.5 0.0 
3 28 53.5301043111064 1546397.73033443 0.024 25.5 0.0 
3 27 53.6383247426757 1546397.73033444 0.024 25.5 0.0 
3 26 53.746545174245 1546397.73033443 0.024 25.5 0.0 
3 25 53.8547656058142 1546397.73033327 0.024 25.5 0.0 
3 24 53.9629860373835 1546397.73033444 0.024 25.5 0.0 
3 23 54.0712064689528 1546397.73033443 0.024 25.5 0.0 
3 22 54.1794269005221 1546397.73033444 0.024 25.5 0.0 
3 21 54.2876473320914 1546397.73033443 0.024 25.5 0.0 
3 20 54.3958677636606 1546397.73033327 0.024 25.5 0.0 
3 19 54.5040881952299 1546397.73033444 0.024 25.5 0.0 
3 18 54.6123086267991 1546397.73033443 0.024 25.5 0.0 
3 17 54.7205290583684 1546397.73033443 0.024 25.5 0.0 
3 16 54.8040095095765 839362.119326778 0.024 25.5 0.0 
3 957 53.3883825053578 793002.980710612 0.024 25.5 0.0 
3 926 53.4590818368882 1558470.36254446 0.024 25.5 0.0 
3 895 53.5527956892335 1558470.36254562 0.024 25.5 0.0 
3 864 53.6465095415789 1558470.36254562 0.024 25.5 0.0 
3 833 53.7402233939242 1558470.36254446 0.024 25.5 0.0 
3 802 53.8339372462695 1558470.36254562 0.024 25.5 0.0 
3 771 53.9276510986149 1558470.36254562 0.024 25.5 0.0 
3 740 54.0213649509602 1558470.36254562 0.024 25.5 0.0 
3 709 54.1150788033056 1558470.36254446 0.024 25.5 0.0 
3 678 54.2087926556509 1558470.36254563 0.024 25.5 0.0 
3 647 54.3025065079962 1558470.36254562 0.024 25.5 0.0 
3 616 54.3962203603416 1558470.36254446 0.024 25.5 0.0 
3 585 54.4899342126869 1558470.36254562 0.024 25.5 0.0 
3 554 54.5836480650322 1558470.36254562 0.024 25.5 0.0 
3 523 54.6773619173776 1558470.36254446 0.024 25.5 0.0 
3 483 54.7452118392751 698231.06914262 0.024 25.5 0.0 
3 927 53.3332722458789 934462.350052176 0.024 25.5 0.0 
3 928 53.4234191114879 1546373.04399086 0.024 25.5 0.0 
3 929 53.5358011609482 1546373.04398969 0.024 25.5 0.0 
3 930 53.6481832104084 1546373.04399086 0.024 25.5 0.0 
3 931 53.7605652598687 1546373.04399086 0.024 25.5 0.0 
3 932 53.872947309329 1546373.04399086 0.024 25.5 0.0 
3 933 53.9853293587892 1546373.0439897 0.024 25.5 0.0 
3 934 54.0977114082495 1546373.04399086 0.024 25.5 0.0 
3 935 54.2100934577097 1546373.04399086 0.024 25.5 0.0 
3 936 54.32247550717 1546373.04399086 0.024 25.5 0.0 
3 937 54.4348575566303 1546373.04399086 0.024 25.5 0.0 
3 938 54.5472396060906 1546373.0439897 0.024 25.5 0.0 
3 939 54.6596216555508 1546373.04399086 0.024 25.5 0.0 
3 940 54.7720037050111 1546373.04399086 0.024 25.5 0.0 
3 941 54.8843857544714 1546373.04399086 0.024 25.5 0.0 
3 942 54.9662419496008 706303.682223875 0.024 25.5 0.0 
3 435 54.4990735233079 698694.840145542 0.024 25.5 0.0 
3 484 54.4399222875614 1558462.26128169 0.024 25.5 0.0 
3 524 54.3582399194525 1558462.26128285 0.024 25.5 0.0 
3 555 54.2765575513436 1558462.26128285 0.024 25.5 0.0 
3 586 54.1948751832348 1558462.26128169 0.024 25.5 0.0 
3 617 54.1131928151259 1558462.26128285 0.024 25.5 0.0 
3 648 54.031510447017 1558462.26128285 0.024 25.5 0.0 
3 679 53.9498280789081 1558462.26128169 0.024 25.5 0.0 
3 710 53.8681457107993 1558462.26128285 0.024 25.5 0.0 
3 741 53.7864633426904 1558462.26128285 0.024 25.5 0.0 
3 772 53.7047809745815 1558462.26128285 0.024 25.5 0.0 
3 803 53.6230986064726 1558462.26128169 0.024 25.5 0.0 
3 834 53.5414162383637 1558462.26128285 0.024 25.5 0.0 
3 865 53.4597338702548 1558462.26128285 0.024 25.5 0.0 
3 896 53.378051502146 1558462.26128169 0.024 25.5 0.0 
3 927 53.3182633615458 722998.547333626 0.024 25.5 0.0 
3 16 54.806657599461 707035.611006496 0.024 25.5 0.0 
3 15 54.7214899321293 1546397.73033443 0.024 25.5 0.0 
3 14 54.6045988885441 1546397.73033444 0.024 25.5 0.0 
3 13 54.4877078449588 1546397.73033443 0.024 25.5 0.0 
3 12 54.3708168013736 1546397.73033327 0.024 25.5 0.0 
3 11 54.2539257577884 1546397.73033444 0.024 25.5 0.0 
3 10 54.1370347142032 1546397.73033443 0.024 25.5 0.0 
3 9 54.0201436706179 1546397.73033444 0.024 25.5 0.0 
3 8 53.9032526270327 1546397.73033443 0.024 25.5 0.0 
3 7 53.7863615834475 1546397.73033327 0.024 25.5 0.0 
3 6 53.6694705398623 1546397.73033444 0.024 25.5 0.0 
3 5 53.552579496277 1546397.73033443 0.024 25.5 0.0 
3 4 53.4356884526918 1546397.73033443 0.024 25.5 0.0 
3 3 53.3187974091066 1546397.73033327 0.024 25.5 0.0 
3 2 53.2019063655214 1546397.73033443 0.024 25.5 0.0 
3 1 53.1132362343644 799706.562414698 0.024 25.5 0.0 
3 483 54.7358343455559 860239.293403004 0.024 25.5 0.0 
3 434 54.6504425288398 1558470.36254563 0.024 25.5 0.0 
3 403 54.5403998742957 1558470.36254562 0.024 25.5 0.0 
3 372 54.4303572197516 1558470.36254446 0.024 25.5 0.0 
3 341 54.3203145652075 1558470.36254562 0.024 25.5 0.0 
3 310 54.2102719106634 1558470.36254562 0.024 25.5 0.0 
3 279 54.1002292561193 1558470.36254446 0.024 25.5 0.0 
3 248 53.9901866015752 1558470.36254563 0.024 25.5 0.0 
3 217 53.8801439470311 1558470.36254562 0.024 25.5 0.0 
3 186 53.770101292487 1558470.36254446 0.024 25.5 0.0 
3 155 53.660058637943 1558470.36254562 0.024 25.5 0.0 
3 124 53.5500159833989 1558470.36254562 0.024 25.5 0.0 
3 93 53.4399733288547 1558470.36254563 0.024 25.5 0.0 
3 62 53.3299306743107 1558470.36254446 0.024 25.5 0.0 
3 31 53.2357117385193 1110266.04025697 0.024 25.5 0.0 
3 942 54.9624311088481 840069.361765821 0.024 25.5 0.0 
3 943 54.8786965910011 1546373.04399086 0.024 25.5 0.0 
3 944 54.7701795776109 1546373.04399086 0.024 25.5 0.0 
3 945 54.6616625642207 1546373.04399086 0.024 25.5 0.0 
3 946 54.5531455508306 1546373.0439897 0.024 25.5 0.0 
3 947 54.4446285374404 1546373.04399086 0.024 25.5 0.0 
3 948 54.3361115240503 1546373.04399086 0.024 25.5 0.0 
3 949 54.2275945106601 1546373.04399086 0.024 25.5 0.0 
3 950 54.1190774972699 1546373.04399086 0.024 25.5 0.0 
3 951 54.0105604838798 1546373.0439897 0.024 25.5 0.0 
3 952 53.9020434704896 1546373.04399086 0.024 25.5 0.0 
3 953 53.7935264570994 1546373.04399086 0.024 25.5 0.0 
3 954 53.6850094437093 1546373.04399086 0.024 25.5 0.0 
3 955 53.5764924303191 1546373.0439897 0.024 25.5 0.0 
3 956 53.467975416929 1546373.04399086 0.024 25.5 0.0 
3 957 53.389128505117 700772.085034537 0.024 25.5 0.0 
4 1 51.5145174246771 838072.934824464 0.0277 27 0.0 
4 32 51.5801060275376 1558462.26128169 0.0277 27 0.0 
4 63 51.6654103139044 1558462.26128285 0.0277 27 0.0 
4 94 51.7507146002711 1558462.26128285 0.0277 27 0.0 
4 125 51.8360188866379 1558462.26128285 0.0 0.0 0.0 
1 1 0.0 1.0 0.0277 27 0.0 
4 156 51.9213231730046 1558462.26128169 0.0 0.0 0.0 
1 1 0.0 1.0 0.0277 27 0.0 
4 187 52.0066274593714 1558462.26128285 0.0 0.0 0.0 
1 1 0.0 1.0 0.0277 27 0.0 
4 218 52.0919317457381 1558462.26128285 0.0 0.0 0.0 
1 1 0.0 1.0 0.0277 27 0.0 
4 249 52.1772360321049 1558462.26128169 0.0 0.0 0.0 
1 1 0.0 1.0 0.0277 27 0.0 
4 280 52.2625403184716 1558462.26128285 0.0 0.0 0.0 
1 1 0.0 1.0 0.0277 27 0.0 
4 311 52.3478446048384 1558462.26128285 0.0 0.0 0.0 
1 1 0.0 1.0 0.0277 27 0.0 
4 342 52.4331488912051 1558462.26128169 0.0 0.0 0.0 
1 1 0.0 1.0 0.0277 27 0.0 
4 373 52.5184531775718 1558462.26128285 0.0 0.0 0.0 
1 1 0.0 1.0 0.0277 27 0.0 
4 404 52.6037574639386 1558462.26128285 0.0 0.0 0.0 
1 1 0.0 1.0 0.0277 27 0.0 
4 435 52.669939803561 859767.421137307 0.0 0.0 0.0 
1 1 0.0 1.0 0.0277 27 0.0 
4 31 51.6000261166722 900786.691800257 0.0 0.0 0.0 
1 1 0.0 1.0 0.0277 27 0.0 
4 30 51.6661320066352 1546397.73033443 0.0 0.0 0.0 
1 1 0.0 1.0 0.0277 27 0.0 
4 29 51.7496778132167 1546397.73033327 0.0 0.0 0.0 
1 1 0.0 1.0 0.0277 27 0.0 
4 28 51.8332236197982 1546397.73033443 0.0 0.0 0.0 
1 1 0.0 1.0 0.0277 27 0.0 
4 27 51.9167694263798 1546397.73033444 0.0 0.0 0.0 
1 1 0.0 1.0 0.0277 27 0.0 
4 26 52.0003152329613 1546397.73033443 0.0 0.0 0.0 
1 1 0.0 1.0 0.0277 27 0.0 
4 25 52.0838610395428 1546397.73033327 0.0 0.0 0.0 
1 1 0.0 1.0 0.0277 27 0.0 
4 24 52.1674068461244 1546397.73033444 0.0 0.0 0.0 
1 1 0.0 1.0 0.0277 27 0.0 
4 23 52.2509526527059 1546397.73033443 0.0 0.0 0.0 
1 1 0.0 1.0 0.0277 27 0.0 
4 22 52.3344984592874 1546397.73033444 0.0 0.0 0.0 
1 1 0.0 1.0 0.0277 27 0.0 
4 21 52.418044265869 1546397.73033443 0.0 0.0 0.0 
1 1 0.0 1.0 0.0277 27 0.0 
4 20 52.5015900724505 1546397.73033327 0.0 0.0 0.0 
1 1 0.0 1.0 0.0277 27 0.0 
4 19 52.585135879032 1546397.73033444 0.0 0.0 0.0 
1 1 0.0 1.0 0.0277 27 0.0 
4 18 52.6686816856135 1546397.73033443 0.0 0.0 0.0 
1 1 0.0 1.0 0.0277 27 0.0 
4 17 52.7522274921951 1546397.73033443 0.0 0.0 0.0 
1 1 0.0 1.0 0.0277 27 0.0 
4 16 52.8166741177429 839362.119326778 0.0 0.0 0.0 
1 1 0.0 1.0 0.0277 27 0.0 
4 957 51.6758569270949 793002.980710612 0.0 0.0 0.0 
1 1 0.0 1.0 0.0277 27 0.0 
4 926 51.7298228954241 1558470.36254446 0.0 0.0 0.0 
1 1 0.0 1.0 0.0277 27 0.0 
4 895 51.8013562278926 1558470.36254562 0.0 0.0 0.0 
1 1 0.0 1.0 0.0277 27 0.0 
4 864 51.8728895603613 1558470.36254562 0.0 0.0 0.0 
1 1 0.0 1.0 0.0277 27 0.0 
4 833 51.9444228928299 1558470.36254446 0.0 0.0 0.0 
1 1 0.0 1.0 0.0277 27 0.0 
4 802 52.0159562252985 1558470.36254562 0.0 0.0 0.0 
1 1 0.0 1.0 0.0277 27 0.0 
4 771 52.0874895577671 1558470.36254562 0.0 0.0 0.0 
1 1 0.0 1.0 0.0277 27 0.0 
4 740 52.1590228902357 1558470.36254562 0.0 0.0 0.0 
1 1 0.0 1.0 0.0277 27 0.0 
4 709 52.2305562227043 1558470.36254446 0.0 0.0 0.0 
1 1 0.0 1.0 0.0277 27 0.0 
4 678 52.3020895551729 1558470.36254563 0.0 0.0 0.0 
1 1 0.0 1.0 0.0277 27 0.0 
4 647 52.3736228876415 1558470.36254562 0.0 0.0 0.0 
1 1 0.0 1.0 0.0277 27 0.0 
4 616 52.4451562201101 1558470.36254446 0.0 0.0 0.0 
1 1 0.0 1.0 0.0277 27 0.0 
4 585 52.5166895525787 1558470.36254562 0.0 0.0 0.0 
1 1 0.0 1.0 0.0277 27 0.0 
4 554 52.5882228850473 1558470.36254562 0.0 0.0 0.0 
1 1 0.0 1.0 0.0277 27 0.0 
4 523 52.6597562175159 1558470.36254446 0.0 0.0 0.0 
1 1 0.0 1.0 0.0277 27 0.0 
4 483 52.7115471843751 698231.06914262 0.0 0.0 0.0 
1 1 0.0 1.0 0.0277 27 0.0 
4 927 51.6133482948063 934462.350052176 0.0 0.0 0.0 
1 1 0.0 1.0 0.0277 27 0.0 
4 928 51.6819264711292 1546373.04399086 0.0 0.0 0.0 
1 1 0.0 1.0 0.0277 27 0.0 
4 929 51.7674198041624 1546373.04398969 0.0 0.0 0.0 
1 1 0.0 1.0 0.0277 27 0.0 
4 930 51.8529131371956 1546373.04399086 0.0 0.0 0.0 
1 1 0.0 1.0 0.0277 27 0.0 
4 931 51.9384064702288 1546373.04399086 0.0 0.0 0.0 
1 1 0.0 1.0 0.0277 27 0.0 
4 932 52.0238998032621 1546373.04399086 0.0 0.0 0.0 
1 1 0.0 1.0 0.0277 27 0.0 
4 933 52.1093931362953 1546373.0439897 0.0 0.0 0.0 
1 1 0.0 1.0 0.0277 27 0.0 
4 934 52.1948864693285 1546373.04399086 0.0 0.0 0.0 
1 1 0.0 1.0 0.0277 27 0.0 
4 935 52.2803798023617 1546373.04399086 0.0 0.0 0.0 
1 1 0.0 1.0 0.0277 27 0.0 
4 936 52.365873135395 1546373.04399086 0.0 0.0 0.0 
1 1 0.0 1.0 0.0277 27 0.0 
4 937 52.4513664684282 1546373.04399086 0.0 0.0 0.0 
1 1 0.0 1.0 0.0277 27 0.0 
4 938 52.5368598014614 1546373.0439897 0.0 0.0 0.0 
1 1 0.0 1.0 0.0277 27 0.0 
4 939 52.6223531344946 1546373.04399086 0.0 0.0 0.0 
1 1 0.0 1.0 0.0277 27 0.0 
4 940 52.7078464675278 1546373.04399086 0.0 0.0 0.0 
1 1 0.0 1.0 0.0277 27 0.0 
4 941 52.7933398005611 1546373.04399086 0.0 0.0 0.0 
1 1 0.0 1.0 0.0277 27 0.0 
4 942 52.8556109460389 706303.682223875 0.0 0.0 0.0 
1 1 0.0 1.0 0.0277 27 0.0 
4 435 52.6768452513536 698694.840145542 0.0 0.0 0.0 
1 1 0.0 1.0 0.0277 27 0.0 
4 484 52.6231384435877 1558462.26128169 0.0 0.0 0.0 
1 1 0.0 1.0 0.0277 27 0.0 
4 524 52.5489743253488 1558462.26128285 0.0 0.0 0.0 
1 1 0.0 1.0 0.0277 27 0.0 
4 555 52.4748102071099 1558462.26128285 0.0 0.0 0.0 
1 1 0.0 1.0 0.0277 27 0.0 
4 586 52.400646088871 1558462.26128169 0.0 0.0 0.0 
1 1 0.0 1.0 0.0277 27 0.0 
4 617 52.3264819706321 1558462.26128285 0.0 0.0 0.0 
1 1 0.0 1.0 0.0277 27 0.0 
4 648 52.2523178523931 1558462.26128285 0.0 0.0 0.0 
1 1 0.0 1.0 0.0277 27 0.0 
4 679 52.1781537341542 1558462.26128169 0.0 0.0 0.0 
1 1 0.0 1.0 0.0277 27 0.0 
4 710 52.1039896159153 1558462.26128285 0.0 0.0 0.0 
1 1 0.0 1.0 0.0277 27 0.0 
4 741 52.0298254976764 1558462.26128285 0.0 0.0 0.0 
1 1 0.0 1.0 0.0277 27 0.0 
4 772 51.9556613794374 1558462.26128285 0.0 0.0 0.0 
1 1 0.0 1.0 0.0277 27 0.0 
4 803 51.8814972611985 1558462.26128169 0.0 0.0 0.0 
1 1 0.0 1.0 0.0277 27 0.0 
4 834 51.8073331429596 1558462.26128285 0.0 0.0 0.0 
1 1 0.0 1.0 0.0277 27 0.0 
4 865 51.7331690247207 1558462.26128285 0.0 0.0 0.0 
1 1 0.0 1.0 0.0277 27 0.0 
4 896 51.6590049064818 1558462.26128169 0.0 0.0 0.0 
1 1 0.0 1.0 0.0277 27 0.0 
4 927 51.6047198161812 722998.547333626 0.0 0.0 0.0 
1 1 0.0 1.0 0.0277 27 0.0 
4 16 52.8187720410153 707035.611006496 0.0 0.0 0.0 
1 1 0.0 1.0 0.0277 27 0.0 
4 15 52.7531937437765 1546397.73033443 0.0 0.0 0.0 
1 1 0.0 1.0 0.0277 27 0.0 
4 14 52.6631887472684 1546397.73033444 0.0 0.0 0.0 
1 1 0.0 1.0 0.0277 27 0.0 
4 13 52.5731837507604 1546397.73033443 0.0 0.0 0.0 
1 1 0.0 1.0 0.0277 27 0.0 
4 12 52.4831787542524 1546397.73033327 0.0 0.0 0.0 
1 1 0.0 1.0 0.0277 27 0.0 
4 11 52.3931737577444 1546397.73033444 0.0 0.0 0.0 
1 1 0.0 1.0 0.0277 27 0.0 
4 10 52.3031687612364 1546397.73033443 0.0 0.0 0.0 
1 1 0.0 1.0 0.0277 27 0.0 
4 9 52.2131637647283 1546397.73033444 0.0 0.0 0.0 
1 1 0.0 1.0 0.0277 27 0.0 
4 8 52.1231587682203 1546397.73033443 0.0 0.0 0.0 
1 1 0.0 1.0 0.0277 27 0.0 
4 7 52.0331537717123 1546397.73033327 0.0 0.0 0.0 
1 1 0.0 1.0 0.0277 27 0.0 
4 6 51.9431487752043 1546397.73033444 0.0 0.0 0.0 
1 1 0.0 1.0 0.0277 27 0.0 
4 5 51.8531437786963 1546397.73033443 0.0 0.0 0.0 
1 1 0.0 1.0 0.0277 27 0.0 
4 4 51.7631387821882 1546397.73033443 0.0 0.0 0.0 
1 1 0.0 1.0 0.0277 27 0.0 
4 3 51.6731337856802 1546397.73033327 0.0 0.0 0.0 
1 1 0.0 1.0 0.0277 27 0.0 
4 2 51.5831287891722 1546397.73033443 0.0 0.0 0.0 
1 1 0.0 1.0 0.0277 27 0.0 
4 1 51.5148536279591 799706.562414698 0.0 0.0 0.0 
1 1 0.0 1.0 0.0277 27 0.0 
4 483 52.7052848591635 860239.293403004 0.0 0.0 0.0 
1 1 0.0 1.0 0.0277 27 0.0 
4 434 52.6426222052686 1558470.36254563 0.0 0.0 0.0 
1 1 0.0 1.0 0.0277 27 0.0 
4 403 52.5618701491518 1558470.36254562 0.0 0.0 0.0 
1 1 0.0 1.0 0.0277 27 0.0 
4 372 52.4811180930351 1558470.36254446 0.0 0.0 0.0 
1 1 0.0 1.0 0.0277 27 0.0 
4 341 52.4003660369184 1558470.36254562 0.0 0.0 0.0 
1 1 0.0 1.0 0.0277 27 0.0 
4 310 52.3196139808016 1558470.36254562 0.0 0.0 0.0 
1 1 0.0 1.0 0.0277 27 0.0 
4 279 52.2388619246849 1558470.36254446 0.0 0.0 0.0 
1 1 0.0 1.0 0.0277 27 0.0 
4 248 52.1581098685682 1558470.36254563 0.0 0.0 0.0 
1 1 0.0 1.0 0.0277 27 0.0 
4 217 52.0773578124514 1558470.36254562 0.0 0.0 0.0 
1 1 0.0 1.0 0.0277 27 0.0 
4 186 51.9966057563347 1558470.36254446 0.0 0.0 0.0 
1 1 0.0 1.0 0.0277 27 0.0 
4 155 51.915853700218 1558470.36254562 0.0 0.0 0.0 
1 1 0.0 1.0 0.0277 27 0.0 
4 124 51.8351016441012 1558470.36254562 0.0 0.0 0.0 
1 1 0.0 1.0 0.0277 27 0.0 
4 93 51.7543495879845 1558470.36254563 0.0 0.0 0.0 
1 1 0.0 1.0 0.0277 27 0.0 
4 62 51.6735975318677 1558470.36254446 0.0 0.0 0.0 
1 1 0.0 1.0 0.0277 27 0.0 
4 31 51.6044573169047 1110266.04025697 0.0 0.0 0.0 
1 1 0.0 1.0 0.0277 27 0.0 
4 942 52.8530836144564 840069.361765821 0.0 0.0 0.0 
1 1 0.0 1.0 0.0277 27 0.0 
4 943 52.7904395302888 1546373.04399086 0.0 0.0 0.0 
1 1 0.0 1.0 0.0277 27 0.0 
4 944 52.7092549830409 1546373.04399086 0.0 0.0 0.0 
1 1 0.0 1.0 0.0277 27 0.0 
4 945 52.628070435793 1546373.04399086 0.0 0.0 0.0 
1 1 0.0 1.0 0.0277 27 0.0 
4 946 52.5468858885451 1546373.0439897 0.0 0.0 0.0 
1 1 0.0 1.0 0.0277 27 0.0 
4 947 52.4657013412973 1546373.04399086 0.0 0.0 0.0 
1 1 0.0 1.0 0.0277 27 0.0 
4 948 52.3845167940494 1546373.04399086 0.0 0.0 0.0 
1 1 0.0 1.0 0.0277 27 0.0 
4 949 52.3033322468015 1546373.04399086 0.0 0.0 0.0 
1 1 0.0 1.0 0.0277 27 0.0 
4 950 52.2221476995536 1546373.04399086 0.0 0.0 0.0 
1 1 0.0 1.0 0.0277 27 0.0 
4 951 52.1409631523057 1546373.0439897 0.0 0.0 0.0 
1 1 0.0 1.0 0.0277 27 0.0 
4 952 52.0597786050579 1546373.04399086 0.0 0.0 0.0 
1 1 0.0 1.0 0.0277 27 0.0 
4 953 51.97859405781 1546373.04399086 0.0 0.0 0.0 
1 1 0.0 1.0 0.0277 27 0.0 
4 954 51.8974095105621 1546373.04399086 0.0 0.0 0.0 
1 1 0.0 1.0 0.0277 27 0.0 
4 955 51.8162249633143 1546373.0439897 0.0 0.0 0.0 
1 1 0.0 1.0 0.0277 27 0.0 
4 956 51.7350404160664 1546373.04399086 0.0 0.0 0.0 
1 1 0.0 1.0 0.0277 27 0.0 
4 957 51.6760528837212 700772.085034537 0.0 0.0 0.0 
1 1 0.0 1.0 0.0277 27 0.0 
