2 1 30.8264948878716 838072.934824464 0.02043 26.5 0.0 
2 32 30.8307696368218 1558462.26128169 0.02043 26.5 0.0 
2 63 30.8363293589793 1558462.26128285 0.02043 26.5 0.0 
2 94 30.8418890811368 1558462.26128285 0.02043 26.5 0.0 
2 125 30.8474488032943 1558462.26128285 0.02043 26.5 0.0 
2 156 30.8530085254518 1558462.26128169 0.02043 26.5 0.0 
2 187 30.8585682476093 1558462.26128285 0.02043 26.5 0.0 
2 218 30.8641279697668 1558462.26128285 0.02043 26.5 0.0 
2 249 30.8696876919242 1558462.26128169 0.02043 26.5 0.0 
2 280 30.8752474140817 1558462.26128285 0.02043 26.5 0.0 
2 311 30.8808071362392 1558462.26128285 0.02043 26.5 0.0 
2 342 30.8863668583967 1558462.26128169 0.02043 26.5 0.0 
2 373 30.8919265805542 1558462.26128285 0.02043 26.5 0.0 
2 404 30.8974863027117 1558462.26128285 0.02043 26.5 0.0 
2 435 30.9017997485619 859767.421137307 0.02043 26.5 0.0 
2 31 30.0419022714961 900786.691800257 0.02043 26.5 0.0 
2 30 30.0651816695791 1546397.73033443 0.02043 26.5 0.0 
2 29 30.0946025894195 1546397.73033327 0.02043 26.5 0.0 
2 28 30.1240235092598 1546397.73033443 0.02043 26.5 0.0 
2 27 30.1534444291002 1546397.73033444 0.02043 26.5 0.0 
2 26 30.1828653489405 1546397.73033443 0.02043 26.5 0.0 
2 25 30.2122862687808 1546397.73033327 0.02043 26.5 0.0 
2 24 30.2417071886212 1546397.73033444 0.02043 26.5 0.0 
2 23 30.2711281084615 1546397.73033443 0.02043 26.5 0.0 
2 22 30.3005490283019 1546397.73033444 0.02043 26.5 0.0 
2 21 30.3299699481422 1546397.73033443 0.02043 26.5 0.0 
2 20 30.3593908679825 1546397.73033327 0.02043 26.5 0.0 
2 19 30.3888117878229 1546397.73033444 0.02043 26.5 0.0 
2 18 30.4182327076632 1546397.73033443 0.02043 26.5 0.0 
2 17 30.4476536275036 1546397.73033443 0.02043 26.5 0.0 
2 16 30.4703487103785 839362.119326778 0.02043 26.5 0.0 
2 957 31.1958309370752 793002.980710612 0.02043 26.5 0.0 
2 926 31.1587578714717 1558470.36254446 0.02043 26.5 0.0 
2 895 31.1096165327807 1558470.36254562 0.02043 26.5 0.0 
2 864 31.0604751940897 1558470.36254562 0.02043 26.5 0.0 
2 833 31.0113338553988 1558470.36254446 0.02043 26.5 0.0 
2 802 30.9621925167078 1558470.36254562 0.02043 26.5 0.0 
2 771 30.9130511780168 1558470.36254562 0.02043 26.5 0.0 
2 740 30.8639098393259 1558470.36254562 0.02043 26.5 0.0 
2 709 30.8147685006349 1558470.36254446 0.02043 26.5 0.0 
2 678 30.7656271619439 1558470.36254563 0.02043 26.5 0.0 
2 647 30.7164858232529 1558470.36254562 0.02043 26.5 0.0 
2 616 30.667344484562 1558470.36254446 0.02043 26.5 0.0 
2 585 30.618203145871 1558470.36254562 0.02043 26.5 0.0 
2 554 30.56906180718 1558470.36254562 0.02043 26.5 0.0 
2 523 30.5199204684891 1558470.36254446 0.02043 26.5 0.0 
2 483 30.4843415662385 698231.06914262 0.02043 26.5 0.0 
2 927 30.809182176608 934462.350052176 0.02043 26.5 0.0 
2 928 30.7937368649949 1546373.04399086 0.02043 26.5 0.0 
2 929 30.7744818885527 1546373.04398969 0.02043 26.5 0.0 
2 930 30.7552269121106 1546373.04399086 0.02043 26.5 0.0 
2 931 30.7359719356685 1546373.04399086 0.02043 26.5 0.0 
2 932 30.7167169592264 1546373.04399086 0.02043 26.5 0.0 
2 933 30.6974619827843 1546373.0439897 0.02043 26.5 0.0 
2 934 30.6782070063421 1546373.04399086 0.02043 26.5 0.0 
2 935 30.6589520299 1546373.04399086 0.02043 26.5 0.0 
2 936 30.6396970534579 1546373.04399086 0.02043 26.5 0.0 
2 937 30.6204420770158 1546373.04399086 0.02043 26.5 0.0 
2 938 30.6011871005737 1546373.0439897 0.02043 26.5 0.0 
2 939 30.5819321241315 1546373.04399086 0.02043 26.5 0.0 
2 940 30.5626771476894 1546373.04399086 0.02043 26.5 0.0 
2 941 30.5434221712473 1546373.04399086 0.02043 26.5 0.0 
2 942 30.5293973415131 706303.682223875 0.02043 26.5 0.0 
2 435 30.9020055018809 698694.840145542 0.02043 26.5 0.0 
2 484 30.8977158978649 1558462.26128169 0.02043 26.5 0.0 
2 524 30.8917923527375 1558462.26128285 0.02043 26.5 0.0 
2 555 30.8858688076102 1558462.26128285 0.02043 26.5 0.0 
2 586 30.8799452624829 1558462.26128169 0.02043 26.5 0.0 
2 617 30.8740217173555 1558462.26128285 0.02043 26.5 0.0 
2 648 30.8680981722282 1558462.26128285 0.02043 26.5 0.0 
2 679 30.8621746271009 1558462.26128169 0.02043 26.5 0.0 
2 710 30.8562510819735 1558462.26128285 0.02043 26.5 0.0 
2 741 30.8503275368462 1558462.26128285 0.02043 26.5 0.0 
2 772 30.8444039917189 1558462.26128285 0.02043 26.5 0.0 
2 803 30.8384804465915 1558462.26128169 0.02043 26.5 0.0 
2 834 30.8325569014642 1558462.26128285 0.02043 26.5 0.0 
2 865 30.8266333563369 1558462.26128285 0.02043 26.5 0.0 
2 896 30.8207098112095 1558462.26128169 0.02043 26.5 0.0 
2 927 30.8163740193229 722998.547333626 0.02043 26.5 0.0 
2 16 30.4836257498338 707035.611006496 0.02043 26.5 0.0 
2 15 30.500493510966 1546397.73033443 0.02043 26.5 0.0 
2 14 30.5236442002296 1546397.73033444 0.02043 26.5 0.0 
2 13 30.5467948894931 1546397.73033443 0.02043 26.5 0.0 
2 12 30.5699455787566 1546397.73033327 0.02043 26.5 0.0 
2 11 30.5930962680201 1546397.73033444 0.02043 26.5 0.0 
2 10 30.6162469572836 1546397.73033443 0.02043 26.5 0.0 
2 9 30.6393976465471 1546397.73033444 0.02043 26.5 0.0 
2 8 30.6625483358106 1546397.73033443 0.02043 26.5 0.0 
2 7 30.6856990250742 1546397.73033327 0.02043 26.5 0.0 
2 6 30.7088497143377 1546397.73033444 0.02043 26.5 0.0 
2 5 30.7320004036012 1546397.73033443 0.02043 26.5 0.0 
2 4 30.7551510928647 1546397.73033443 0.02043 26.5 0.0 
2 3 30.7783017821282 1546397.73033327 0.02043 26.5 0.0 
2 2 30.8014524713917 1546397.73033443 0.02043 26.5 0.0 
2 1 30.8190139080117 799706.562414698 0.02043 26.5 0.0 
2 483 30.4648201814666 860239.293403004 0.02043 26.5 0.0 
2 434 30.4408840014055 1558470.36254563 0.02043 26.5 0.0 
2 403 30.4100379450167 1558470.36254562 0.02043 26.5 0.0 
2 372 30.379191888628 1558470.36254446 0.02043 26.5 0.0 
2 341 30.3483458322392 1558470.36254562 0.02043 26.5 0.0 
2 310 30.3174997758504 1558470.36254562 0.02043 26.5 0.0 
2 279 30.2866537194616 1558470.36254446 0.02043 26.5 0.0 
2 248 30.2558076630728 1558470.36254563 0.02043 26.5 0.0 
2 217 30.224961606684 1558470.36254562 0.02043 26.5 0.0 
2 186 30.1941155502952 1558470.36254446 0.02043 26.5 0.0 
2 155 30.1632694939064 1558470.36254562 0.02043 26.5 0.0 
2 124 30.1324234375176 1558470.36254562 0.02043 26.5 0.0 
2 93 30.1015773811288 1558470.36254563 0.02043 26.5 0.0 
2 62 30.07073132474 1558470.36254446 0.02043 26.5 0.0 
2 31 30.0443208149395 1110266.04025697 0.02043 26.5 0.0 
2 942 30.5373770118887 840069.361765821 0.02043 26.5 0.0 
2 943 30.5725372348085 1546373.04399086 0.02043 26.5 0.0 
2 944 30.6181036568706 1546373.04399086 0.02043 26.5 0.0 
2 945 30.6636700789327 1546373.04399086 0.02043 26.5 0.0 
2 946 30.7092365009948 1546373.0439897 0.02043 26.5 0.0 
2 947 30.7548029230569 1546373.04399086 0.02043 26.5 0.0 
2 948 30.800369345119 1546373.04399086 0.02043 26.5 0.0 
2 949 30.8459357671811 1546373.04399086 0.02043 26.5 0.0 
2 950 30.8915021892432 1546373.04399086 0.02043 26.5 0.0 
2 951 30.9370686113053 1546373.0439897 0.02043 26.5 0.0 
2 952 30.9826350333674 1546373.04399086 0.02043 26.5 0.0 
2 953 31.0282014554295 1546373.04399086 0.02043 26.5 0.0 
2 954 31.0737678774917 1546373.04399086 0.02043 26.5 0.0 
2 955 31.1193342995538 1546373.0439897 0.02043 26.5 0.0 
2 956 31.1649007216159 1546373.04399086 0.02043 26.5 0.0 
2 957 31.1980086329901 700772.085034537 0.02043 26.5 0.0 
3 1 47.7760038347956 838072.934824464 0.024 25.5 0.0 
3 32 47.7834806402007 1558462.26128169 0.024 25.5 0.0 
3 63 47.7932049447532 1558462.26128285 0.024 25.5 0.0 
3 94 47.8029292493058 1558462.26128285 0.024 25.5 0.0 
3 125 47.8126535538583 1558462.26128285 0.024 25.5 0.0 
3 156 47.8223778584108 1558462.26128169 0.024 25.5 0.0 
3 187 47.8321021629633 1558462.26128285 0.024 25.5 0.0 
3 218 47.8418264675159 1558462.26128285 0.024 25.5 0.0 
3 249 47.8515507720684 1558462.26128169 0.024 25.5 0.0 
3 280 47.8612750766209 1558462.26128285 0.024 25.5 0.0 
3 311 47.8709993811734 1558462.26128285 0.024 25.5 0.0 
3 342 47.8807236857259 1558462.26128169 0.024 25.5 0.0 
3 373 47.8904479902785 1558462.26128285 0.024 25.5 0.0 
3 404 47.900172294831 1558462.26128285 0.024 25.5 0.0 
3 435 47.9077167835536 859767.421137307 0.024 25.5 0.0 
3 31 47.8898080436666 900786.691800257 0.024 25.5 0.0 
3 30 47.8847956480026 1546397.73033443 0.024 25.5 0.0 
3 29 47.8784608926745 1546397.73033327 0.024 25.5 0.0 
3 28 47.8721261373464 1546397.73033443 0.024 25.5 0.0 
3 27 47.8657913820184 1546397.73033444 0.024 25.5 0.0 
3 26 47.8594566266903 1546397.73033443 0.024 25.5 0.0 
3 25 47.8531218713622 1546397.73033327 0.024 25.5 0.0 
3 24 47.8467871160342 1546397.73033444 0.024 25.5 0.0 
3 23 47.8404523607061 1546397.73033443 0.024 25.5 0.0 
3 22 47.834117605378 1546397.73033444 0.024 25.5 0.0 
3 21 47.82778285005 1546397.73033443 0.024 25.5 0.0 
3 20 47.8214480947219 1546397.73033327 0.024 25.5 0.0 
3 19 47.8151133393938 1546397.73033444 0.024 25.5 0.0 
3 18 47.8087785840657 1546397.73033443 0.024 25.5 0.0 
3 17 47.8024438287377 1546397.73033443 0.024 25.5 0.0 
3 16 47.7975572447035 839362.119326778 0.024 25.5 0.0 
3 957 48.1641261306532 793002.980710612 0.024 25.5 0.0 
3 926 48.157013155091 1558470.36254446 0.024 25.5 0.0 
3 895 48.1475847159933 1558470.36254562 0.024 25.5 0.0 
3 864 48.1381562768957 1558470.36254562 0.024 25.5 0.0 
3 833 48.1287278377981 1558470.36254446 0.024 25.5 0.0 
3 802 48.1192993987004 1558470.36254562 0.024 25.5 0.0 
3 771 48.1098709596028 1558470.36254562 0.024 25.5 0.0 
3 740 48.1004425205052 1558470.36254562 0.024 25.5 0.0 
3 709 48.0910140814075 1558470.36254446 0.024 25.5 0.0 
3 678 48.0815856423099 1558470.36254563 0.024 25.5 0.0 
3 647 48.0721572032123 1558470.36254562 0.024 25.5 0.0 
3 616 48.0627287641146 1558470.36254446 0.024 25.5 0.0 
3 585 48.053300325017 1558470.36254562 0.024 25.5 0.0 
3 554 48.0438718859194 1558470.36254562 0.024 25.5 0.0 
3 523 48.0344434468217 1558470.36254446 0.024 25.5 0.0 
3 483 48.0276171469698 698231.06914262 0.024 25.5 0.0 
3 927 48.0709269034447 934462.350052176 0.024 25.5 0.0 
3 928 48.0728736747259 1546373.04399086 0.024 25.5 0.0 
3 929 48.0753006270658 1546373.04398969 0.024 25.5 0.0 
3 930 48.0777275794056 1546373.04399086 0.024 25.5 0.0 
3 931 48.0801545317454 1546373.04399086 0.024 25.5 0.0 
3 932 48.0825814840853 1546373.04399086 0.024 25.5 0.0 
3 933 48.0850084364251 1546373.0439897 0.024 25.5 0.0 
3 934 48.0874353887649 1546373.04399086 0.024 25.5 0.0 
3 935 48.0898623411048 1546373.04399086 0.024 25.5 0.0 
3 936 48.0922892934446 1546373.04399086 0.024 25.5 0.0 
3 937 48.0947162457845 1546373.04399086 0.024 25.5 0.0 
3 938 48.0971431981243 1546373.0439897 0.024 25.5 0.0 
3 939 48.0995701504641 1546373.04399086 0.024 25.5 0.0 
3 940 48.101997102804 1546373.04399086 0.024 25.5 0.0 
3 941 48.1044240551438 1546373.04399086 0.024 25.5 0.0 
3 942 48.1061917848235 706303.682223875 0.024 25.5 0.0 
3 435 47.912801159406 698694.840145542 0.024 25.5 0.0 
3 484 47.9205610282237 1558462.26128169 0.024 25.5 0.0 
3 524 47.9312766870472 1558462.26128285 0.024 25.5 0.0 
3 555 47.9419923458707 1558462.26128285 0.024 25.5 0.0 
3 586 47.9527080046942 1558462.26128169 0.024 25.5 0.0 
3 617 47.9634236635177 1558462.26128285 0.024 25.5 0.0 
3 648 47.9741393223412 1558462.26128285 0.024 25.5 0.0 
3 679 47.9848549811647 1558462.26128169 0.024 25.5 0.0 
3 710 47.9955706399882 1558462.26128285 0.024 25.5 0.0 
3 741 48.0062862988117 1558462.26128285 0.024 25.5 0.0 
3 772 48.0170019576351 1558462.26128285 0.024 25.5 0.0 
3 803 48.0277176164586 1558462.26128169 0.024 25.5 0.0 
3 834 48.0384332752821 1558462.26128285 0.024 25.5 0.0 
3 865 48.0491489341056 1558462.26128285 0.024 25.5 0.0 
3 896 48.0598645929291 1558462.26128169 0.024 25.5 0.0 
3 927 48.0677080153371 722998.547333626 0.024 25.5 0.0 
3 16 47.7954953209311 707035.611006496 0.024 25.5 0.0 
3 15 47.7944030268389 1546397.73033443 0.024 25.5 0.0 
3 14 47.7929038734591 1546397.73033444 0.024 25.5 0.0 
3 13 47.7914047200793 1546397.73033443 0.024 25.5 0.0 
3 12 47.7899055666994 1546397.73033327 0.024 25.5 0.0 
3 11 47.7884064133196 1546397.73033444 0.024 25.5 0.0 
3 10 47.7869072599397 1546397.73033443 0.024 25.5 0.0 
3 9 47.7854081065599 1546397.73033444 0.024 25.5 0.0 
3 8 47.7839089531801 1546397.73033443 0.024 25.5 0.0 
3 7 47.7824097998002 1546397.73033327 0.024 25.5 0.0 
3 6 47.7809106464204 1546397.73033444 0.024 25.5 0.0 
3 5 47.7794114930406 1546397.73033443 0.024 25.5 0.0 
3 4 47.7779123396607 1546397.73033443 0.024 25.5 0.0 
3 3 47.7764131862809 1546397.73033327 0.024 25.5 0.0 
3 2 47.774914032901 1546397.73033443 0.024 25.5 0.0 
3 1 47.7737768189389 799706.562414698 0.024 25.5 0.0 
3 483 48.0229152883798 860239.293403004 0.024 25.5 0.0 
3 434 48.0156336845316 1558470.36254563 0.024 25.5 0.0 
3 403 48.0062500334089 1558470.36254562 0.024 25.5 0.0 
3 372 47.9968663822862 1558470.36254446 0.024 25.5 0.0 
3 341 47.9874827311635 1558470.36254562 0.024 25.5 0.0 
3 310 47.9780990800408 1558470.36254562 0.024 25.5 0.0 
3 279 47.9687154289181 1558470.36254446 0.024 25.5 0.0 
3 248 47.9593317777954 1558470.36254563 0.024 25.5 0.0 
3 217 47.9499481266727 1558470.36254562 0.024 25.5 0.0 
3 186 47.9405644755501 1558470.36254446 0.024 25.5 0.0 
3 155 47.9311808244274 1558470.36254562 0.024 25.5 0.0 
3 124 47.9217971733047 1558470.36254562 0.024 25.5 0.0 
3 93 47.912413522182 1558470.36254563 0.024 25.5 0.0 
3 62 47.9030298710593 1558470.36254446 0.024 25.5 0.0 
3 31 47.8949955535823 1110266.04025697 0.024 25.5 0.0 
3 942 48.107828794699 840069.361765821 0.024 25.5 0.0 
3 943 48.1109046546501 1546373.04399086 0.024 25.5 0.0 
3 944 48.1148908618212 1546373.04399086 0.024 25.5 0.0 
3 945 48.1188770689922 1546373.04399086 0.024 25.5 0.0 
3 946 48.1228632761632 1546373.0439897 0.024 25.5 0.0 
3 947 48.1268494833343 1546373.04399086 0.024 25.5 0.0 
3 948 48.1308356905053 1546373.04399086 0.024 25.5 0.0 
3 949 48.1348218976764 1546373.04399086 0.024 25.5 0.0 
3 950 48.1388081048474 1546373.04399086 0.024 25.5 0.0 
3 951 48.1427943120184 1546373.0439897 0.024 25.5 0.0 
3 952 48.1467805191895 1546373.04399086 0.024 25.5 0.0 
3 953 48.1507667263605 1546373.04399086 0.024 25.5 0.0 
3 954 48.1547529335316 1546373.04399086 0.024 25.5 0.0 
3 955 48.1587391407026 1546373.0439897 0.024 25.5 0.0 
3 956 48.1627253478736 1546373.04399086 0.024 25.5 0.0 
3 957 48.1656216690629 700772.085034537 0.024 25.5 0.0 
4 1 47.8378262233917 838072.934824464 0.0277 27 0.0 
4 32 47.8419963418586 1558462.26128169 0.0277 27 0.0 
4 63 47.847419982009 1558462.26128285 0.0277 27 0.0 
4 94 47.8528436221594 1558462.26128285 0.0277 27 0.0 
4 125 47.8582672623098 1558462.26128285 0.0277 27 0.0 
4 156 47.8636909024602 1558462.26128169 0.0277 27 0.0 
4 187 47.8691145426106 1558462.26128285 0.0277 27 0.0 
4 218 47.8745381827611 1558462.26128285 0.0277 27 0.0 
4 249 47.8799618229115 1558462.26128169 0.0277 27 0.0 
4 280 47.8853854630619 1558462.26128285 0.0277 27 0.0 
4 311 47.8908091032123 1558462.26128285 0.0277 27 0.0 
4 342 47.8962327433627 1558462.26128169 0.0277 27 0.0 
4 373 47.9016563835131 1558462.26128285 0.0277 27 0.0 
4 404 47.9070800236635 1558462.26128285 0.0277 27 0.0 
4 435 47.9112878918694 859767.421137307 0.0277 27 0.0 
4 31 47.9295348380524 900786.691800257 0.0277 27 0.0 
4 30 47.9275293009057 1546397.73033443 0.0277 27 0.0 
4 29 47.9249946671743 1546397.73033327 0.0277 27 0.0 
4 28 47.9224600334429 1546397.73033443 0.0277 27 0.0 
4 27 47.9199253997114 1546397.73033444 0.0277 27 0.0 
4 26 47.91739076598 1546397.73033443 0.0277 27 0.0 
4 25 47.9148561322486 1546397.73033327 0.0277 27 0.0 
4 24 47.9123214985171 1546397.73033444 0.0277 27 0.0 
4 23 47.9097868647857 1546397.73033443 0.0277 27 0.0 
4 22 47.9072522310543 1546397.73033444 0.0277 27 0.0 
4 21 47.9047175973228 1546397.73033443 0.0277 27 0.0 
4 20 47.9021829635914 1546397.73033327 0.0277 27 0.0 
4 19 47.89964832986 1546397.73033444 0.0277 27 0.0 
4 18 47.8971136961285 1546397.73033443 0.0277 27 0.0 
4 17 47.8945790623971 1546397.73033443 0.0277 27 0.0 
4 16 47.8926238644324 839362.119326778 0.0277 27 0.0 
4 957 48.0859582335471 793002.980710612 0.0277 27 0.0 
4 926 48.081757118965 1558470.36254446 0.0277 27 0.0 
4 895 48.0761884293733 1558470.36254562 0.0277 27 0.0 
4 864 48.0706197397816 1558470.36254562 0.0277 27 0.0 
4 833 48.0650510501899 1558470.36254446 0.0277 27 0.0 
4 802 48.0594823605982 1558470.36254562 0.0277 27 0.0 
4 771 48.0539136710065 1558470.36254562 0.0277 27 0.0 
4 740 48.0483449814148 1558470.36254562 0.0277 27 0.0 
4 709 48.0427762918231 1558470.36254446 0.0277 27 0.0 
4 678 48.0372076022314 1558470.36254563 0.0277 27 0.0 
4 647 48.0316389126397 1558470.36254562 0.0277 27 0.0 
4 616 48.026070223048 1558470.36254446 0.0277 27 0.0 
4 585 48.0205015334563 1558470.36254562 0.0277 27 0.0 
4 554 48.0149328438645 1558470.36254562 0.0277 27 0.0 
4 523 48.0093641542729 1558470.36254446 0.0277 27 0.0 
4 483 48.0053323580718 698231.06914262 0.0277 27 0.0 
4 927 47.988952424457 934462.350052176 0.0277 27 0.0 
4 928 47.9916102892747 1546373.04399086 0.0277 27 0.0 
4 929 47.9949237299958 1546373.04398969 0.0277 27 0.0 
4 930 47.9982371707169 1546373.04399086 0.0277 27 0.0 
4 931 48.0015506114381 1546373.04399086 0.0277 27 0.0 
4 932 48.0048640521592 1546373.04399086 0.0277 27 0.0 
4 933 48.0081774928803 1546373.0439897 0.0277 27 0.0 
4 934 48.0114909336015 1546373.04399086 0.0277 27 0.0 
4 935 48.0148043743226 1546373.04399086 0.0277 27 0.0 
4 936 48.0181178150437 1546373.04399086 0.0277 27 0.0 
4 937 48.0214312557649 1546373.04399086 0.0277 27 0.0 
4 938 48.024744696486 1546373.0439897 0.0277 27 0.0 
4 939 48.0280581372071 1546373.04399086 0.0277 27 0.0 
4 940 48.0313715779283 1546373.04399086 0.0277 27 0.0 
4 941 48.0346850186494 1546373.04399086 0.0277 27 0.0 
4 942 48.0370984436716 706303.682223875 0.0277 27 0.0 
4 435 47.9139138595273 698694.840145542 0.0277 27 0.0 
4 484 47.9175641024353 1558462.26128169 0.0277 27 0.0 
4 524 47.9226047491967 1558462.26128285 0.0277 27 0.0 
4 555 47.9276453959581 1558462.26128285 0.0277 27 0.0 
4 586 47.9326860427196 1558462.26128169 0.0277 27 0.0 
4 617 47.937726689481 1558462.26128285 0.0277 27 0.0 
4 648 47.9427673362424 1558462.26128285 0.0277 27 0.0 
4 679 47.9478079830038 1558462.26128169 0.0277 27 0.0 
4 710 47.9528486297652 1558462.26128285 0.0277 27 0.0 
4 741 47.9578892765266 1558462.26128285 0.0277 27 0.0 
4 772 47.962929923288 1558462.26128285 0.0277 27 0.0 
4 803 47.9679705700495 1558462.26128169 0.0277 27 0.0 
4 834 47.9730112168109 1558462.26128285 0.0277 27 0.0 
4 865 47.9780518635723 1558462.26128285 0.0277 27 0.0 
4 896 47.9830925103337 1558462.26128169 0.0277 27 0.0 
4 927 47.9867820568572 722998.547333626 0.0277 27 0.0 
4 16 47.8910876487887 707035.611006496 0.0277 27 0.0 
4 15 47.8883838735928 1546397.73033443 0.0277 27 0.0 
4 14 47.8846729922906 1546397.73033444 0.0277 27 0.0 
4 13 47.8809621109883 1546397.73033443 0.0277 27 0.0 
4 12 47.877251229686 1546397.73033327 0.0277 27 0.0 
4 11 47.8735403483838 1546397.73033444 0.0277 27 0.0 
4 10 47.8698294670815 1546397.73033443 0.0277 27 0.0 
4 9 47.8661185857793 1546397.73033444 0.0277 27 0.0 
4 8 47.862407704477 1546397.73033443 0.0277 27 0.0 
4 7 47.8586968231747 1546397.73033327 0.0277 27 0.0 
4 6 47.8549859418725 1546397.73033444 0.0277 27 0.0 
4 5 47.8512750605702 1546397.73033443 0.0277 27 0.0 
4 4 47.8475641792679 1546397.73033443 0.0277 27 0.0 
4 3 47.8438532979657 1546397.73033327 0.0277 27 0.0 
4 2 47.8401424166634 1546397.73033443 0.0277 27 0.0 
4 1 47.8373274505061 799706.562414698 0.0277 27 0.0 
4 483 48.0026567896793 860239.293403004 0.0277 27 0.0 
4 434 47.998641394924 1558470.36254563 0.0277 27 0.0 
4 403 47.993466839388 1558470.36254562 0.0277 27 0.0 
4 372 47.988292283852 1558470.36254446 0.0277 27 0.0 
4 341 47.9831177283159 1558470.36254562 0.0277 27 0.0 
4 310 47.9779431727799 1558470.36254562 0.0277 27 0.0 
4 279 47.9727686172439 1558470.36254446 0.0277 27 0.0 
4 248 47.9675940617079 1558470.36254563 0.0277 27 0.0 
4 217 47.9624195061718 1558470.36254562 0.0277 27 0.0 
4 186 47.9572449506358 1558470.36254446 0.0277 27 0.0 
4 155 47.9520703950998 1558470.36254562 0.0277 27 0.0 
4 124 47.9468958395638 1558470.36254562 0.0277 27 0.0 
4 93 47.9417212840277 1558470.36254563 0.0277 27 0.0 
4 62 47.9365467284917 1558470.36254446 0.0277 27 0.0 
4 31 47.9321162545285 1110266.04025697 0.0277 27 0.0 
4 942 48.0387520866271 840069.361765821 0.0277 27 0.0 
4 943 48.0413000804916 1546373.04399086 0.0277 27 0.0 
4 944 48.0446021916331 1546373.04399086 0.0277 27 0.0 
4 945 48.0479043027747 1546373.04399086 0.0277 27 0.0 
4 946 48.0512064139162 1546373.0439897 0.0277 27 0.0 
4 947 48.0545085250578 1546373.04399086 0.0277 27 0.0 
4 948 48.0578106361993 1546373.04399086 0.0277 27 0.0 
4 949 48.0611127473408 1546373.04399086 0.0277 27 0.0 
4 950 48.0644148584824 1546373.04399086 0.0277 27 0.0 
4 951 48.0677169696239 1546373.0439897 0.0277 27 0.0 
4 952 48.0710190807655 1546373.04399086 0.0277 27 0.0 
4 953 48.074321191907 1546373.04399086 0.0277 27 0.0 
4 954 48.0776233030485 1546373.04399086 0.0277 27 0.0 
4 955 48.0809254141901 1546373.0439897 0.0277 27 0.0 
4 956 48.0842275253316 1546373.04399086 0.0277 27 0.0 
4 957 48.0866267921178 700772.085034537 0.0277 27 0.0 
