2 1 30.4960322533272 838072.934824464 0.02043 26.5 0.0 
2 32 30.4989840625636 1558462.26128169 0.02043 26.5 0.0 
2 63 30.5028231743823 1558462.26128285 0.02043 26.5 0.0 
2 94 30.5066622862009 1558462.26128285 0.02043 26.5 0.0 
2 125 30.5105013980195 1558462.26128285 0.02043 26.5 0.0 
2 156 30.5143405098381 1558462.26128169 0.02043 26.5 0.0 
2 187 30.5181796216567 1558462.26128285 0.02043 26.5 0.0 
2 218 30.5220187334753 1558462.26128285 0.02043 26.5 0.0 
2 249 30.5258578452939 1558462.26128169 0.02043 26.5 0.0 
2 280 30.5296969571125 1558462.26128285 0.02043 26.5 0.0 
2 311 30.5335360689311 1558462.26128285 0.02043 26.5 0.0 
2 342 30.5373751807498 1558462.26128169 0.02043 26.5 0.0 
2 373 30.5412142925684 1558462.26128285 0.02043 26.5 0.0 
2 404 30.545053404387 1558462.26128285 0.02043 26.5 0.0 
2 435 30.5480319346936 859767.421137307 0.02043 26.5 0.0 
2 31 29.6889727591275 900786.691800257 0.02043 26.5 0.0 
2 30 29.7158189699913 1546397.73033443 0.02043 26.5 0.0 
2 29 29.7497476916458 1546397.73033327 0.02043 26.5 0.0 
2 28 29.7836764133003 1546397.73033443 0.02043 26.5 0.0 
2 27 29.8176051349548 1546397.73033444 0.02043 26.5 0.0 
2 26 29.8515338566093 1546397.73033443 0.02043 26.5 0.0 
2 25 29.8854625782638 1546397.73033327 0.02043 26.5 0.0 
2 24 29.9193912999183 1546397.73033444 0.02043 26.5 0.0 
2 23 29.9533200215727 1546397.73033443 0.02043 26.5 0.0 
2 22 29.9872487432272 1546397.73033444 0.02043 26.5 0.0 
2 21 30.0211774648817 1546397.73033443 0.02043 26.5 0.0 
2 20 30.0551061865362 1546397.73033327 0.02043 26.5 0.0 
2 19 30.0890349081907 1546397.73033444 0.02043 26.5 0.0 
2 18 30.1229636298452 1546397.73033443 0.02043 26.5 0.0 
2 17 30.1568923514997 1546397.73033443 0.02043 26.5 0.0 
2 16 30.1830647197998 839362.119326778 0.02043 26.5 0.0 
2 957 30.5758393950608 793002.980710612 0.02043 26.5 0.0 
2 926 30.5500235188273 1558470.36254446 0.02043 26.5 0.0 
2 895 30.5158038853295 1558470.36254562 0.02043 26.5 0.0 
2 864 30.4815842518316 1558470.36254562 0.02043 26.5 0.0 
2 833 30.4473646183338 1558470.36254446 0.02043 26.5 0.0 
2 802 30.4131449848359 1558470.36254562 0.02043 26.5 0.0 
2 771 30.378925351338 1558470.36254562 0.02043 26.5 0.0 
2 740 30.3447057178402 1558470.36254562 0.02043 26.5 0.0 
2 709 30.3104860843423 1558470.36254446 0.02043 26.5 0.0 
2 678 30.2762664508445 1558470.36254563 0.02043 26.5 0.0 
2 647 30.2420468173466 1558470.36254562 0.02043 26.5 0.0 
2 616 30.2078271838488 1558470.36254446 0.02043 26.5 0.0 
2 585 30.1736075503509 1558470.36254562 0.02043 26.5 0.0 
2 554 30.1393879168531 1558470.36254562 0.02043 26.5 0.0 
2 523 30.1051682833552 1558470.36254446 0.02043 26.5 0.0 
2 483 30.0803928696668 698231.06914262 0.02043 26.5 0.0 
2 927 30.4566618436907 934462.350052176 0.02043 26.5 0.0 
2 928 30.439352442745 1546373.04399086 0.02043 26.5 0.0 
2 929 30.4177735898357 1546373.04398969 0.02043 26.5 0.0 
2 930 30.3961947369265 1546373.04399086 0.02043 26.5 0.0 
2 931 30.3746158840172 1546373.04399086 0.02043 26.5 0.0 
2 932 30.3530370311079 1546373.04399086 0.02043 26.5 0.0 
2 933 30.3314581781987 1546373.0439897 0.02043 26.5 0.0 
2 934 30.3098793252894 1546373.04399086 0.02043 26.5 0.0 
2 935 30.2883004723801 1546373.04399086 0.02043 26.5 0.0 
2 936 30.2667216194708 1546373.04399086 0.02043 26.5 0.0 
2 937 30.2451427665616 1546373.04399086 0.02043 26.5 0.0 
2 938 30.2235639136523 1546373.0439897 0.02043 26.5 0.0 
2 939 30.201985060743 1546373.04399086 0.02043 26.5 0.0 
2 940 30.1804062078337 1546373.04399086 0.02043 26.5 0.0 
2 941 30.1588273549245 1546373.04399086 0.02043 26.5 0.0 
2 942 30.1431098733258 706303.682223875 0.02043 26.5 0.0 
2 435 30.547799518982 698694.840145542 0.02043 26.5 0.0 
2 484 30.5436276399475 1558462.26128169 0.02043 26.5 0.0 
2 524 30.5378666620964 1558462.26128285 0.02043 26.5 0.0 
2 555 30.5321056842452 1558462.26128285 0.02043 26.5 0.0 
2 586 30.5263447063941 1558462.26128169 0.02043 26.5 0.0 
2 617 30.520583728543 1558462.26128285 0.02043 26.5 0.0 
2 648 30.5148227506919 1558462.26128285 0.02043 26.5 0.0 
2 679 30.5090617728408 1558462.26128169 0.02043 26.5 0.0 
2 710 30.5033007949897 1558462.26128285 0.02043 26.5 0.0 
2 741 30.4975398171386 1558462.26128285 0.02043 26.5 0.0 
2 772 30.4917788392875 1558462.26128285 0.02043 26.5 0.0 
2 803 30.4860178614364 1558462.26128169 0.02043 26.5 0.0 
2 834 30.4802568835852 1558462.26128285 0.02043 26.5 0.0 
2 865 30.4744959057341 1558462.26128285 0.02043 26.5 0.0 
2 896 30.468734927883 1558462.26128169 0.02043 26.5 0.0 
2 927 30.4645181285696 722998.547333626 0.02043 26.5 0.0 
2 16 30.1968943392342 707035.611006496 0.02043 26.5 0.0 
2 15 30.2116241411321 1546397.73033443 0.02043 26.5 0.0 
2 14 30.2318405210047 1546397.73033444 0.02043 26.5 0.0 
2 13 30.2520569008773 1546397.73033443 0.02043 26.5 0.0 
2 12 30.2722732807499 1546397.73033327 0.02043 26.5 0.0 
2 11 30.2924896606224 1546397.73033444 0.02043 26.5 0.0 
2 10 30.312706040495 1546397.73033443 0.02043 26.5 0.0 
2 9 30.3329224203676 1546397.73033444 0.02043 26.5 0.0 
2 8 30.3531388002402 1546397.73033443 0.02043 26.5 0.0 
2 7 30.3733551801128 1546397.73033327 0.02043 26.5 0.0 
2 6 30.3935715599854 1546397.73033444 0.02043 26.5 0.0 
2 5 30.413787939858 1546397.73033443 0.02043 26.5 0.0 
2 4 30.4340043197306 1546397.73033443 0.02043 26.5 0.0 
2 3 30.4542206996032 1546397.73033327 0.02043 26.5 0.0 
2 2 30.4744370794758 1546397.73033443 0.02043 26.5 0.0 
2 1 30.4897726347061 799706.562414698 0.02043 26.5 0.0 
2 483 30.0651111678548 860239.293403004 0.02043 26.5 0.0 
2 434 30.0436971885853 1558470.36254563 0.02043 26.5 0.0 
2 403 30.0161014397912 1558470.36254562 0.02043 26.5 0.0 
2 372 29.988505690997 1558470.36254446 0.02043 26.5 0.0 
2 341 29.9609099422029 1558470.36254562 0.02043 26.5 0.0 
2 310 29.9333141934088 1558470.36254562 0.02043 26.5 0.0 
2 279 29.9057184446147 1558470.36254446 0.02043 26.5 0.0 
2 248 29.8781226958206 1558470.36254563 0.02043 26.5 0.0 
2 217 29.8505269470265 1558470.36254562 0.02043 26.5 0.0 
2 186 29.8229311982324 1558470.36254446 0.02043 26.5 0.0 
2 155 29.7953354494383 1558470.36254562 0.02043 26.5 0.0 
2 124 29.7677397006442 1558470.36254562 0.02043 26.5 0.0 
2 93 29.7401439518501 1558470.36254563 0.02043 26.5 0.0 
2 62 29.7125482030559 1558470.36254446 0.02043 26.5 0.0 
2 31 29.6889206188749 1110266.04025697 0.02043 26.5 0.0 
2 942 30.1462666689632 840069.361765821 0.02043 26.5 0.0 
2 943 30.1692338567064 1546373.04399086 0.02043 26.5 0.0 
2 944 30.1989985306299 1546373.04399086 0.02043 26.5 0.0 
2 945 30.2287632045534 1546373.04399086 0.02043 26.5 0.0 
2 946 30.2585278784769 1546373.0439897 0.02043 26.5 0.0 
2 947 30.2882925524003 1546373.04399086 0.02043 26.5 0.0 
2 948 30.3180572263239 1546373.04399086 0.02043 26.5 0.0 
2 949 30.3478219002474 1546373.04399086 0.02043 26.5 0.0 
2 950 30.3775865741709 1546373.04399086 0.02043 26.5 0.0 
2 951 30.4073512480943 1546373.0439897 0.02043 26.5 0.0 
2 952 30.4371159220178 1546373.04399086 0.02043 26.5 0.0 
2 953 30.4668805959413 1546373.04399086 0.02043 26.5 0.0 
2 954 30.4966452698648 1546373.04399086 0.02043 26.5 0.0 
2 955 30.5264099437883 1546373.0439897 0.02043 26.5 0.0 
2 956 30.5561746177118 1546373.04399086 0.02043 26.5 0.0 
2 957 30.5778012046095 700772.085034537 0.02043 26.5 0.0 
3 1 47.5111546255835 838072.934824464 0.024 25.5 0.0 
3 32 47.5186643855492 1558462.26128169 0.024 25.5 0.0 
3 63 47.5284315506773 1558462.26128285 0.024 25.5 0.0 
3 94 47.5381987158054 1558462.26128285 0.024 25.5 0.0 
3 125 47.5479658809336 1558462.26128285 0.024 25.5 0.0 
3 156 47.5577330460617 1558462.26128169 0.024 25.5 0.0 
3 187 47.5675002111898 1558462.26128285 0.024 25.5 0.0 
3 218 47.5772673763179 1558462.26128285 0.024 25.5 0.0 
3 249 47.5870345414461 1558462.26128169 0.024 25.5 0.0 
3 280 47.5968017065742 1558462.26128285 0.024 25.5 0.0 
3 311 47.6065688717023 1558462.26128285 0.024 25.5 0.0 
3 342 47.6163360368304 1558462.26128169 0.024 25.5 0.0 
3 373 47.6261032019586 1558462.26128285 0.024 25.5 0.0 
3 404 47.6358703670867 1558462.26128285 0.024 25.5 0.0 
3 435 47.643448108689 859767.421137307 0.024 25.5 0.0 
3 31 47.6120499101569 900786.691800257 0.024 25.5 0.0 
3 30 47.607339078891 1546397.73033443 0.024 25.5 0.0 
3 29 47.6013854460453 1546397.73033327 0.024 25.5 0.0 
3 28 47.5954318131996 1546397.73033443 0.024 25.5 0.0 
3 27 47.5894781803539 1546397.73033444 0.024 25.5 0.0 
3 26 47.5835245475081 1546397.73033443 0.024 25.5 0.0 
3 25 47.5775709146624 1546397.73033327 0.024 25.5 0.0 
3 24 47.5716172818167 1546397.73033444 0.024 25.5 0.0 
3 23 47.5656636489709 1546397.73033443 0.024 25.5 0.0 
3 22 47.5597100161252 1546397.73033444 0.024 25.5 0.0 
3 21 47.5537563832795 1546397.73033443 0.024 25.5 0.0 
3 20 47.5478027504338 1546397.73033327 0.024 25.5 0.0 
3 19 47.541849117588 1546397.73033444 0.024 25.5 0.0 
3 18 47.5358954847423 1546397.73033443 0.024 25.5 0.0 
3 17 47.5299418518966 1546397.73033443 0.024 25.5 0.0 
3 16 47.5253492629641 839362.119326778 0.024 25.5 0.0 
3 957 47.888646585433 793002.980710612 0.024 25.5 0.0 
3 926 47.8814539951299 1558470.36254446 0.024 25.5 0.0 
3 895 47.8719200245668 1558470.36254562 0.024 25.5 0.0 
3 864 47.8623860540037 1558470.36254562 0.024 25.5 0.0 
3 833 47.8528520834405 1558470.36254446 0.024 25.5 0.0 
3 802 47.8433181128774 1558470.36254562 0.024 25.5 0.0 
3 771 47.8337841423143 1558470.36254562 0.024 25.5 0.0 
3 740 47.8242501717511 1558470.36254562 0.024 25.5 0.0 
3 709 47.814716201188 1558470.36254446 0.024 25.5 0.0 
3 678 47.8051822306249 1558470.36254563 0.024 25.5 0.0 
3 647 47.7956482600617 1558470.36254562 0.024 25.5 0.0 
3 616 47.7861142894986 1558470.36254446 0.024 25.5 0.0 
3 585 47.7765803189355 1558470.36254562 0.024 25.5 0.0 
3 554 47.7670463483724 1558470.36254562 0.024 25.5 0.0 
3 523 47.7575123778092 1558470.36254446 0.024 25.5 0.0 
3 483 47.7506096719456 698231.06914262 0.024 25.5 0.0 
3 927 47.8075841662669 934462.350052176 0.024 25.5 0.0 
3 928 47.8091656847613 1546373.04399086 0.024 25.5 0.0 
3 929 47.8111372928529 1546373.04398969 0.024 25.5 0.0 
3 930 47.8131089009445 1546373.04399086 0.024 25.5 0.0 
3 931 47.8150805090362 1546373.04399086 0.024 25.5 0.0 
3 932 47.8170521171278 1546373.04399086 0.024 25.5 0.0 
3 933 47.8190237252194 1546373.0439897 0.024 25.5 0.0 
3 934 47.820995333311 1546373.04399086 0.024 25.5 0.0 
3 935 47.8229669414026 1546373.04399086 0.024 25.5 0.0 
3 936 47.8249385494942 1546373.04399086 0.024 25.5 0.0 
3 937 47.8269101575859 1546373.04399086 0.024 25.5 0.0 
3 938 47.8288817656775 1546373.0439897 0.024 25.5 0.0 
3 939 47.8308533737691 1546373.04399086 0.024 25.5 0.0 
3 940 47.8328249818607 1546373.04399086 0.024 25.5 0.0 
3 941 47.8347965899523 1546373.04399086 0.024 25.5 0.0 
3 942 47.83623265859 706303.682223875 0.024 25.5 0.0 
3 435 47.6485601162809 698694.840145542 0.024 25.5 0.0 
3 484 47.6563710570799 1558462.26128169 0.024 25.5 0.0 
3 524 47.6671572415707 1558462.26128285 0.024 25.5 0.0 
3 555 47.6779434260615 1558462.26128285 0.024 25.5 0.0 
3 586 47.6887296105523 1558462.26128169 0.024 25.5 0.0 
3 617 47.6995157950431 1558462.26128285 0.024 25.5 0.0 
3 648 47.710301979534 1558462.26128285 0.024 25.5 0.0 
3 679 47.7210881640248 1558462.26128169 0.024 25.5 0.0 
3 710 47.7318743485156 1558462.26128285 0.024 25.5 0.0 
3 741 47.7426605330064 1558462.26128285 0.024 25.5 0.0 
3 772 47.7534467174972 1558462.26128285 0.024 25.5 0.0 
3 803 47.764232901988 1558462.26128169 0.024 25.5 0.0 
3 834 47.7750190864788 1558462.26128285 0.024 25.5 0.0 
3 865 47.7858052709696 1558462.26128285 0.024 25.5 0.0 
3 896 47.7965914554605 1558462.26128169 0.024 25.5 0.0 
3 927 47.804486499762 722998.547333626 0.024 25.5 0.0 
3 16 47.5235013613682 707035.611006496 0.024 25.5 0.0 
3 15 47.5227615295766 1546397.73033443 0.024 25.5 0.0 
3 14 47.5217461241664 1546397.73033444 0.024 25.5 0.0 
3 13 47.5207307187561 1546397.73033443 0.024 25.5 0.0 
3 12 47.5197153133458 1546397.73033327 0.024 25.5 0.0 
3 11 47.5186999079355 1546397.73033444 0.024 25.5 0.0 
3 10 47.5176845025253 1546397.73033443 0.024 25.5 0.0 
3 9 47.516669097115 1546397.73033444 0.024 25.5 0.0 
3 8 47.5156536917047 1546397.73033443 0.024 25.5 0.0 
3 7 47.5146382862945 1546397.73033327 0.024 25.5 0.0 
3 6 47.5136228808842 1546397.73033444 0.024 25.5 0.0 
3 5 47.5126074754739 1546397.73033443 0.024 25.5 0.0 
3 4 47.5115920700636 1546397.73033443 0.024 25.5 0.0 
3 3 47.5105766646534 1546397.73033327 0.024 25.5 0.0 
3 2 47.5095612592431 1546397.73033443 0.024 25.5 0.0 
3 1 47.5087910023599 799706.562414698 0.024 25.5 0.0 
3 483 47.7458679589787 860239.293403004 0.024 25.5 0.0 
3 434 47.7385407664254 1558470.36254563 0.024 25.5 0.0 
3 403 47.7290983660885 1558470.36254562 0.024 25.5 0.0 
3 372 47.7196559657516 1558470.36254446 0.024 25.5 0.0 
3 341 47.7102135654148 1558470.36254562 0.024 25.5 0.0 
3 310 47.7007711650779 1558470.36254562 0.024 25.5 0.0 
3 279 47.691328764741 1558470.36254446 0.024 25.5 0.0 
3 248 47.6818863644042 1558470.36254563 0.024 25.5 0.0 
3 217 47.6724439640673 1558470.36254562 0.024 25.5 0.0 
3 186 47.6630015637304 1558470.36254446 0.024 25.5 0.0 
3 155 47.6535591633936 1558470.36254562 0.024 25.5 0.0 
3 124 47.6441167630567 1558470.36254562 0.024 25.5 0.0 
3 93 47.6346743627198 1558470.36254563 0.024 25.5 0.0 
3 62 47.625231962383 1558470.36254446 0.024 25.5 0.0 
3 31 47.6171473436073 1110266.04025697 0.024 25.5 0.0 
3 942 47.8376680596808 840069.361765821 0.024 25.5 0.0 
3 943 47.8404666042102 1546373.04399086 0.024 25.5 0.0 
3 944 47.844093420271 1546373.04399086 0.024 25.5 0.0 
3 945 47.8477202363318 1546373.04399086 0.024 25.5 0.0 
3 946 47.8513470523926 1546373.0439897 0.024 25.5 0.0 
3 947 47.8549738684533 1546373.04399086 0.024 25.5 0.0 
3 948 47.8586006845141 1546373.04399086 0.024 25.5 0.0 
3 949 47.8622275005749 1546373.04399086 0.024 25.5 0.0 
3 950 47.8658543166357 1546373.04399086 0.024 25.5 0.0 
3 951 47.8694811326964 1546373.0439897 0.024 25.5 0.0 
3 952 47.8731079487572 1546373.04399086 0.024 25.5 0.0 
3 953 47.876734764818 1546373.04399086 0.024 25.5 0.0 
3 954 47.8803615808788 1546373.04399086 0.024 25.5 0.0 
3 955 47.8839883969396 1546373.0439897 0.024 25.5 0.0 
3 956 47.8876152130003 1546373.04399086 0.024 25.5 0.0 
3 957 47.8902504057426 700772.085034537 0.024 25.5 0.0 
4 1 47.5877556965299 838072.934824464 0.0277 27 0.0 
4 32 47.5919107513934 1558462.26128169 0.0277 27 0.0 
4 63 47.5973147998787 1558462.26128285 0.0277 27 0.0 
4 94 47.602718848364 1558462.26128285 0.0277 27 0.0 
4 125 47.6081228968493 1558462.26128285 0.0277 27 0.0 
4 156 47.6135269453346 1558462.26128169 0.0277 27 0.0 
4 187 47.6189309938199 1558462.26128285 0.0277 27 0.0 
4 218 47.6243350423052 1558462.26128285 0.0277 27 0.0 
4 249 47.6297390907905 1558462.26128169 0.0277 27 0.0 
4 280 47.6351431392758 1558462.26128285 0.0277 27 0.0 
4 311 47.6405471877612 1558462.26128285 0.0277 27 0.0 
4 342 47.6459512362465 1558462.26128169 0.0277 27 0.0 
4 373 47.6513552847318 1558462.26128285 0.0277 27 0.0 
4 404 47.6567593332171 1558462.26128285 0.0277 27 0.0 
4 435 47.6609520014572 859767.421137307 0.0277 27 0.0 
4 31 47.6689981739519 900786.691800257 0.0277 27 0.0 
4 30 47.6672236027707 1546397.73033443 0.0277 27 0.0 
4 29 47.6649808679592 1546397.73033327 0.0277 27 0.0 
4 28 47.6627381331477 1546397.73033443 0.0277 27 0.0 
4 27 47.6604953983362 1546397.73033444 0.0277 27 0.0 
4 26 47.6582526635247 1546397.73033443 0.0277 27 0.0 
4 25 47.6560099287132 1546397.73033327 0.0277 27 0.0 
4 24 47.6537671939017 1546397.73033444 0.0277 27 0.0 
4 23 47.6515244590901 1546397.73033443 0.0277 27 0.0 
4 22 47.6492817242786 1546397.73033444 0.0277 27 0.0 
4 21 47.6470389894671 1546397.73033443 0.0277 27 0.0 
4 20 47.6447962546556 1546397.73033327 0.0277 27 0.0 
4 19 47.6425535198441 1546397.73033444 0.0277 27 0.0 
4 18 47.6403107850326 1546397.73033443 0.0277 27 0.0 
4 17 47.6380680502211 1546397.73033443 0.0277 27 0.0 
4 16 47.6363380209531 839362.119326778 0.0277 27 0.0 
4 957 47.8260947272994 793002.980710612 0.0277 27 0.0 
4 926 47.8218493055357 1558470.36254446 0.0277 27 0.0 
4 895 47.8162218855914 1558470.36254562 0.0277 27 0.0 
4 864 47.810594465647 1558470.36254562 0.0277 27 0.0 
4 833 47.8049670457027 1558470.36254446 0.0277 27 0.0 
4 802 47.7993396257584 1558470.36254562 0.0277 27 0.0 
4 771 47.793712205814 1558470.36254562 0.0277 27 0.0 
4 740 47.7880847858697 1558470.36254562 0.0277 27 0.0 
4 709 47.7824573659253 1558470.36254446 0.0277 27 0.0 
4 678 47.776829945981 1558470.36254563 0.0277 27 0.0 
4 647 47.7712025260366 1558470.36254562 0.0277 27 0.0 
4 616 47.7655751060923 1558470.36254446 0.0277 27 0.0 
4 585 47.759947686148 1558470.36254562 0.0277 27 0.0 
4 554 47.7543202662036 1558470.36254562 0.0277 27 0.0 
4 523 47.7486928462593 1558470.36254446 0.0277 27 0.0 
4 483 47.7446185285981 698231.06914262 0.0277 27 0.0 
4 927 47.7389242647036 934462.350052176 0.0277 27 0.0 
4 928 47.7412772088733 1546373.04399086 0.0277 27 0.0 
4 929 47.7442105187147 1546373.04398969 0.0277 27 0.0 
4 930 47.7471438285561 1546373.04399086 0.0277 27 0.0 
4 931 47.7500771383975 1546373.04399086 0.0277 27 0.0 
4 932 47.7530104482389 1546373.04399086 0.0277 27 0.0 
4 933 47.7559437580802 1546373.0439897 0.0277 27 0.0 
4 934 47.7588770679216 1546373.04399086 0.0277 27 0.0 
4 935 47.761810377763 1546373.04399086 0.0277 27 0.0 
4 936 47.7647436876044 1546373.04399086 0.0277 27 0.0 
4 937 47.7676769974458 1546373.04399086 0.0277 27 0.0 
4 938 47.7706103072871 1546373.0439897 0.0277 27 0.0 
4 939 47.7735436171285 1546373.04399086 0.0277 27 0.0 
4 940 47.7764769269699 1546373.04399086 0.0277 27 0.0 
4 941 47.7794102368113 1546373.04399086 0.0277 27 0.0 
4 942 47.7815467842751 706303.682223875 0.0277 27 0.0 
4 435 47.6635789985507 698694.840145542 0.0277 27 0.0 
4 484 47.6672500253186 1558462.26128169 0.0277 27 0.0 
4 524 47.6723193726621 1558462.26128285 0.0277 27 0.0 
4 555 47.6773887200055 1558462.26128285 0.0277 27 0.0 
4 586 47.6824580673489 1558462.26128169 0.0277 27 0.0 
4 617 47.6875274146924 1558462.26128285 0.0277 27 0.0 
4 648 47.6925967620358 1558462.26128285 0.0277 27 0.0 
4 679 47.6976661093793 1558462.26128169 0.0277 27 0.0 
4 710 47.7027354567227 1558462.26128285 0.0277 27 0.0 
4 741 47.7078048040662 1558462.26128285 0.0277 27 0.0 
4 772 47.7128741514096 1558462.26128285 0.0277 27 0.0 
4 803 47.717943498753 1558462.26128169 0.0277 27 0.0 
4 834 47.7230128460965 1558462.26128285 0.0277 27 0.0 
4 865 47.7280821934399 1558462.26128285 0.0277 27 0.0 
4 896 47.7331515407834 1558462.26128169 0.0277 27 0.0 
4 927 47.7368620949548 722998.547333626 0.0277 27 0.0 
4 16 47.6349747822258 707035.611006496 0.0277 27 0.0 
4 15 47.6325698274543 1546397.73033443 0.0277 27 0.0 
4 14 47.6292690716413 1546397.73033444 0.0277 27 0.0 
4 13 47.6259683158283 1546397.73033443 0.0277 27 0.0 
4 12 47.6226675600153 1546397.73033327 0.0277 27 0.0 
4 11 47.6193668042022 1546397.73033444 0.0277 27 0.0 
4 10 47.6160660483892 1546397.73033443 0.0277 27 0.0 
4 9 47.6127652925762 1546397.73033444 0.0277 27 0.0 
4 8 47.6094645367632 1546397.73033443 0.0277 27 0.0 
4 7 47.6061637809502 1546397.73033327 0.0277 27 0.0 
4 6 47.6028630251372 1546397.73033444 0.0277 27 0.0 
4 5 47.5995622693242 1546397.73033443 0.0277 27 0.0 
4 4 47.5962615135112 1546397.73033443 0.0277 27 0.0 
4 3 47.5929607576982 1546397.73033327 0.0277 27 0.0 
4 2 47.5896600018852 1546397.73033443 0.0277 27 0.0 
4 1 47.5871561449439 799706.562414698 0.0277 27 0.0 
4 483 47.7419318413735 860239.293403004 0.0277 27 0.0 
4 434 47.7379221752615 1558470.36254563 0.0277 27 0.0 
4 403 47.7327550021087 1558470.36254562 0.0277 27 0.0 
4 372 47.727587828956 1558470.36254446 0.0277 27 0.0 
4 341 47.7224206558032 1558470.36254562 0.0277 27 0.0 
4 310 47.7172534826505 1558470.36254562 0.0277 27 0.0 
4 279 47.7120863094977 1558470.36254446 0.0277 27 0.0 
4 248 47.706919136345 1558470.36254563 0.0277 27 0.0 
4 217 47.7017519631922 1558470.36254562 0.0277 27 0.0 
4 186 47.6965847900395 1558470.36254446 0.0277 27 0.0 
4 155 47.6914176168867 1558470.36254562 0.0277 27 0.0 
4 124 47.686250443734 1558470.36254562 0.0277 27 0.0 
4 93 47.6810832705812 1558470.36254563 0.0277 27 0.0 
4 62 47.6759160974285 1558470.36254446 0.0277 27 0.0 
4 31 47.6714919442897 1110266.04025697 0.0277 27 0.0 
4 942 47.783037358964 840069.361765821 0.0277 27 0.0 
4 943 47.7853687267815 1546373.04399086 0.0277 27 0.0 
4 944 47.7883900981248 1546373.04399086 0.0277 27 0.0 
4 945 47.7914114694681 1546373.04399086 0.0277 27 0.0 
4 946 47.7944328408114 1546373.0439897 0.0277 27 0.0 
4 947 47.7974542121547 1546373.04399086 0.0277 27 0.0 
4 948 47.800475583498 1546373.04399086 0.0277 27 0.0 
4 949 47.8034969548413 1546373.04399086 0.0277 27 0.0 
4 950 47.8065183261846 1546373.04399086 0.0277 27 0.0 
4 951 47.8095396975279 1546373.0439897 0.0277 27 0.0 
4 952 47.8125610688712 1546373.04399086 0.0277 27 0.0 
4 953 47.8155824402145 1546373.04399086 0.0277 27 0.0 
4 954 47.8186038115578 1546373.04399086 0.0277 27 0.0 
4 955 47.8216251829011 1546373.0439897 0.0277 27 0.0 
4 956 47.8246465542444 1546373.04399086 0.0277 27 0.0 
4 957 47.8268418395035 700772.085034537 0.0277 27 0.0 
