2 1 26.673889634941 838072.934824464 0.02043 26.5 0.0 
2 32 26.6370452304675 1558462.26128169 0.02043 26.5 0.0 
2 63 26.5891255387354 1558462.26128285 0.02043 26.5 0.0 
2 94 26.5412058470033 1558462.26128285 0.02043 26.5 0.0 
2 125 26.4932861552712 1558462.26128285 0.02043 26.5 0.0 
2 156 26.445366463539 1558462.26128169 0.02043 26.5 0.0 
2 187 26.3974467718069 1558462.26128285 0.02043 26.5 0.0 
2 218 26.3495270800748 1558462.26128285 0.02043 26.5 0.0 
2 249 26.3016073883427 1558462.26128169 0.02043 26.5 0.0 
2 280 26.2536876966105 1558462.26128285 0.02043 26.5 0.0 
2 311 26.2057680048784 1558462.26128285 0.02043 26.5 0.0 
2 342 26.1578483131463 1558462.26128169 0.02043 26.5 0.0 
2 373 26.1099286214142 1558462.26128285 0.02043 26.5 0.0 
2 404 26.062008929682 1558462.26128285 0.02043 26.5 0.0 
2 435 26.0248309935209 859767.421137307 0.02043 26.5 0.0 
2 31 26.0999454969458 900786.691800257 0.02043 26.5 0.0 
2 30 26.0770120413497 1546397.73033443 0.02043 26.5 0.0 
2 29 26.0480283298144 1546397.73033327 0.02043 26.5 0.0 
2 28 26.019044618279 1546397.73033443 0.02043 26.5 0.0 
2 27 25.9900609067437 1546397.73033444 0.02043 26.5 0.0 
2 26 25.9610771952083 1546397.73033443 0.02043 26.5 0.0 
2 25 25.932093483673 1546397.73033327 0.02043 26.5 0.0 
2 24 25.9031097721376 1546397.73033444 0.02043 26.5 0.0 
2 23 25.8741260606022 1546397.73033443 0.02043 26.5 0.0 
2 22 25.8451423490669 1546397.73033444 0.02043 26.5 0.0 
2 21 25.8161586375315 1546397.73033443 0.02043 26.5 0.0 
2 20 25.7871749259962 1546397.73033327 0.02043 26.5 0.0 
2 19 25.7581912144608 1546397.73033444 0.02043 26.5 0.0 
2 18 25.7292075029255 1546397.73033443 0.02043 26.5 0.0 
2 17 25.7002237913901 1546397.73033443 0.02043 26.5 0.0 
2 16 25.6778659678112 839362.119326778 0.02043 26.5 0.0 
2 957 26.8547836059586 793002.980710612 0.02043 26.5 0.0 
2 926 26.8000973766438 1558470.36254446 0.02043 26.5 0.0 
2 895 26.7276093190005 1558470.36254562 0.02043 26.5 0.0 
2 864 26.6551212613572 1558470.36254562 0.02043 26.5 0.0 
2 833 26.5826332037138 1558470.36254446 0.02043 26.5 0.0 
2 802 26.5101451460705 1558470.36254562 0.02043 26.5 0.0 
2 771 26.4376570884271 1558470.36254562 0.02043 26.5 0.0 
2 740 26.3651690307838 1558470.36254562 0.02043 26.5 0.0 
2 709 26.2926809731405 1558470.36254446 0.02043 26.5 0.0 
2 678 26.2201929154971 1558470.36254563 0.02043 26.5 0.0 
2 647 26.1477048578538 1558470.36254562 0.02043 26.5 0.0 
2 616 26.0752168002104 1558470.36254446 0.02043 26.5 0.0 
2 585 26.0027287425671 1558470.36254562 0.02043 26.5 0.0 
2 554 25.9302406849237 1558470.36254562 0.02043 26.5 0.0 
2 523 25.8577526272804 1558470.36254446 0.02043 26.5 0.0 
2 483 25.8052704282616 698231.06914262 0.02043 26.5 0.0 
2 927 26.7280294656107 934462.350052176 0.02043 26.5 0.0 
2 928 26.669701509074 1546373.04399086 0.02043 26.5 0.0 
2 929 26.5969866647792 1546373.04398969 0.02043 26.5 0.0 
2 930 26.5242718204845 1546373.04399086 0.02043 26.5 0.0 
2 931 26.4515569761897 1546373.04399086 0.02043 26.5 0.0 
2 932 26.3788421318949 1546373.04399086 0.02043 26.5 0.0 
2 933 26.3061272876002 1546373.0439897 0.02043 26.5 0.0 
2 934 26.2334124433054 1546373.04399086 0.02043 26.5 0.0 
2 935 26.1606975990106 1546373.04399086 0.02043 26.5 0.0 
2 936 26.0879827547159 1546373.04399086 0.02043 26.5 0.0 
2 937 26.0152679104211 1546373.04399086 0.02043 26.5 0.0 
2 938 25.9425530661263 1546373.0439897 0.02043 26.5 0.0 
2 939 25.8698382218316 1546373.04399086 0.02043 26.5 0.0 
2 940 25.7971233775368 1546373.04399086 0.02043 26.5 0.0 
2 941 25.724408533242 1546373.04399086 0.02043 26.5 0.0 
2 942 25.671444910386 706303.682223875 0.02043 26.5 0.0 
2 435 26.022712378069 698694.840145542 0.02043 26.5 0.0 
2 484 26.0585696036056 1558462.26128169 0.02043 26.5 0.0 
2 524 26.1080851049926 1558462.26128285 0.02043 26.5 0.0 
2 555 26.1576006063796 1558462.26128285 0.02043 26.5 0.0 
2 586 26.2071161077665 1558462.26128169 0.02043 26.5 0.0 
2 617 26.2566316091535 1558462.26128285 0.02043 26.5 0.0 
2 648 26.3061471105405 1558462.26128285 0.02043 26.5 0.0 
2 679 26.3556626119274 1558462.26128169 0.02043 26.5 0.0 
2 710 26.4051781133144 1558462.26128285 0.02043 26.5 0.0 
2 741 26.4546936147014 1558462.26128285 0.02043 26.5 0.0 
2 772 26.5042091160884 1558462.26128285 0.02043 26.5 0.0 
2 803 26.5537246174753 1558462.26128169 0.02043 26.5 0.0 
2 834 26.6032401188623 1558462.26128285 0.02043 26.5 0.0 
2 865 26.6527556202493 1558462.26128285 0.02043 26.5 0.0 
2 896 26.7022711216362 1558462.26128169 0.02043 26.5 0.0 
2 927 26.7385144361648 722998.547333626 0.02043 26.5 0.0 
2 16 25.6855226707285 707035.611006496 0.02043 26.5 0.0 
2 15 25.7349958559848 1546397.73033443 0.02043 26.5 0.0 
2 14 25.8028968850406 1546397.73033444 0.02043 26.5 0.0 
2 13 25.8707979140963 1546397.73033443 0.02043 26.5 0.0 
2 12 25.9386989431521 1546397.73033327 0.02043 26.5 0.0 
2 11 26.0065999722078 1546397.73033444 0.02043 26.5 0.0 
2 10 26.0745010012636 1546397.73033443 0.02043 26.5 0.0 
2 9 26.1424020303194 1546397.73033444 0.02043 26.5 0.0 
2 8 26.2103030593751 1546397.73033443 0.02043 26.5 0.0 
2 7 26.2782040884309 1546397.73033327 0.02043 26.5 0.0 
2 6 26.3461051174866 1546397.73033444 0.02043 26.5 0.0 
2 5 26.4140061465424 1546397.73033443 0.02043 26.5 0.0 
2 4 26.4819071755982 1546397.73033443 0.02043 26.5 0.0 
2 3 26.5498082046539 1546397.73033327 0.02043 26.5 0.0 
2 2 26.6177092337097 1546397.73033443 0.02043 26.5 0.0 
2 1 26.669216970893 799706.562414698 0.02043 26.5 0.0 
2 483 25.7952111586129 860239.293403004 0.02043 26.5 0.0 
2 434 25.8125841925282 1558470.36254563 0.02043 26.5 0.0 
2 403 25.834972459262 1558470.36254562 0.02043 26.5 0.0 
2 372 25.8573607259958 1558470.36254446 0.02043 26.5 0.0 
2 341 25.8797489927296 1558470.36254562 0.02043 26.5 0.0 
2 310 25.9021372594635 1558470.36254562 0.02043 26.5 0.0 
2 279 25.9245255261972 1558470.36254446 0.02043 26.5 0.0 
2 248 25.9469137929311 1558470.36254563 0.02043 26.5 0.0 
2 217 25.9693020596649 1558470.36254562 0.02043 26.5 0.0 
2 186 25.9916903263987 1558470.36254446 0.02043 26.5 0.0 
2 155 26.0140785931325 1558470.36254562 0.02043 26.5 0.0 
2 124 26.0364668598663 1558470.36254562 0.02043 26.5 0.0 
2 93 26.0588551266001 1558470.36254563 0.02043 26.5 0.0 
2 62 26.0812433933339 1558470.36254446 0.02043 26.5 0.0 
2 31 26.1004123117375 1110266.04025697 0.02043 26.5 0.0 
2 942 25.676906990041 840069.361765821 0.02043 26.5 0.0 
2 943 25.739597861151 1546373.04399086 0.02043 26.5 0.0 
2 944 25.8208430426437 1546373.04399086 0.02043 26.5 0.0 
2 945 25.9020882241363 1546373.04399086 0.02043 26.5 0.0 
2 946 25.9833334056289 1546373.0439897 0.02043 26.5 0.0 
2 947 26.0645785871216 1546373.04399086 0.02043 26.5 0.0 
2 948 26.1458237686142 1546373.04399086 0.02043 26.5 0.0 
2 949 26.2270689501069 1546373.04399086 0.02043 26.5 0.0 
2 950 26.3083141315995 1546373.04399086 0.02043 26.5 0.0 
2 951 26.3895593130922 1546373.0439897 0.02043 26.5 0.0 
2 952 26.4708044945848 1546373.04399086 0.02043 26.5 0.0 
2 953 26.5520496760775 1546373.04399086 0.02043 26.5 0.0 
2 954 26.6332948575701 1546373.04399086 0.02043 26.5 0.0 
2 955 26.7145400390627 1546373.0439897 0.02043 26.5 0.0 
2 956 26.7957852205554 1546373.04399086 0.02043 26.5 0.0 
2 957 26.8548168088767 700772.085034537 0.02043 26.5 0.0 
3 1 39.650564942963 838072.934824464 0.024 25.5 0.0 
3 32 39.5864248435285 1558462.26128169 0.024 25.5 0.0 
3 63 39.5030044751851 1558462.26128285 0.024 25.5 0.0 
3 94 39.4195841068416 1558462.26128285 0.024 25.5 0.0 
3 125 39.3361637384982 1558462.26128285 0.024 25.5 0.0 
3 156 39.2527433701548 1558462.26128169 0.024 25.5 0.0 
3 187 39.1693230018114 1558462.26128285 0.024 25.5 0.0 
3 218 39.0859026334679 1558462.26128285 0.024 25.5 0.0 
3 249 39.0024822651245 1558462.26128169 0.024 25.5 0.0 
3 280 38.9190618967811 1558462.26128285 0.024 25.5 0.0 
3 311 38.8356415284377 1558462.26128285 0.024 25.5 0.0 
3 342 38.7522211600943 1558462.26128169 0.024 25.5 0.0 
3 373 38.6688007917508 1558462.26128285 0.024 25.5 0.0 
3 404 38.5853804234074 1558462.26128285 0.024 25.5 0.0 
3 435 38.5206596996985 859767.421137307 0.024 25.5 0.0 
3 31 39.749983063602 900786.691800257 0.024 25.5 0.0 
3 30 39.6533963974489 1546397.73033443 0.024 25.5 0.0 
3 29 39.5313284405197 1546397.73033327 0.024 25.5 0.0 
3 28 39.4092604835904 1546397.73033443 0.024 25.5 0.0 
3 27 39.2871925266611 1546397.73033444 0.024 25.5 0.0 
3 26 39.1651245697318 1546397.73033443 0.024 25.5 0.0 
3 25 39.0430566128025 1546397.73033327 0.024 25.5 0.0 
3 24 38.9209886558733 1546397.73033444 0.024 25.5 0.0 
3 23 38.798920698944 1546397.73033443 0.024 25.5 0.0 
3 22 38.6768527420146 1546397.73033444 0.024 25.5 0.0 
3 21 38.5547847850853 1546397.73033443 0.024 25.5 0.0 
3 20 38.4327168281561 1546397.73033327 0.024 25.5 0.0 
3 19 38.3106488712268 1546397.73033444 0.024 25.5 0.0 
3 18 38.1885809142975 1546397.73033443 0.024 25.5 0.0 
3 17 38.0665129573682 1546397.73033443 0.024 25.5 0.0 
3 16 37.9723506261453 839362.119326778 0.024 25.5 0.0 
3 957 40.1419709836722 793002.980710612 0.024 25.5 0.0 
3 926 40.0559345393663 1558470.36254446 0.024 25.5 0.0 
3 895 39.941890934378 1558470.36254562 0.024 25.5 0.0 
3 864 39.8278473293896 1558470.36254562 0.024 25.5 0.0 
3 833 39.7138037244012 1558470.36254446 0.024 25.5 0.0 
3 802 39.5997601194129 1558470.36254562 0.024 25.5 0.0 
3 771 39.4857165144245 1558470.36254562 0.024 25.5 0.0 
3 740 39.3716729094361 1558470.36254562 0.024 25.5 0.0 
3 709 39.2576293044477 1558470.36254446 0.024 25.5 0.0 
3 678 39.1435856994594 1558470.36254563 0.024 25.5 0.0 
3 647 39.029542094471 1558470.36254562 0.024 25.5 0.0 
3 616 38.9154984894827 1558470.36254446 0.024 25.5 0.0 
3 585 38.8014548844943 1558470.36254562 0.024 25.5 0.0 
3 554 38.6874112795059 1558470.36254562 0.024 25.5 0.0 
3 523 38.5733676745176 1558470.36254446 0.024 25.5 0.0 
3 483 38.4907987746407 698231.06914262 0.024 25.5 0.0 
3 927 40.0228374610448 934462.350052176 0.024 25.5 0.0 
3 928 39.9350529533558 1546373.04399086 0.024 25.5 0.0 
3 929 39.8256159494367 1546373.04398969 0.024 25.5 0.0 
3 930 39.7161789455176 1546373.04399086 0.024 25.5 0.0 
3 931 39.6067419415985 1546373.04399086 0.024 25.5 0.0 
3 932 39.4973049376794 1546373.04399086 0.024 25.5 0.0 
3 933 39.3878679337604 1546373.0439897 0.024 25.5 0.0 
3 934 39.2784309298413 1546373.04399086 0.024 25.5 0.0 
3 935 39.1689939259222 1546373.04399086 0.024 25.5 0.0 
3 936 39.0595569220031 1546373.04399086 0.024 25.5 0.0 
3 937 38.950119918084 1546373.04399086 0.024 25.5 0.0 
3 938 38.8406829141649 1546373.0439897 0.024 25.5 0.0 
3 939 38.7312459102459 1546373.04399086 0.024 25.5 0.0 
3 940 38.6218089063268 1546373.04399086 0.024 25.5 0.0 
3 941 38.5123719024077 1546373.04399086 0.024 25.5 0.0 
3 942 38.4326608027241 706303.682223875 0.024 25.5 0.0 
3 435 38.5210729233217 698694.840145542 0.024 25.5 0.0 
3 484 38.5967441753787 1558462.26128169 0.024 25.5 0.0 
3 524 38.7012391531721 1558462.26128285 0.024 25.5 0.0 
3 555 38.8057341309655 1558462.26128285 0.024 25.5 0.0 
3 586 38.9102291087589 1558462.26128169 0.024 25.5 0.0 
3 617 39.0147240865522 1558462.26128285 0.024 25.5 0.0 
3 648 39.1192190643456 1558462.26128285 0.024 25.5 0.0 
3 679 39.223714042139 1558462.26128169 0.024 25.5 0.0 
3 710 39.3282090199324 1558462.26128285 0.024 25.5 0.0 
3 741 39.4327039977258 1558462.26128285 0.024 25.5 0.0 
3 772 39.5371989755192 1558462.26128285 0.024 25.5 0.0 
3 803 39.6416939533126 1558462.26128169 0.024 25.5 0.0 
3 834 39.7461889311059 1558462.26128285 0.024 25.5 0.0 
3 865 39.8506839088993 1558462.26128285 0.024 25.5 0.0 
3 896 39.9551788866927 1558462.26128169 0.024 25.5 0.0 
3 927 40.0316649211818 722998.547333626 0.024 25.5 0.0 
3 16 37.9656910617604 707035.611006496 0.024 25.5 0.0 
3 15 38.0500512400835 1546397.73033443 0.024 25.5 0.0 
3 14 38.1658340199832 1546397.73033444 0.024 25.5 0.0 
3 13 38.2816167998828 1546397.73033443 0.024 25.5 0.0 
3 12 38.3973995797824 1546397.73033327 0.024 25.5 0.0 
3 11 38.5131823596819 1546397.73033444 0.024 25.5 0.0 
3 10 38.6289651395816 1546397.73033443 0.024 25.5 0.0 
3 9 38.7447479194812 1546397.73033444 0.024 25.5 0.0 
3 8 38.8605306993808 1546397.73033443 0.024 25.5 0.0 
3 7 38.9763134792804 1546397.73033327 0.024 25.5 0.0 
3 6 39.09209625918 1546397.73033444 0.024 25.5 0.0 
3 5 39.2078790390796 1546397.73033443 0.024 25.5 0.0 
3 4 39.3236618189792 1546397.73033443 0.024 25.5 0.0 
3 3 39.4394445988788 1546397.73033327 0.024 25.5 0.0 
3 2 39.5552273787784 1546397.73033443 0.024 25.5 0.0 
3 1 39.643056813477 799706.562414698 0.024 25.5 0.0 
3 483 38.4907966291431 860239.293403004 0.024 25.5 0.0 
3 434 38.56262062307 1558470.36254563 0.024 25.5 0.0 
3 403 38.6551787071537 1558470.36254562 0.024 25.5 0.0 
3 372 38.7477367912374 1558470.36254446 0.024 25.5 0.0 
3 341 38.8402948753211 1558470.36254562 0.024 25.5 0.0 
3 310 38.9328529594048 1558470.36254562 0.024 25.5 0.0 
3 279 39.0254110434885 1558470.36254446 0.024 25.5 0.0 
3 248 39.1179691275722 1558470.36254563 0.024 25.5 0.0 
3 217 39.2105272116559 1558470.36254562 0.024 25.5 0.0 
3 186 39.3030852957396 1558470.36254446 0.024 25.5 0.0 
3 155 39.3956433798233 1558470.36254562 0.024 25.5 0.0 
3 124 39.488201463907 1558470.36254562 0.024 25.5 0.0 
3 93 39.5807595479907 1558470.36254563 0.024 25.5 0.0 
3 62 39.6733176320744 1558470.36254446 0.024 25.5 0.0 
3 31 39.7525662127033 1110266.04025697 0.024 25.5 0.0 
3 942 38.4396066450149 840069.361765821 0.024 25.5 0.0 
3 943 38.5303363526967 1546373.04399086 0.024 25.5 0.0 
3 944 38.6479188880302 1546373.04399086 0.024 25.5 0.0 
3 945 38.7655014233637 1546373.04399086 0.024 25.5 0.0 
3 946 38.8830839586972 1546373.0439897 0.024 25.5 0.0 
3 947 39.0006664940307 1546373.04399086 0.024 25.5 0.0 
3 948 39.1182490293642 1546373.04399086 0.024 25.5 0.0 
3 949 39.2358315646978 1546373.04399086 0.024 25.5 0.0 
3 950 39.3534141000313 1546373.04399086 0.024 25.5 0.0 
3 951 39.4709966353648 1546373.0439897 0.024 25.5 0.0 
3 952 39.5885791706983 1546373.04399086 0.024 25.5 0.0 
3 953 39.7061617060318 1546373.04399086 0.024 25.5 0.0 
3 954 39.8237442413654 1546373.04399086 0.024 25.5 0.0 
3 955 39.9413267766989 1546373.0439897 0.024 25.5 0.0 
3 956 40.0589093120324 1546373.04399086 0.024 25.5 0.0 
3 957 40.1443431025915 700772.085034537 0.024 25.5 0.0 
4 1 41.400658779708 838072.934824464 0.0277 27 0.0 
4 32 41.3427159223527 1558462.26128169 0.0277 27 0.0 
4 63 41.2673556633873 1558462.26128285 0.0277 27 0.0 
4 94 41.1919954044218 1558462.26128285 0.0277 27 0.0 
4 125 41.1166351454564 1558462.26128285 0.0 0.0 0.0 
1 1 0.0 1.0 0.0277 27 0.0 
4 156 41.0412748864909 1558462.26128169 0.0 0.0 0.0 
1 1 0.0 1.0 0.0277 27 0.0 
4 187 40.9659146275255 1558462.26128285 0.0 0.0 0.0 
1 1 0.0 1.0 0.0277 27 0.0 
4 218 40.8905543685601 1558462.26128285 0.0 0.0 0.0 
1 1 0.0 1.0 0.0277 27 0.0 
4 249 40.8151941095947 1558462.26128169 0.0 0.0 0.0 
1 1 0.0 1.0 0.0277 27 0.0 
4 280 40.7398338506293 1558462.26128285 0.0 0.0 0.0 
1 1 0.0 1.0 0.0277 27 0.0 
4 311 40.6644735916638 1558462.26128285 0.0 0.0 0.0 
1 1 0.0 1.0 0.0277 27 0.0 
4 342 40.5891133326984 1558462.26128169 0.0 0.0 0.0 
1 1 0.0 1.0 0.0277 27 0.0 
4 373 40.513753073733 1558462.26128285 0.0 0.0 0.0 
1 1 0.0 1.0 0.0277 27 0.0 
4 404 40.4383928147675 1558462.26128285 0.0 0.0 0.0 
1 1 0.0 1.0 0.0277 27 0.0 
4 435 40.3799254332876 859767.421137307 0.0 0.0 0.0 
1 1 0.0 1.0 0.0277 27 0.0 
4 31 41.4897427405099 900786.691800257 0.0 0.0 0.0 
1 1 0.0 1.0 0.0277 27 0.0 
4 30 41.4189573700251 1546397.73033443 0.0 0.0 0.0 
1 1 0.0 1.0 0.0277 27 0.0 
4 29 41.3294975522292 1546397.73033327 0.0 0.0 0.0 
1 1 0.0 1.0 0.0277 27 0.0 
4 28 41.2400377344333 1546397.73033443 0.0 0.0 0.0 
1 1 0.0 1.0 0.0277 27 0.0 
4 27 41.1505779166374 1546397.73033444 0.0 0.0 0.0 
1 1 0.0 1.0 0.0277 27 0.0 
4 26 41.0611180988415 1546397.73033443 0.0 0.0 0.0 
1 1 0.0 1.0 0.0277 27 0.0 
4 25 40.9716582810456 1546397.73033327 0.0 0.0 0.0 
1 1 0.0 1.0 0.0277 27 0.0 
4 24 40.8821984632497 1546397.73033444 0.0 0.0 0.0 
1 1 0.0 1.0 0.0277 27 0.0 
4 23 40.7927386454538 1546397.73033443 0.0 0.0 0.0 
1 1 0.0 1.0 0.0277 27 0.0 
4 22 40.7032788276579 1546397.73033444 0.0 0.0 0.0 
1 1 0.0 1.0 0.0277 27 0.0 
4 21 40.613819009862 1546397.73033443 0.0 0.0 0.0 
1 1 0.0 1.0 0.0277 27 0.0 
4 20 40.5243591920661 1546397.73033327 0.0 0.0 0.0 
1 1 0.0 1.0 0.0277 27 0.0 
4 19 40.4348993742702 1546397.73033444 0.0 0.0 0.0 
1 1 0.0 1.0 0.0277 27 0.0 
4 18 40.3454395564743 1546397.73033443 0.0 0.0 0.0 
1 1 0.0 1.0 0.0277 27 0.0 
4 17 40.2559797386783 1546397.73033443 0.0 0.0 0.0 
1 1 0.0 1.0 0.0277 27 0.0 
4 16 40.1869710880353 839362.119326778 0.0 0.0 0.0 
1 1 0.0 1.0 0.0277 27 0.0 
4 957 41.7304080674497 793002.980710612 0.0 0.0 0.0 
1 1 0.0 1.0 0.0277 27 0.0 
4 926 41.6671874860862 1558470.36254446 0.0 0.0 0.0 
1 1 0.0 1.0 0.0277 27 0.0 
4 895 41.5833869168469 1558470.36254562 0.0 0.0 0.0 
1 1 0.0 1.0 0.0277 27 0.0 
4 864 41.4995863476076 1558470.36254562 0.0 0.0 0.0 
1 1 0.0 1.0 0.0277 27 0.0 
4 833 41.4157857783683 1558470.36254446 0.0 0.0 0.0 
1 1 0.0 1.0 0.0277 27 0.0 
4 802 41.331985209129 1558470.36254562 0.0 0.0 0.0 
1 1 0.0 1.0 0.0277 27 0.0 
4 771 41.2481846398897 1558470.36254562 0.0 0.0 0.0 
1 1 0.0 1.0 0.0277 27 0.0 
4 740 41.1643840706504 1558470.36254562 0.0 0.0 0.0 
1 1 0.0 1.0 0.0277 27 0.0 
4 709 41.0805835014111 1558470.36254446 0.0 0.0 0.0 
1 1 0.0 1.0 0.0277 27 0.0 
4 678 40.9967829321718 1558470.36254563 0.0 0.0 0.0 
1 1 0.0 1.0 0.0277 27 0.0 
4 647 40.9129823629325 1558470.36254562 0.0 0.0 0.0 
1 1 0.0 1.0 0.0277 27 0.0 
4 616 40.8291817936932 1558470.36254446 0.0 0.0 0.0 
1 1 0.0 1.0 0.0277 27 0.0 
4 585 40.7453812244539 1558470.36254562 0.0 0.0 0.0 
1 1 0.0 1.0 0.0277 27 0.0 
4 554 40.6615806552146 1558470.36254562 0.0 0.0 0.0 
1 1 0.0 1.0 0.0277 27 0.0 
4 523 40.5777800859753 1558470.36254446 0.0 0.0 0.0 
1 1 0.0 1.0 0.0277 27 0.0 
4 483 40.5171074966456 698231.06914262 0.0 0.0 0.0 
1 1 0.0 1.0 0.0277 27 0.0 
4 927 41.6093810091482 934462.350052176 0.0 0.0 0.0 
1 1 0.0 1.0 0.0277 27 0.0 
4 928 41.5449356699442 1546373.04399086 0.0 0.0 0.0 
1 1 0.0 1.0 0.0277 27 0.0 
4 929 41.4645945593691 1546373.04398969 0.0 0.0 0.0 
1 1 0.0 1.0 0.0277 27 0.0 
4 930 41.3842534487939 1546373.04399086 0.0 0.0 0.0 
1 1 0.0 1.0 0.0277 27 0.0 
4 931 41.3039123382187 1546373.04399086 0.0 0.0 0.0 
1 1 0.0 1.0 0.0277 27 0.0 
4 932 41.2235712276435 1546373.04399086 0.0 0.0 0.0 
1 1 0.0 1.0 0.0277 27 0.0 
4 933 41.1432301170684 1546373.0439897 0.0 0.0 0.0 
1 1 0.0 1.0 0.0277 27 0.0 
4 934 41.0628890064932 1546373.04399086 0.0 0.0 0.0 
1 1 0.0 1.0 0.0277 27 0.0 
4 935 40.982547895918 1546373.04399086 0.0 0.0 0.0 
1 1 0.0 1.0 0.0277 27 0.0 
4 936 40.9022067853429 1546373.04399086 0.0 0.0 0.0 
1 1 0.0 1.0 0.0277 27 0.0 
4 937 40.8218656747677 1546373.04399086 0.0 0.0 0.0 
1 1 0.0 1.0 0.0277 27 0.0 
4 938 40.7415245641925 1546373.0439897 0.0 0.0 0.0 
1 1 0.0 1.0 0.0277 27 0.0 
4 939 40.6611834536174 1546373.04399086 0.0 0.0 0.0 
1 1 0.0 1.0 0.0277 27 0.0 
4 940 40.5808423430422 1546373.04399086 0.0 0.0 0.0 
1 1 0.0 1.0 0.0277 27 0.0 
4 941 40.500501232467 1546373.04399086 0.0 0.0 0.0 
1 1 0.0 1.0 0.0277 27 0.0 
4 942 40.4419828333478 706303.682223875 0.0 0.0 0.0 
1 1 0.0 1.0 0.0277 27 0.0 
4 435 40.3782967990816 698694.840145542 0.0 0.0 0.0 
1 1 0.0 1.0 0.0277 27 0.0 
4 484 40.4401893560554 1558462.26128169 0.0 0.0 0.0 
1 1 0.0 1.0 0.0277 27 0.0 
4 524 40.5256572344205 1558462.26128285 0.0 0.0 0.0 
1 1 0.0 1.0 0.0277 27 0.0 
4 555 40.6111251127857 1558462.26128285 0.0 0.0 0.0 
1 1 0.0 1.0 0.0277 27 0.0 
4 586 40.6965929911509 1558462.26128169 0.0 0.0 0.0 
1 1 0.0 1.0 0.0277 27 0.0 
4 617 40.7820608695161 1558462.26128285 0.0 0.0 0.0 
1 1 0.0 1.0 0.0277 27 0.0 
4 648 40.8675287478813 1558462.26128285 0.0 0.0 0.0 
1 1 0.0 1.0 0.0277 27 0.0 
4 679 40.9529966262465 1558462.26128169 0.0 0.0 0.0 
1 1 0.0 1.0 0.0277 27 0.0 
4 710 41.0384645046116 1558462.26128285 0.0 0.0 0.0 
1 1 0.0 1.0 0.0277 27 0.0 
4 741 41.1239323829769 1558462.26128285 0.0 0.0 0.0 
1 1 0.0 1.0 0.0277 27 0.0 
4 772 41.2094002613421 1558462.26128285 0.0 0.0 0.0 
1 1 0.0 1.0 0.0277 27 0.0 
4 803 41.2948681397072 1558462.26128169 0.0 0.0 0.0 
1 1 0.0 1.0 0.0277 27 0.0 
4 834 41.3803360180724 1558462.26128285 0.0 0.0 0.0 
1 1 0.0 1.0 0.0277 27 0.0 
4 865 41.4658038964376 1558462.26128285 0.0 0.0 0.0 
1 1 0.0 1.0 0.0277 27 0.0 
4 896 41.5512717748028 1558462.26128169 0.0 0.0 0.0 
1 1 0.0 1.0 0.0277 27 0.0 
4 927 41.6138307535249 722998.547333626 0.0 0.0 0.0 
1 1 0.0 1.0 0.0277 27 0.0 
4 16 40.1819012100632 707035.611006496 0.0 0.0 0.0 
1 1 0.0 1.0 0.0277 27 0.0 
4 15 40.2431228704736 1546397.73033443 0.0 0.0 0.0 
1 1 0.0 1.0 0.0277 27 0.0 
4 14 40.3271484637485 1546397.73033444 0.0 0.0 0.0 
1 1 0.0 1.0 0.0277 27 0.0 
4 13 40.4111740570235 1546397.73033443 0.0 0.0 0.0 
1 1 0.0 1.0 0.0277 27 0.0 
4 12 40.4951996502985 1546397.73033327 0.0 0.0 0.0 
1 1 0.0 1.0 0.0277 27 0.0 
4 11 40.5792252435734 1546397.73033444 0.0 0.0 0.0 
1 1 0.0 1.0 0.0277 27 0.0 
4 10 40.6632508368484 1546397.73033443 0.0 0.0 0.0 
1 1 0.0 1.0 0.0277 27 0.0 
4 9 40.7472764301234 1546397.73033444 0.0 0.0 0.0 
1 1 0.0 1.0 0.0277 27 0.0 
4 8 40.8313020233984 1546397.73033443 0.0 0.0 0.0 
1 1 0.0 1.0 0.0277 27 0.0 
4 7 40.9153276166733 1546397.73033327 0.0 0.0 0.0 
1 1 0.0 1.0 0.0277 27 0.0 
4 6 40.9993532099483 1546397.73033444 0.0 0.0 0.0 
1 1 0.0 1.0 0.0277 27 0.0 
4 5 41.0833788032233 1546397.73033443 0.0 0.0 0.0 
1 1 0.0 1.0 0.0277 27 0.0 
4 4 41.1674043964982 1546397.73033443 0.0 0.0 0.0 
1 1 0.0 1.0 0.0277 27 0.0 
4 3 41.2514299897732 1546397.73033327 0.0 0.0 0.0 
1 1 0.0 1.0 0.0277 27 0.0 
4 2 41.3354555830481 1546397.73033443 0.0 0.0 0.0 
1 1 0.0 1.0 0.0277 27 0.0 
4 1 41.3991949436331 799706.562414698 0.0 0.0 0.0 
1 1 0.0 1.0 0.0277 27 0.0 
4 483 40.5180211399451 860239.293403004 0.0 0.0 0.0 
1 1 0.0 1.0 0.0277 27 0.0 
4 434 40.573371544074 1558470.36254563 0.0 0.0 0.0 
1 1 0.0 1.0 0.0277 27 0.0 
4 403 40.6447004563126 1558470.36254562 0.0 0.0 0.0 
1 1 0.0 1.0 0.0277 27 0.0 
4 372 40.7160293685511 1558470.36254446 0.0 0.0 0.0 
1 1 0.0 1.0 0.0277 27 0.0 
4 341 40.7873582807896 1558470.36254562 0.0 0.0 0.0 
1 1 0.0 1.0 0.0277 27 0.0 
4 310 40.8586871930281 1558470.36254562 0.0 0.0 0.0 
1 1 0.0 1.0 0.0277 27 0.0 
4 279 40.9300161052667 1558470.36254446 0.0 0.0 0.0 
1 1 0.0 1.0 0.0277 27 0.0 
4 248 41.0013450175052 1558470.36254563 0.0 0.0 0.0 
1 1 0.0 1.0 0.0277 27 0.0 
4 217 41.0726739297437 1558470.36254562 0.0 0.0 0.0 
1 1 0.0 1.0 0.0277 27 0.0 
4 186 41.1440028419822 1558470.36254446 0.0 0.0 0.0 
1 1 0.0 1.0 0.0277 27 0.0 
4 155 41.2153317542207 1558470.36254562 0.0 0.0 0.0 
1 1 0.0 1.0 0.0277 27 0.0 
4 124 41.2866606664593 1558470.36254562 0.0 0.0 0.0 
1 1 0.0 1.0 0.0277 27 0.0 
4 93 41.3579895786978 1558470.36254563 0.0 0.0 0.0 
1 1 0.0 1.0 0.0277 27 0.0 
4 62 41.4293184909363 1558470.36254446 0.0 0.0 0.0 
1 1 0.0 1.0 0.0277 27 0.0 
4 31 41.4903905745762 1110266.04025697 0.0 0.0 0.0 
1 1 0.0 1.0 0.0277 27 0.0 
4 942 40.4476903468152 840069.361765821 0.0 0.0 0.0 
1 1 0.0 1.0 0.0277 27 0.0 
4 943 40.5160260430765 1546373.04399086 0.0 0.0 0.0 
1 1 0.0 1.0 0.0277 27 0.0 
4 944 40.6045867210011 1546373.04399086 0.0 0.0 0.0 
1 1 0.0 1.0 0.0277 27 0.0 
4 945 40.6931473989256 1546373.04399086 0.0 0.0 0.0 
1 1 0.0 1.0 0.0277 27 0.0 
4 946 40.7817080768502 1546373.0439897 0.0 0.0 0.0 
1 1 0.0 1.0 0.0277 27 0.0 
4 947 40.8702687547747 1546373.04399086 0.0 0.0 0.0 
1 1 0.0 1.0 0.0277 27 0.0 
4 948 40.9588294326993 1546373.04399086 0.0 0.0 0.0 
1 1 0.0 1.0 0.0277 27 0.0 
4 949 41.0473901106238 1546373.04399086 0.0 0.0 0.0 
1 1 0.0 1.0 0.0277 27 0.0 
4 950 41.1359507885484 1546373.04399086 0.0 0.0 0.0 
1 1 0.0 1.0 0.0277 27 0.0 
4 951 41.2245114664729 1546373.0439897 0.0 0.0 0.0 
1 1 0.0 1.0 0.0277 27 0.0 
4 952 41.3130721443975 1546373.04399086 0.0 0.0 0.0 
1 1 0.0 1.0 0.0277 27 0.0 
4 953 41.401632822322 1546373.04399086 0.0 0.0 0.0 
1 1 0.0 1.0 0.0277 27 0.0 
4 954 41.4901935002466 1546373.04399086 0.0 0.0 0.0 
1 1 0.0 1.0 0.0277 27 0.0 
4 955 41.5787541781711 1546373.0439897 0.0 0.0 0.0 
1 1 0.0 1.0 0.0277 27 0.0 
4 956 41.6673148560956 1546373.04399086 0.0 0.0 0.0 
1 1 0.0 1.0 0.0277 27 0.0 
4 957 41.7316617796257 700772.085034537 0.0 0.0 0.0 
1 1 0.0 1.0 0.0277 27 0.0 
