1 1 15.2372496916667 0.0 0.0 0.0 
1 2 15.2372496916667 0.0 0.0 0.0 
1 3 15.2372496916667 0.0 0.0 0.0 
1 4 15.2372496916667 0.0 0.0 0.0 
1 5 15.2372496916667 0.0 0.0 0.0 
1 6 15.2372496916667 0.0 0.0 0.0 
1 7 15.2372496916667 0.0 0.0 0.0 
1 8 15.2372496916667 0.0 0.0 0.0 
1 9 15.2372496916667 0.0 0.0 0.0 
1 10 15.2372496916667 0.0 0.0 0.0 
1 11 15.2372496916667 0.0 0.0 0.0 
1 12 15.2372496916667 0.0 0.0 0.0 
1 13 15.2372496916667 0.0 0.0 0.0 
1 14 15.2372496916667 0.0 0.0 0.0 
1 15 15.2372496916667 0.0 0.0 0.0 
1 16 15.2372496916667 0.0 0.0 0.0 
1 17 15.2372496916667 0.0 0.0 0.0 
1 18 15.2372496916667 0.0 0.0 0.0 
1 19 15.2372496916667 0.0 0.0 0.0 
1 20 15.2372496916667 0.0 0.0 0.0 
1 21 15.2372496916667 0.0 0.0 0.0 
1 22 15.2372496916667 0.0 0.0 0.0 
1 23 15.2372496916667 0.0 0.0 0.0 
1 24 15.2372496916667 0.0 0.0 0.0 
1 25 15.2372496916667 0.0 0.0 0.0 
1 26 15.2372496916667 0.0 0.0 0.0 
1 27 15.2372496916667 0.0 0.0 0.0 
1 28 15.2372496916667 0.0 0.0 0.0 
1 29 15.2372496916667 0.0 0.0 0.0 
1 30 15.2372496916667 0.0 0.0 0.0 
1 31 15.2372496916667 0.0 0.0 0.0 
1 32 15.2372496916667 0.0 0.0 0.0 
1 33 15.2372496916667 0.0 0.0 0.0 
1 34 15.2372496916667 0.0 0.0 0.0 
1 35 15.2372496916667 0.0 0.0 0.0 
1 36 15.2372496916667 0.0 0.0 0.0 
1 37 15.2372496916667 0.0 0.0 0.0 
1 38 15.2372496916667 0.0 0.0 0.0 
1 39 15.2372496916667 0.0 0.0 0.0 
1 40 15.2372496916667 0.0 0.0 0.0 
1 41 15.2372496916667 0.0 0.0 0.0 
1 42 15.2372496916667 0.0 0.0 0.0 
1 43 15.2372496916667 0.0 0.0 0.0 
1 44 15.2372496916667 0.0 0.0 0.0 
1 45 15.2372496916667 0.0 0.0 0.0 
1 46 15.2372496916667 0.0 0.0 0.0 
1 47 15.2372496916667 0.0 0.0 0.0 
1 48 15.2372496916667 0.0 0.0 0.0 
1 49 15.2372496916667 0.0 0.0 0.0 
1 50 15.2372496916667 0.0 0.0 0.0 
1 51 15.2372496916667 0.0 0.0 0.0 
1 52 15.2372496916667 0.0 0.0 0.0 
1 53 15.2372496916667 0.0 0.0 0.0 
1 54 15.2372496916667 0.0 0.0 0.0 
1 55 15.2372496916667 0.0 0.0 0.0 
1 56 15.2372496916667 0.0 0.0 0.0 
1 57 15.2372496916667 0.0 0.0 0.0 
1 58 15.2372496916667 0.0 0.0 0.0 
1 59 15.2372496916667 0.0 0.0 0.0 
1 60 15.2372496916667 0.0 0.0 0.0 
1 61 15.2372496916667 0.0 0.0 0.0 
1 62 15.2372496916667 0.0 0.0 0.0 
1 63 15.2372496916667 0.0 0.0 0.0 
1 64 15.2372496916667 0.0 0.0 0.0 
1 65 15.2372496916667 0.0 0.0 0.0 
1 66 15.2372496916667 0.0 0.0 0.0 
1 67 15.2372496916667 0.0 0.0 0.0 
1 68 15.2372496916667 0.0 0.0 0.0 
1 69 15.2372496916667 0.0 0.0 0.0 
1 70 15.2372496916667 0.0 0.0 0.0 
1 71 15.2372496916667 0.0 0.0 0.0 
1 72 15.2372496916667 0.0 0.0 0.0 
1 73 15.2372496916667 0.0 0.0 0.0 
1 74 15.2372496916667 0.0 0.0 0.0 
1 75 15.2372496916667 0.0 0.0 0.0 
1 76 15.2372496916667 0.0 0.0 0.0 
1 77 15.2372496916667 0.0 0.0 0.0 
1 78 15.2372496916667 0.0 0.0 0.0 
1 79 15.2372496916667 0.0 0.0 0.0 
1 80 15.2372496916667 0.0 0.0 0.0 
1 81 15.2372496916667 0.0 0.0 0.0 
1 82 15.2372496916667 0.0 0.0 0.0 
1 83 15.2372496916667 0.0 0.0 0.0 
1 84 15.2372496916667 0.0 0.0 0.0 
1 85 15.2372496916667 0.0 0.0 0.0 
1 86 15.2372496916667 0.0 0.0 0.0 
1 87 15.2372496916667 0.0 0.0 0.0 
1 88 15.2372496916667 0.0 0.0 0.0 
1 89 15.2372496916667 0.0 0.0 0.0 
1 90 15.2372496916667 0.0 0.0 0.0 
1 91 15.2372496916667 0.0 0.0 0.0 
1 92 15.2372496916667 0.0 0.0 0.0 
1 93 15.2372496916667 0.0 0.0 0.0 
1 94 15.2372496916667 0.0 0.0 0.0 
1 95 15.2372496916667 0.0 0.0 0.0 
1 96 15.2372496916667 0.0 0.0 0.0 
1 97 15.2372496916667 0.0 0.0 0.0 
1 98 15.2372496916667 0.0 0.0 0.0 
1 99 15.2372496916667 0.0 0.0 0.0 
1 100 15.2372496916667 0.0 0.0 0.0 
1 101 15.2372496916667 0.0 0.0 0.0 
1 102 15.2372496916667 0.0 0.0 0.0 
1 103 15.2372496916667 0.0 0.0 0.0 
1 104 15.2372496916667 0.0 0.0 0.0 
1 105 15.2372496916667 0.0 0.0 0.0 
1 106 15.2372496916667 0.0 0.0 0.0 
1 107 15.2372496916667 0.0 0.0 0.0 
1 108 15.2372496916667 0.0 0.0 0.0 
1 109 15.2372496916667 0.0 0.0 0.0 
1 110 15.2372496916667 0.0 0.0 0.0 
1 111 15.2372496916667 0.0 0.0 0.0 
1 112 15.2372496916667 0.0 0.0 0.0 
1 113 15.2372496916667 0.0 0.0 0.0 
1 114 15.2372496916667 0.0 0.0 0.0 
1 115 15.2372496916667 0.0 0.0 0.0 
1 116 15.2372496916667 0.0 0.0 0.0 
1 117 15.2372496916667 0.0 0.0 0.0 
1 118 15.2372496916667 0.0 0.0 0.0 
1 119 15.2372496916667 0.0 0.0 0.0 
1 120 15.2372496916667 0.0 0.0 0.0 
1 121 15.2372496916667 0.0 0.0 0.0 
1 122 15.2372496916667 0.0 0.0 0.0 
1 123 15.2372496916667 0.0 0.0 0.0 
1 124 15.2372496916667 0.0 0.0 0.0 
1 125 15.2372496916667 0.0 0.0 0.0 
1 126 15.2372496916667 0.0 0.0 0.0 
1 127 15.2372496916667 0.0 0.0 0.0 
1 128 15.2372496916667 0.0 0.0 0.0 
1 129 15.2372496916667 0.0 0.0 0.0 
1 130 15.2372496916667 0.0 0.0 0.0 
1 131 15.2372496916667 0.0 0.0 0.0 
1 132 15.2372496916667 0.0 0.0 0.0 
1 133 15.2372496916667 0.0 0.0 0.0 
1 134 15.2372496916667 0.0 0.0 0.0 
1 135 15.2372496916667 0.0 0.0 0.0 
1 136 15.2372496916667 0.0 0.0 0.0 
1 137 15.2372496916667 0.0 0.0 0.0 
1 138 15.2372496916667 0.0 0.0 0.0 
1 139 15.2372496916667 0.0 0.0 0.0 
1 140 15.2372496916667 0.0 0.0 0.0 
1 141 15.2372496916667 0.0 0.0 0.0 
1 142 15.2372496916667 0.0 0.0 0.0 
1 143 15.2372496916667 0.0 0.0 0.0 
1 144 15.2372496916667 0.0 0.0 0.0 
1 145 15.2372496916667 0.0 0.0 0.0 
1 146 15.2372496916667 0.0 0.0 0.0 
1 147 15.2372496916667 0.0 0.0 0.0 
1 148 15.2372496916667 0.0 0.0 0.0 
1 149 15.2372496916667 0.0 0.0 0.0 
1 150 15.2372496916667 0.0 0.0 0.0 
1 151 15.2372496916667 0.0 0.0 0.0 
1 152 15.2372496916667 0.0 0.0 0.0 
1 153 15.2372496916667 0.0 0.0 0.0 
1 154 15.2372496916667 0.0 0.0 0.0 
1 155 15.2372496916667 0.0 0.0 0.0 
1 156 15.2372496916667 0.0 0.0 0.0 
1 157 15.2372496916667 0.0 0.0 0.0 
1 158 15.2372496916667 0.0 0.0 0.0 
1 159 15.2372496916667 0.0 0.0 0.0 
1 160 15.2372496916667 0.0 0.0 0.0 
1 161 15.2372496916667 0.0 0.0 0.0 
1 162 15.2372496916667 0.0 0.0 0.0 
1 163 15.2372496916667 0.0 0.0 0.0 
1 164 15.2372496916667 0.0 0.0 0.0 
1 165 15.2372496916667 0.0 0.0 0.0 
1 166 15.2372496916667 0.0 0.0 0.0 
1 167 15.2372496916667 0.0 0.0 0.0 
1 168 15.2372496916667 0.0 0.0 0.0 
1 169 15.2372496916667 0.0 0.0 0.0 
1 170 15.2372496916667 0.0 0.0 0.0 
1 171 15.2372496916667 0.0 0.0 0.0 
1 172 15.2372496916667 0.0 0.0 0.0 
1 173 15.2372496916667 0.0 0.0 0.0 
1 174 15.2372496916667 0.0 0.0 0.0 
1 175 15.2372496916667 0.0 0.0 0.0 
1 176 15.2372496916667 0.0 0.0 0.0 
1 177 15.2372496916667 0.0 0.0 0.0 
1 178 15.2372496916667 0.0 0.0 0.0 
1 179 15.2372496916667 0.0 0.0 0.0 
1 180 15.2372496916667 0.0 0.0 0.0 
1 181 15.2372496916667 0.0 0.0 0.0 
1 182 15.2372496916667 0.0 0.0 0.0 
1 183 15.2372496916667 0.0 0.0 0.0 
1 184 15.2372496916667 0.0 0.0 0.0 
1 185 15.2372496916667 0.0 0.0 0.0 
1 186 15.2372496916667 0.0 0.0 0.0 
1 187 15.2372496916667 0.0 0.0 0.0 
1 188 15.2372496916667 0.0 0.0 0.0 
1 189 15.2372496916667 0.0 0.0 0.0 
1 190 15.2372496916667 0.0 0.0 0.0 
1 191 15.2372496916667 0.0 0.0 0.0 
1 192 15.2372496916667 0.0 0.0 0.0 
1 193 15.2372496916667 0.0 0.0 0.0 
1 194 15.2372496916667 0.0 0.0 0.0 
1 195 15.2372496916667 0.0 0.0 0.0 
1 196 15.2372496916667 0.0 0.0 0.0 
1 197 15.2372496916667 0.0 0.0 0.0 
1 198 15.2372496916667 0.0 0.0 0.0 
1 199 15.2372496916667 0.0 0.0 0.0 
1 200 15.2372496916667 0.0 0.0 0.0 
1 201 15.2372496916667 0.0 0.0 0.0 
1 202 15.2372496916667 0.0 0.0 0.0 
1 203 15.2372496916667 0.0 0.0 0.0 
1 204 15.2372496916667 0.0 0.0 0.0 
1 205 15.2372496916667 0.0 0.0 0.0 
1 206 15.2372496916667 0.0 0.0 0.0 
1 207 15.2372496916667 0.0 0.0 0.0 
1 208 15.2372496916667 0.0 0.0 0.0 
1 209 15.2372496916667 0.0 0.0 0.0 
1 210 15.2372496916667 0.0 0.0 0.0 
1 211 15.2372496916667 0.0 0.0 0.0 
1 212 15.2372496916667 0.0 0.0 0.0 
1 213 15.2372496916667 0.0 0.0 0.0 
1 214 15.2372496916667 0.0 0.0 0.0 
1 215 15.2372496916667 0.0 0.0 0.0 
1 216 15.2372496916667 0.0 0.0 0.0 
1 217 15.2372496916667 0.0 0.0 0.0 
1 218 15.2372496916667 0.0 0.0 0.0 
1 219 15.2372496916667 0.0 0.0 0.0 
1 220 15.2372496916667 0.0 0.0 0.0 
1 221 15.2372496916667 0.0 0.0 0.0 
1 222 15.2372496916667 0.0 0.0 0.0 
1 223 15.2372496916667 0.0 0.0 0.0 
1 224 15.2372496916667 0.0 0.0 0.0 
1 225 15.2372496916667 0.0 0.0 0.0 
1 226 15.2372496916667 0.0 0.0 0.0 
1 227 15.2372496916667 0.0 0.0 0.0 
1 228 15.2372496916667 0.0 0.0 0.0 
1 229 15.2372496916667 0.0 0.0 0.0 
1 230 15.2372496916667 0.0 0.0 0.0 
1 231 15.2372496916667 0.0 0.0 0.0 
1 232 15.2372496916667 0.0 0.0 0.0 
1 233 15.2372496916667 0.0 0.0 0.0 
1 234 15.2372496916667 0.0 0.0 0.0 
1 235 15.2372496916667 0.0 0.0 0.0 
1 236 15.2372496916667 0.0 0.0 0.0 
1 237 15.2372496916667 0.0 0.0 0.0 
1 238 15.2372496916667 0.0 0.0 0.0 
1 239 15.2372496916667 0.0 0.0 0.0 
1 240 15.2372496916667 0.0 0.0 0.0 
1 241 15.2372496916667 0.0 0.0 0.0 
1 242 15.2372496916667 0.0 0.0 0.0 
1 243 15.2372496916667 0.0 0.0 0.0 
1 244 15.2372496916667 0.0 0.0 0.0 
1 245 15.2372496916667 0.0 0.0 0.0 
1 246 15.2372496916667 0.0 0.0 0.0 
1 247 15.2372496916667 0.0 0.0 0.0 
1 248 15.2372496916667 0.0 0.0 0.0 
1 249 15.2372496916667 0.0 0.0 0.0 
1 250 15.2372496916667 0.0 0.0 0.0 
1 251 15.2372496916667 0.0 0.0 0.0 
1 252 15.2372496916667 0.0 0.0 0.0 
1 253 15.2372496916667 0.0 0.0 0.0 
1 254 15.2372496916667 0.0 0.0 0.0 
1 255 15.2372496916667 0.0 0.0 0.0 
1 256 15.2372496916667 0.0 0.0 0.0 
1 257 15.2372496916667 0.0 0.0 0.0 
1 258 15.2372496916667 0.0 0.0 0.0 
1 259 15.2372496916667 0.0 0.0 0.0 
1 260 15.2372496916667 0.0 0.0 0.0 
1 261 15.2372496916667 0.0 0.0 0.0 
1 262 15.2372496916667 0.0 0.0 0.0 
1 263 15.2372496916667 0.0 0.0 0.0 
1 264 15.2372496916667 0.0 0.0 0.0 
1 265 15.2372496916667 0.0 0.0 0.0 
1 266 15.2372496916667 0.0 0.0 0.0 
1 267 15.2372496916667 0.0 0.0 0.0 
1 268 15.2372496916667 0.0 0.0 0.0 
1 269 15.2372496916667 0.0 0.0 0.0 
1 270 15.2372496916667 0.0 0.0 0.0 
1 271 15.2372496916667 0.0 0.0 0.0 
1 272 15.2372496916667 0.0 0.0 0.0 
1 273 15.2372496916667 0.0 0.0 0.0 
1 274 15.2372496916667 0.0 0.0 0.0 
1 275 15.2372496916667 0.0 0.0 0.0 
1 276 15.2372496916667 0.0 0.0 0.0 
1 277 15.2372496916667 0.0 0.0 0.0 
1 278 15.2372496916667 0.0 0.0 0.0 
1 279 15.2372496916667 0.0 0.0 0.0 
1 280 15.2372496916667 0.0 0.0 0.0 
1 281 15.2372496916667 0.0 0.0 0.0 
1 282 15.2372496916667 0.0 0.0 0.0 
1 283 15.2372496916667 0.0 0.0 0.0 
1 284 15.2372496916667 0.0 0.0 0.0 
1 285 15.2372496916667 0.0 0.0 0.0 
1 286 15.2372496916667 0.0 0.0 0.0 
1 287 15.2372496916667 0.0 0.0 0.0 
1 288 15.2372496916667 0.0 0.0 0.0 
1 289 15.2372496916667 0.0 0.0 0.0 
1 290 15.2372496916667 0.0 0.0 0.0 
1 291 15.2372496916667 0.0 0.0 0.0 
1 292 15.2372496916667 0.0 0.0 0.0 
1 293 15.2372496916667 0.0 0.0 0.0 
1 294 15.2372496916667 0.0 0.0 0.0 
1 295 15.2372496916667 0.0 0.0 0.0 
1 296 15.2372496916667 0.0 0.0 0.0 
1 297 15.2372496916667 0.0 0.0 0.0 
1 298 15.2372496916667 0.0 0.0 0.0 
1 299 15.2372496916667 0.0 0.0 0.0 
1 300 15.2372496916667 0.0 0.0 0.0 
1 301 15.2372496916667 0.0 0.0 0.0 
1 302 15.2372496916667 0.0 0.0 0.0 
1 303 15.2372496916667 0.0 0.0 0.0 
1 304 15.2372496916667 0.0 0.0 0.0 
1 305 15.2372496916667 0.0 0.0 0.0 
1 306 15.2372496916667 0.0 0.0 0.0 
1 307 15.2372496916667 0.0 0.0 0.0 
1 308 15.2372496916667 0.0 0.0 0.0 
1 309 15.2372496916667 0.0 0.0 0.0 
1 310 15.2372496916667 0.0 0.0 0.0 
1 311 15.2372496916667 0.0 0.0 0.0 
1 312 15.2372496916667 0.0 0.0 0.0 
1 313 15.2372496916667 0.0 0.0 0.0 
1 314 15.2372496916667 0.0 0.0 0.0 
1 315 15.2372496916667 0.0 0.0 0.0 
1 316 15.2372496916667 0.0 0.0 0.0 
1 317 15.2372496916667 0.0 0.0 0.0 
1 318 15.2372496916667 0.0 0.0 0.0 
1 319 15.2372496916667 0.0 0.0 0.0 
1 320 15.2372496916667 0.0 0.0 0.0 
1 321 15.2372496916667 0.0 0.0 0.0 
1 322 15.2372496916667 0.0 0.0 0.0 
1 323 15.2372496916667 0.0 0.0 0.0 
1 324 15.2372496916667 0.0 0.0 0.0 
1 325 15.2372496916667 0.0 0.0 0.0 
1 326 15.2372496916667 0.0 0.0 0.0 
1 327 15.2372496916667 0.0 0.0 0.0 
1 328 15.2372496916667 0.0 0.0 0.0 
1 329 15.2372496916667 0.0 0.0 0.0 
1 330 15.2372496916667 0.0 0.0 0.0 
1 331 15.2372496916667 0.0 0.0 0.0 
1 332 15.2372496916667 0.0 0.0 0.0 
1 333 15.2372496916667 0.0 0.0 0.0 
1 334 15.2372496916667 0.0 0.0 0.0 
1 335 15.2372496916667 0.0 0.0 0.0 
1 336 15.2372496916667 0.0 0.0 0.0 
1 337 15.2372496916667 0.0 0.0 0.0 
1 338 15.2372496916667 0.0 0.0 0.0 
1 339 15.2372496916667 0.0 0.0 0.0 
1 340 15.2372496916667 0.0 0.0 0.0 
1 341 15.2372496916667 0.0 0.0 0.0 
1 342 15.2372496916667 0.0 0.0 0.0 
1 343 15.2372496916667 0.0 0.0 0.0 
1 344 15.2372496916667 0.0 0.0 0.0 
1 345 15.2372496916667 0.0 0.0 0.0 
1 346 15.2372496916667 0.0 0.0 0.0 
1 347 15.2372496916667 0.0 0.0 0.0 
1 348 15.2372496916667 0.0 0.0 0.0 
1 349 15.2372496916667 0.0 0.0 0.0 
1 350 15.2372496916667 0.0 0.0 0.0 
1 351 15.2372496916667 0.0 0.0 0.0 
1 352 15.2372496916667 0.0 0.0 0.0 
1 353 15.2372496916667 0.0 0.0 0.0 
1 354 15.2372496916667 0.0 0.0 0.0 
1 355 15.2372496916667 0.0 0.0 0.0 
1 356 15.2372496916667 0.0 0.0 0.0 
1 357 15.2372496916667 0.0 0.0 0.0 
1 358 15.2372496916667 0.0 0.0 0.0 
1 359 15.2372496916667 0.0 0.0 0.0 
1 360 15.2372496916667 0.0 0.0 0.0 
1 361 15.2372496916667 0.0 0.0 0.0 
1 362 15.2372496916667 0.0 0.0 0.0 
1 363 15.2372496916667 0.0 0.0 0.0 
1 364 15.2372496916667 0.0 0.0 0.0 
1 365 15.2372496916667 0.0 0.0 0.0 
1 366 15.2372496916667 0.0 0.0 0.0 
1 367 15.2372496916667 0.0 0.0 0.0 
1 368 15.2372496916667 0.0 0.0 0.0 
1 369 15.2372496916667 0.0 0.0 0.0 
1 370 15.2372496916667 0.0 0.0 0.0 
1 371 15.2372496916667 0.0 0.0 0.0 
1 372 15.2372496916667 0.0 0.0 0.0 
1 373 15.2372496916667 0.0 0.0 0.0 
1 374 15.2372496916667 0.0 0.0 0.0 
1 375 15.2372496916667 0.0 0.0 0.0 
1 376 15.2372496916667 0.0 0.0 0.0 
1 377 15.2372496916667 0.0 0.0 0.0 
1 378 15.2372496916667 0.0 0.0 0.0 
1 379 15.2372496916667 0.0 0.0 0.0 
1 380 15.2372496916667 0.0 0.0 0.0 
1 381 15.2372496916667 0.0 0.0 0.0 
1 382 15.2372496916667 0.0 0.0 0.0 
1 383 15.2372496916667 0.0 0.0 0.0 
1 384 15.2372496916667 0.0 0.0 0.0 
1 385 15.2372496916667 0.0 0.0 0.0 
1 386 15.2372496916667 0.0 0.0 0.0 
1 387 15.2372496916667 0.0 0.0 0.0 
1 388 15.2372496916667 0.0 0.0 0.0 
1 389 15.2372496916667 0.0 0.0 0.0 
1 390 15.2372496916667 0.0 0.0 0.0 
1 391 15.2372496916667 0.0 0.0 0.0 
1 392 15.2372496916667 0.0 0.0 0.0 
1 393 15.2372496916667 0.0 0.0 0.0 
1 394 15.2372496916667 0.0 0.0 0.0 
1 395 15.2372496916667 0.0 0.0 0.0 
1 396 15.2372496916667 0.0 0.0 0.0 
1 397 15.2372496916667 0.0 0.0 0.0 
1 398 15.2372496916667 0.0 0.0 0.0 
1 399 15.2372496916667 0.0 0.0 0.0 
1 400 15.2372496916667 0.0 0.0 0.0 
1 401 15.2372496916667 0.0 0.0 0.0 
1 402 15.2372496916667 0.0 0.0 0.0 
1 403 15.2372496916667 0.0 0.0 0.0 
1 404 15.2372496916667 0.0 0.0 0.0 
1 405 15.2372496916667 0.0 0.0 0.0 
1 406 15.2372496916667 0.0 0.0 0.0 
1 407 15.2372496916667 0.0 0.0 0.0 
1 408 15.2372496916667 0.0 0.0 0.0 
1 409 15.2372496916667 0.0 0.0 0.0 
1 410 15.2372496916667 0.0 0.0 0.0 
1 411 15.2372496916667 0.0 0.0 0.0 
1 412 15.2372496916667 0.0 0.0 0.0 
1 413 15.2372496916667 0.0 0.0 0.0 
1 414 15.2372496916667 0.0 0.0 0.0 
1 415 15.2372496916667 0.0 0.0 0.0 
1 416 15.2372496916667 0.0 0.0 0.0 
1 417 15.2372496916667 0.0 0.0 0.0 
1 418 15.2372496916667 0.0 0.0 0.0 
1 419 15.2372496916667 0.0 0.0 0.0 
1 420 15.2372496916667 0.0 0.0 0.0 
1 421 15.2372496916667 0.0 0.0 0.0 
1 422 15.2372496916667 0.0 0.0 0.0 
1 423 15.2372496916667 0.0 0.0 0.0 
1 424 15.2372496916667 0.0 0.0 0.0 
1 425 15.2372496916667 0.0 0.0 0.0 
1 426 15.2372496916667 0.0 0.0 0.0 
1 427 15.2372496916667 0.0 0.0 0.0 
1 428 15.2372496916667 0.0 0.0 0.0 
1 429 15.2372496916667 0.0 0.0 0.0 
1 430 15.2372496916667 0.0 0.0 0.0 
1 431 15.2372496916667 0.0 0.0 0.0 
1 432 15.2372496916667 0.0 0.0 0.0 
1 433 15.2372496916667 0.0 0.0 0.0 
1 434 15.2372496916667 0.0 0.0 0.0 
1 435 15.2372496916667 0.0 0.0 0.0 
1 436 15.2372496916667 0.0 0.0 0.0 
1 437 15.2372496916667 0.0 0.0 0.0 
1 438 15.2372496916667 0.0 0.0 0.0 
1 439 15.2372496916667 0.0 0.0 0.0 
1 440 15.2372496916667 0.0 0.0 0.0 
1 441 15.2372496916667 0.0 0.0 0.0 
1 442 15.2372496916667 0.0 0.0 0.0 
1 443 15.2372496916667 0.0 0.0 0.0 
1 444 15.2372496916667 0.0 0.0 0.0 
1 445 15.2372496916667 0.0 0.0 0.0 
1 446 15.2372496916667 0.0 0.0 0.0 
1 447 15.2372496916667 0.0 0.0 0.0 
1 448 15.2372496916667 0.0 0.0 0.0 
1 449 15.2372496916667 0.0 0.0 0.0 
1 450 15.2372496916667 0.0 0.0 0.0 
1 451 15.2372496916667 0.0 0.0 0.0 
1 452 15.2372496916667 0.0 0.0 0.0 
1 453 15.2372496916667 0.0 0.0 0.0 
1 454 15.2372496916667 0.0 0.0 0.0 
1 455 15.2372496916667 0.0 0.0 0.0 
1 456 15.2372496916667 0.0 0.0 0.0 
1 457 15.2372496916667 0.0 0.0 0.0 
1 458 15.2372496916667 0.0 0.0 0.0 
1 459 15.2372496916667 0.0 0.0 0.0 
1 460 15.2372496916667 0.0 0.0 0.0 
1 461 15.2372496916667 0.0 0.0 0.0 
1 462 15.2372496916667 0.0 0.0 0.0 
1 463 15.2372496916667 0.0 0.0 0.0 
1 464 15.2372496916667 0.0 0.0 0.0 
1 465 15.2372496916667 0.0 0.0 0.0 
1 466 15.2372496916667 0.0 0.0 0.0 
1 467 15.2372496916667 0.0 0.0 0.0 
1 468 15.2372496916667 0.0 0.0 0.0 
1 469 15.2372496916667 0.0 0.0 0.0 
1 470 15.2372496916667 0.0 0.0 0.0 
1 471 15.2372496916667 0.0 0.0 0.0 
1 472 15.2372496916667 0.0 0.0 0.0 
1 473 15.2372496916667 0.0 0.0 0.0 
1 474 15.2372496916667 0.0 0.0 0.0 
1 475 15.2372496916667 0.0 0.0 0.0 
1 476 15.2372496916667 0.0 0.0 0.0 
1 477 15.2372496916667 0.0 0.0 0.0 
1 478 15.2372496916667 0.0 0.0 0.0 
1 479 15.2372496916667 0.0 0.0 0.0 
1 480 15.2372496916667 0.0 0.0 0.0 
1 481 15.2372496916667 0.0 0.0 0.0 
1 482 15.2372496916667 0.0 0.0 0.0 
1 483 15.2372496916667 0.0 0.0 0.0 
1 484 15.2372496916667 0.0 0.0 0.0 
1 485 15.2372496916667 0.0 0.0 0.0 
1 486 15.2372496916667 0.0 0.0 0.0 
1 487 15.2372496916667 0.0 0.0 0.0 
1 488 15.2372496916667 0.0 0.0 0.0 
1 489 15.2372496916667 0.0 0.0 0.0 
1 490 15.2372496916667 0.0 0.0 0.0 
1 491 15.2372496916667 0.0 0.0 0.0 
1 492 15.2372496916667 0.0 0.0 0.0 
1 493 15.2372496916667 0.0 0.0 0.0 
1 494 15.2372496916667 0.0 0.0 0.0 
1 495 15.2372496916667 0.0 0.0 0.0 
1 496 15.2372496916667 0.0 0.0 0.0 
1 497 15.2372496916667 0.0 0.0 0.0 
1 498 15.2372496916667 0.0 0.0 0.0 
1 499 15.2372496916667 0.0 0.0 0.0 
1 500 15.2372496916667 0.0 0.0 0.0 
1 501 15.2372496916667 0.0 0.0 0.0 
1 502 15.2372496916667 0.0 0.0 0.0 
1 503 15.2372496916667 0.0 0.0 0.0 
1 504 15.2372496916667 0.0 0.0 0.0 
1 505 15.2372496916667 0.0 0.0 0.0 
1 506 15.2372496916667 0.0 0.0 0.0 
1 507 15.2372496916667 0.0 0.0 0.0 
1 508 15.2372496916667 0.0 0.0 0.0 
1 509 15.2372496916667 0.0 0.0 0.0 
1 510 15.2372496916667 0.0 0.0 0.0 
1 511 15.2372496916667 0.0 0.0 0.0 
1 512 15.2372496916667 0.0 0.0 0.0 
1 513 15.2372496916667 0.0 0.0 0.0 
1 514 15.2372496916667 0.0 0.0 0.0 
1 515 15.2372496916667 0.0 0.0 0.0 
1 516 15.2372496916667 0.0 0.0 0.0 
1 517 15.2372496916667 0.0 0.0 0.0 
1 518 15.2372496916667 0.0 0.0 0.0 
1 519 15.2372496916667 0.0 0.0 0.0 
1 520 15.2372496916667 0.0 0.0 0.0 
1 521 15.2372496916667 0.0 0.0 0.0 
1 522 15.2372496916667 0.0 0.0 0.0 
1 523 15.2372496916667 0.0 0.0 0.0 
1 524 15.2372496916667 0.0 0.0 0.0 
1 525 15.2372496916667 0.0 0.0 0.0 
1 526 15.2372496916667 0.0 0.0 0.0 
1 527 15.2372496916667 0.0 0.0 0.0 
1 528 15.2372496916667 0.0 0.0 0.0 
1 529 15.2372496916667 0.0 0.0 0.0 
1 530 15.2372496916667 0.0 0.0 0.0 
1 531 15.2372496916667 0.0 0.0 0.0 
1 532 15.2372496916667 0.0 0.0 0.0 
1 533 15.2372496916667 0.0 0.0 0.0 
1 534 15.2372496916667 0.0 0.0 0.0 
1 535 15.2372496916667 0.0 0.0 0.0 
1 536 15.2372496916667 0.0 0.0 0.0 
1 537 15.2372496916667 0.0 0.0 0.0 
1 538 15.2372496916667 0.0 0.0 0.0 
1 539 15.2372496916667 0.0 0.0 0.0 
1 540 15.2372496916667 0.0 0.0 0.0 
1 541 15.2372496916667 0.0 0.0 0.0 
1 542 15.2372496916667 0.0 0.0 0.0 
1 543 15.2372496916667 0.0 0.0 0.0 
1 544 15.2372496916667 0.0 0.0 0.0 
1 545 15.2372496916667 0.0 0.0 0.0 
1 546 15.2372496916667 0.0 0.0 0.0 
1 547 15.2372496916667 0.0 0.0 0.0 
1 548 15.2372496916667 0.0 0.0 0.0 
1 549 15.2372496916667 0.0 0.0 0.0 
1 550 15.2372496916667 0.0 0.0 0.0 
1 551 15.2372496916667 0.0 0.0 0.0 
1 552 15.2372496916667 0.0 0.0 0.0 
1 553 15.2372496916667 0.0 0.0 0.0 
1 554 15.2372496916667 0.0 0.0 0.0 
1 555 15.2372496916667 0.0 0.0 0.0 
1 556 15.2372496916667 0.0 0.0 0.0 
1 557 15.2372496916667 0.0 0.0 0.0 
1 558 15.2372496916667 0.0 0.0 0.0 
1 559 15.2372496916667 0.0 0.0 0.0 
1 560 15.2372496916667 0.0 0.0 0.0 
1 561 15.2372496916667 0.0 0.0 0.0 
1 562 15.2372496916667 0.0 0.0 0.0 
1 563 15.2372496916667 0.0 0.0 0.0 
1 564 15.2372496916667 0.0 0.0 0.0 
1 565 15.2372496916667 0.0 0.0 0.0 
1 566 15.2372496916667 0.0 0.0 0.0 
1 567 15.2372496916667 0.0 0.0 0.0 
1 568 15.2372496916667 0.0 0.0 0.0 
1 569 15.2372496916667 0.0 0.0 0.0 
1 570 15.2372496916667 0.0 0.0 0.0 
1 571 15.2372496916667 0.0 0.0 0.0 
1 572 15.2372496916667 0.0 0.0 0.0 
1 573 15.2372496916667 0.0 0.0 0.0 
1 574 15.2372496916667 0.0 0.0 0.0 
1 575 15.2372496916667 0.0 0.0 0.0 
1 576 15.2372496916667 0.0 0.0 0.0 
1 577 15.2372496916667 0.0 0.0 0.0 
1 578 15.2372496916667 0.0 0.0 0.0 
1 579 15.2372496916667 0.0 0.0 0.0 
1 580 15.2372496916667 0.0 0.0 0.0 
1 581 15.2372496916667 0.0 0.0 0.0 
1 582 15.2372496916667 0.0 0.0 0.0 
1 583 15.2372496916667 0.0 0.0 0.0 
1 584 15.2372496916667 0.0 0.0 0.0 
1 585 15.2372496916667 0.0 0.0 0.0 
1 586 15.2372496916667 0.0 0.0 0.0 
1 587 15.2372496916667 0.0 0.0 0.0 
1 588 15.2372496916667 0.0 0.0 0.0 
1 589 15.2372496916667 0.0 0.0 0.0 
1 590 15.2372496916667 0.0 0.0 0.0 
1 591 15.2372496916667 0.0 0.0 0.0 
1 592 15.2372496916667 0.0 0.0 0.0 
1 593 15.2372496916667 0.0 0.0 0.0 
1 594 15.2372496916667 0.0 0.0 0.0 
1 595 15.2372496916667 0.0 0.0 0.0 
1 596 15.2372496916667 0.0 0.0 0.0 
1 597 15.2372496916667 0.0 0.0 0.0 
1 598 15.2372496916667 0.0 0.0 0.0 
1 599 15.2372496916667 0.0 0.0 0.0 
1 600 15.2372496916667 0.0 0.0 0.0 
1 601 15.2372496916667 0.0 0.0 0.0 
1 602 15.2372496916667 0.0 0.0 0.0 
1 603 15.2372496916667 0.0 0.0 0.0 
1 604 15.2372496916667 0.0 0.0 0.0 
1 605 15.2372496916667 0.0 0.0 0.0 
1 606 15.2372496916667 0.0 0.0 0.0 
1 607 15.2372496916667 0.0 0.0 0.0 
1 608 15.2372496916667 0.0 0.0 0.0 
1 609 15.2372496916667 0.0 0.0 0.0 
1 610 15.2372496916667 0.0 0.0 0.0 
1 611 15.2372496916667 0.0 0.0 0.0 
1 612 15.2372496916667 0.0 0.0 0.0 
1 613 15.2372496916667 0.0 0.0 0.0 
1 614 15.2372496916667 0.0 0.0 0.0 
1 615 15.2372496916667 0.0 0.0 0.0 
1 616 15.2372496916667 0.0 0.0 0.0 
1 617 15.2372496916667 0.0 0.0 0.0 
1 618 15.2372496916667 0.0 0.0 0.0 
1 619 15.2372496916667 0.0 0.0 0.0 
1 620 15.2372496916667 0.0 0.0 0.0 
1 621 15.2372496916667 0.0 0.0 0.0 
1 622 15.2372496916667 0.0 0.0 0.0 
1 623 15.2372496916667 0.0 0.0 0.0 
1 624 15.2372496916667 0.0 0.0 0.0 
1 625 15.2372496916667 0.0 0.0 0.0 
1 626 15.2372496916667 0.0 0.0 0.0 
1 627 15.2372496916667 0.0 0.0 0.0 
1 628 15.2372496916667 0.0 0.0 0.0 
1 629 15.2372496916667 0.0 0.0 0.0 
1 630 15.2372496916667 0.0 0.0 0.0 
1 631 15.2372496916667 0.0 0.0 0.0 
1 632 15.2372496916667 0.0 0.0 0.0 
1 633 15.2372496916667 0.0 0.0 0.0 
1 634 15.2372496916667 0.0 0.0 0.0 
1 635 15.2372496916667 0.0 0.0 0.0 
1 636 15.2372496916667 0.0 0.0 0.0 
1 637 15.2372496916667 0.0 0.0 0.0 
1 638 15.2372496916667 0.0 0.0 0.0 
1 639 15.2372496916667 0.0 0.0 0.0 
1 640 15.2372496916667 0.0 0.0 0.0 
1 641 15.2372496916667 0.0 0.0 0.0 
1 642 15.2372496916667 0.0 0.0 0.0 
1 643 15.2372496916667 0.0 0.0 0.0 
1 644 15.2372496916667 0.0 0.0 0.0 
1 645 15.2372496916667 0.0 0.0 0.0 
1 646 15.2372496916667 0.0 0.0 0.0 
1 647 15.2372496916667 0.0 0.0 0.0 
1 648 15.2372496916667 0.0 0.0 0.0 
1 649 15.2372496916667 0.0 0.0 0.0 
1 650 15.2372496916667 0.0 0.0 0.0 
1 651 15.2372496916667 0.0 0.0 0.0 
1 652 15.2372496916667 0.0 0.0 0.0 
1 653 15.2372496916667 0.0 0.0 0.0 
1 654 15.2372496916667 0.0 0.0 0.0 
1 655 15.2372496916667 0.0 0.0 0.0 
1 656 15.2372496916667 0.0 0.0 0.0 
1 657 15.2372496916667 0.0 0.0 0.0 
1 658 15.2372496916667 0.0 0.0 0.0 
1 659 15.2372496916667 0.0 0.0 0.0 
1 660 15.2372496916667 0.0 0.0 0.0 
1 661 15.2372496916667 0.0 0.0 0.0 
1 662 15.2372496916667 0.0 0.0 0.0 
1 663 15.2372496916667 0.0 0.0 0.0 
1 664 15.2372496916667 0.0 0.0 0.0 
1 665 15.2372496916667 0.0 0.0 0.0 
1 666 15.2372496916667 0.0 0.0 0.0 
1 667 15.2372496916667 0.0 0.0 0.0 
1 668 15.2372496916667 0.0 0.0 0.0 
1 669 15.2372496916667 0.0 0.0 0.0 
1 670 15.2372496916667 0.0 0.0 0.0 
1 671 15.2372496916667 0.0 0.0 0.0 
1 672 15.2372496916667 0.0 0.0 0.0 
1 673 15.2372496916667 0.0 0.0 0.0 
1 674 15.2372496916667 0.0 0.0 0.0 
1 675 15.2372496916667 0.0 0.0 0.0 
1 676 15.2372496916667 0.0 0.0 0.0 
1 677 15.2372496916667 0.0 0.0 0.0 
1 678 15.2372496916667 0.0 0.0 0.0 
1 679 15.2372496916667 0.0 0.0 0.0 
1 680 15.2372496916667 0.0 0.0 0.0 
1 681 15.2372496916667 0.0 0.0 0.0 
1 682 15.2372496916667 0.0 0.0 0.0 
1 683 15.2372496916667 0.0 0.0 0.0 
1 684 15.2372496916667 0.0 0.0 0.0 
1 685 15.2372496916667 0.0 0.0 0.0 
1 686 15.2372496916667 0.0 0.0 0.0 
1 687 15.2372496916667 0.0 0.0 0.0 
1 688 15.2372496916667 0.0 0.0 0.0 
1 689 15.2372496916667 0.0 0.0 0.0 
1 690 15.2372496916667 0.0 0.0 0.0 
1 691 15.2372496916667 0.0 0.0 0.0 
1 692 15.2372496916667 0.0 0.0 0.0 
1 693 15.2372496916667 0.0 0.0 0.0 
1 694 15.2372496916667 0.0 0.0 0.0 
1 695 15.2372496916667 0.0 0.0 0.0 
1 696 15.2372496916667 0.0 0.0 0.0 
1 697 15.2372496916667 0.0 0.0 0.0 
1 698 15.2372496916667 0.0 0.0 0.0 
1 699 15.2372496916667 0.0 0.0 0.0 
1 700 15.2372496916667 0.0 0.0 0.0 
1 701 15.2372496916667 0.0 0.0 0.0 
1 702 15.2372496916667 0.0 0.0 0.0 
1 703 15.2372496916667 0.0 0.0 0.0 
1 704 15.2372496916667 0.0 0.0 0.0 
1 705 15.2372496916667 0.0 0.0 0.0 
1 706 15.2372496916667 0.0 0.0 0.0 
1 707 15.2372496916667 0.0 0.0 0.0 
1 708 15.2372496916667 0.0 0.0 0.0 
1 709 15.2372496916667 0.0 0.0 0.0 
1 710 15.2372496916667 0.0 0.0 0.0 
1 711 15.2372496916667 0.0 0.0 0.0 
1 712 15.2372496916667 0.0 0.0 0.0 
1 713 15.2372496916667 0.0 0.0 0.0 
1 714 15.2372496916667 0.0 0.0 0.0 
1 715 15.2372496916667 0.0 0.0 0.0 
1 716 15.2372496916667 0.0 0.0 0.0 
1 717 15.2372496916667 0.0 0.0 0.0 
1 718 15.2372496916667 0.0 0.0 0.0 
1 719 15.2372496916667 0.0 0.0 0.0 
1 720 15.2372496916667 0.0 0.0 0.0 
1 721 15.2372496916667 0.0 0.0 0.0 
1 722 15.2372496916667 0.0 0.0 0.0 
1 723 15.2372496916667 0.0 0.0 0.0 
1 724 15.2372496916667 0.0 0.0 0.0 
1 725 15.2372496916667 0.0 0.0 0.0 
1 726 15.2372496916667 0.0 0.0 0.0 
1 727 15.2372496916667 0.0 0.0 0.0 
1 728 15.2372496916667 0.0 0.0 0.0 
1 729 15.2372496916667 0.0 0.0 0.0 
1 730 15.2372496916667 0.0 0.0 0.0 
1 731 15.2372496916667 0.0 0.0 0.0 
1 732 15.2372496916667 0.0 0.0 0.0 
1 733 15.2372496916667 0.0 0.0 0.0 
1 734 15.2372496916667 0.0 0.0 0.0 
1 735 15.2372496916667 0.0 0.0 0.0 
1 736 15.2372496916667 0.0 0.0 0.0 
1 737 15.2372496916667 0.0 0.0 0.0 
1 738 15.2372496916667 0.0 0.0 0.0 
1 739 15.2372496916667 0.0 0.0 0.0 
1 740 15.2372496916667 0.0 0.0 0.0 
1 741 15.2372496916667 0.0 0.0 0.0 
1 742 15.2372496916667 0.0 0.0 0.0 
1 743 15.2372496916667 0.0 0.0 0.0 
1 744 15.2372496916667 0.0 0.0 0.0 
1 745 15.2372496916667 0.0 0.0 0.0 
1 746 15.2372496916667 0.0 0.0 0.0 
1 747 15.2372496916667 0.0 0.0 0.0 
1 748 15.2372496916667 0.0 0.0 0.0 
1 749 15.2372496916667 0.0 0.0 0.0 
1 750 15.2372496916667 0.0 0.0 0.0 
1 751 15.2372496916667 0.0 0.0 0.0 
1 752 15.2372496916667 0.0 0.0 0.0 
1 753 15.2372496916667 0.0 0.0 0.0 
1 754 15.2372496916667 0.0 0.0 0.0 
1 755 15.2372496916667 0.0 0.0 0.0 
1 756 15.2372496916667 0.0 0.0 0.0 
1 757 15.2372496916667 0.0 0.0 0.0 
1 758 15.2372496916667 0.0 0.0 0.0 
1 759 15.2372496916667 0.0 0.0 0.0 
1 760 15.2372496916667 0.0 0.0 0.0 
1 761 15.2372496916667 0.0 0.0 0.0 
1 762 15.2372496916667 0.0 0.0 0.0 
1 763 15.2372496916667 0.0 0.0 0.0 
1 764 15.2372496916667 0.0 0.0 0.0 
1 765 15.2372496916667 0.0 0.0 0.0 
1 766 15.2372496916667 0.0 0.0 0.0 
1 767 15.2372496916667 0.0 0.0 0.0 
1 768 15.2372496916667 0.0 0.0 0.0 
1 769 15.2372496916667 0.0 0.0 0.0 
1 770 15.2372496916667 0.0 0.0 0.0 
1 771 15.2372496916667 0.0 0.0 0.0 
1 772 15.2372496916667 0.0 0.0 0.0 
1 773 15.2372496916667 0.0 0.0 0.0 
1 774 15.2372496916667 0.0 0.0 0.0 
1 775 15.2372496916667 0.0 0.0 0.0 
1 776 15.2372496916667 0.0 0.0 0.0 
1 777 15.2372496916667 0.0 0.0 0.0 
1 778 15.2372496916667 0.0 0.0 0.0 
1 779 15.2372496916667 0.0 0.0 0.0 
1 780 15.2372496916667 0.0 0.0 0.0 
1 781 15.2372496916667 0.0 0.0 0.0 
1 782 15.2372496916667 0.0 0.0 0.0 
1 783 15.2372496916667 0.0 0.0 0.0 
1 784 15.2372496916667 0.0 0.0 0.0 
1 785 15.2372496916667 0.0 0.0 0.0 
1 786 15.2372496916667 0.0 0.0 0.0 
1 787 15.2372496916667 0.0 0.0 0.0 
1 788 15.2372496916667 0.0 0.0 0.0 
1 789 15.2372496916667 0.0 0.0 0.0 
1 790 15.2372496916667 0.0 0.0 0.0 
1 791 15.2372496916667 0.0 0.0 0.0 
1 792 15.2372496916667 0.0 0.0 0.0 
1 793 15.2372496916667 0.0 0.0 0.0 
1 794 15.2372496916667 0.0 0.0 0.0 
1 795 15.2372496916667 0.0 0.0 0.0 
1 796 15.2372496916667 0.0 0.0 0.0 
1 797 15.2372496916667 0.0 0.0 0.0 
1 798 15.2372496916667 0.0 0.0 0.0 
1 799 15.2372496916667 0.0 0.0 0.0 
1 800 15.2372496916667 0.0 0.0 0.0 
1 801 15.2372496916667 0.0 0.0 0.0 
1 802 15.2372496916667 0.0 0.0 0.0 
1 803 15.2372496916667 0.0 0.0 0.0 
1 804 15.2372496916667 0.0 0.0 0.0 
1 805 15.2372496916667 0.0 0.0 0.0 
1 806 15.2372496916667 0.0 0.0 0.0 
1 807 15.2372496916667 0.0 0.0 0.0 
1 808 15.2372496916667 0.0 0.0 0.0 
1 809 15.2372496916667 0.0 0.0 0.0 
1 810 15.2372496916667 0.0 0.0 0.0 
1 811 15.2372496916667 0.0 0.0 0.0 
1 812 15.2372496916667 0.0 0.0 0.0 
1 813 15.2372496916667 0.0 0.0 0.0 
1 814 15.2372496916667 0.0 0.0 0.0 
1 815 15.2372496916667 0.0 0.0 0.0 
1 816 15.2372496916667 0.0 0.0 0.0 
1 817 15.2372496916667 0.0 0.0 0.0 
1 818 15.2372496916667 0.0 0.0 0.0 
1 819 15.2372496916667 0.0 0.0 0.0 
1 820 15.2372496916667 0.0 0.0 0.0 
1 821 15.2372496916667 0.0 0.0 0.0 
1 822 15.2372496916667 0.0 0.0 0.0 
1 823 15.2372496916667 0.0 0.0 0.0 
1 824 15.2372496916667 0.0 0.0 0.0 
1 825 15.2372496916667 0.0 0.0 0.0 
1 826 15.2372496916667 0.0 0.0 0.0 
1 827 15.2372496916667 0.0 0.0 0.0 
1 828 15.2372496916667 0.0 0.0 0.0 
1 829 15.2372496916667 0.0 0.0 0.0 
1 830 15.2372496916667 0.0 0.0 0.0 
1 831 15.2372496916667 0.0 0.0 0.0 
1 832 15.2372496916667 0.0 0.0 0.0 
1 833 15.2372496916667 0.0 0.0 0.0 
1 834 15.2372496916667 0.0 0.0 0.0 
1 835 15.2372496916667 0.0 0.0 0.0 
1 836 15.2372496916667 0.0 0.0 0.0 
1 837 15.2372496916667 0.0 0.0 0.0 
1 838 15.2372496916667 0.0 0.0 0.0 
1 839 15.2372496916667 0.0 0.0 0.0 
1 840 15.2372496916667 0.0 0.0 0.0 
1 841 15.2372496916667 0.0 0.0 0.0 
1 842 15.2372496916667 0.0 0.0 0.0 
1 843 15.2372496916667 0.0 0.0 0.0 
1 844 15.2372496916667 0.0 0.0 0.0 
1 845 15.2372496916667 0.0 0.0 0.0 
1 846 15.2372496916667 0.0 0.0 0.0 
1 847 15.2372496916667 0.0 0.0 0.0 
1 848 15.2372496916667 0.0 0.0 0.0 
1 849 15.2372496916667 0.0 0.0 0.0 
1 850 15.2372496916667 0.0 0.0 0.0 
1 851 15.2372496916667 0.0 0.0 0.0 
1 852 15.2372496916667 0.0 0.0 0.0 
1 853 15.2372496916667 0.0 0.0 0.0 
1 854 15.2372496916667 0.0 0.0 0.0 
1 855 15.2372496916667 0.0 0.0 0.0 
1 856 15.2372496916667 0.0 0.0 0.0 
1 857 15.2372496916667 0.0 0.0 0.0 
1 858 15.2372496916667 0.0 0.0 0.0 
1 859 15.2372496916667 0.0 0.0 0.0 
1 860 15.2372496916667 0.0 0.0 0.0 
1 861 15.2372496916667 0.0 0.0 0.0 
1 862 15.2372496916667 0.0 0.0 0.0 
1 863 15.2372496916667 0.0 0.0 0.0 
1 864 15.2372496916667 0.0 0.0 0.0 
1 865 15.2372496916667 0.0 0.0 0.0 
1 866 15.2372496916667 0.0 0.0 0.0 
1 867 15.2372496916667 0.0 0.0 0.0 
1 868 15.2372496916667 0.0 0.0 0.0 
1 869 15.2372496916667 0.0 0.0 0.0 
1 870 15.2372496916667 0.0 0.0 0.0 
1 871 15.2372496916667 0.0 0.0 0.0 
1 872 15.2372496916667 0.0 0.0 0.0 
1 873 15.2372496916667 0.0 0.0 0.0 
1 874 15.2372496916667 0.0 0.0 0.0 
1 875 15.2372496916667 0.0 0.0 0.0 
1 876 15.2372496916667 0.0 0.0 0.0 
1 877 15.2372496916667 0.0 0.0 0.0 
1 878 15.2372496916667 0.0 0.0 0.0 
1 879 15.2372496916667 0.0 0.0 0.0 
1 880 15.2372496916667 0.0 0.0 0.0 
1 881 15.2372496916667 0.0 0.0 0.0 
1 882 15.2372496916667 0.0 0.0 0.0 
1 883 15.2372496916667 0.0 0.0 0.0 
1 884 15.2372496916667 0.0 0.0 0.0 
1 885 15.2372496916667 0.0 0.0 0.0 
1 886 15.2372496916667 0.0 0.0 0.0 
1 887 15.2372496916667 0.0 0.0 0.0 
1 888 15.2372496916667 0.0 0.0 0.0 
1 889 15.2372496916667 0.0 0.0 0.0 
1 890 15.2372496916667 0.0 0.0 0.0 
1 891 15.2372496916667 0.0 0.0 0.0 
1 892 15.2372496916667 0.0 0.0 0.0 
1 893 15.2372496916667 0.0 0.0 0.0 
1 894 15.2372496916667 0.0 0.0 0.0 
1 895 15.2372496916667 0.0 0.0 0.0 
1 896 15.2372496916667 0.0 0.0 0.0 
1 897 15.2372496916667 0.0 0.0 0.0 
1 898 15.2372496916667 0.0 0.0 0.0 
1 899 15.2372496916667 0.0 0.0 0.0 
1 900 15.2372496916667 0.0 0.0 0.0 
1 901 15.2372496916667 0.0 0.0 0.0 
1 902 15.2372496916667 0.0 0.0 0.0 
1 903 15.2372496916667 0.0 0.0 0.0 
1 904 15.2372496916667 0.0 0.0 0.0 
1 905 15.2372496916667 0.0 0.0 0.0 
1 906 15.2372496916667 0.0 0.0 0.0 
1 907 15.2372496916667 0.0 0.0 0.0 
1 908 15.2372496916667 0.0 0.0 0.0 
1 909 15.2372496916667 0.0 0.0 0.0 
1 910 15.2372496916667 0.0 0.0 0.0 
1 911 15.2372496916667 0.0 0.0 0.0 
1 912 15.2372496916667 0.0 0.0 0.0 
1 913 15.2372496916667 0.0 0.0 0.0 
1 914 15.2372496916667 0.0 0.0 0.0 
1 915 15.2372496916667 0.0 0.0 0.0 
1 916 15.2372496916667 0.0 0.0 0.0 
1 917 15.2372496916667 0.0 0.0 0.0 
1 918 15.2372496916667 0.0 0.0 0.0 
1 919 15.2372496916667 0.0 0.0 0.0 
1 920 15.2372496916667 0.0 0.0 0.0 
1 921 15.2372496916667 0.0 0.0 0.0 
1 922 15.2372496916667 0.0 0.0 0.0 
1 923 15.2372496916667 0.0 0.0 0.0 
1 924 15.2372496916667 0.0 0.0 0.0 
1 925 15.2372496916667 0.0 0.0 0.0 
1 926 15.2372496916667 0.0 0.0 0.0 
1 927 15.2372496916667 0.0 0.0 0.0 
1 928 15.2372496916667 0.0 0.0 0.0 
1 929 15.2372496916667 0.0 0.0 0.0 
1 930 15.2372496916667 0.0 0.0 0.0 
1 931 15.2372496916667 0.0 0.0 0.0 
1 932 15.2372496916667 0.0 0.0 0.0 
1 933 15.2372496916667 0.0 0.0 0.0 
1 934 15.2372496916667 0.0 0.0 0.0 
1 935 15.2372496916667 0.0 0.0 0.0 
1 936 15.2372496916667 0.0 0.0 0.0 
1 937 15.2372496916667 0.0 0.0 0.0 
1 938 15.2372496916667 0.0 0.0 0.0 
1 939 15.2372496916667 0.0 0.0 0.0 
1 940 15.2372496916667 0.0 0.0 0.0 
1 941 15.2372496916667 0.0 0.0 0.0 
1 942 15.2372496916667 0.0 0.0 0.0 
1 943 15.2372496916667 0.0 0.0 0.0 
1 944 15.2372496916667 0.0 0.0 0.0 
1 945 15.2372496916667 0.0 0.0 0.0 
1 946 15.2372496916667 0.0 0.0 0.0 
1 947 15.2372496916667 0.0 0.0 0.0 
1 948 15.2372496916667 0.0 0.0 0.0 
1 949 15.2372496916667 0.0 0.0 0.0 
1 950 15.2372496916667 0.0 0.0 0.0 
1 951 15.2372496916667 0.0 0.0 0.0 
1 952 15.2372496916667 0.0 0.0 0.0 
1 953 15.2372496916667 0.0 0.0 0.0 
1 954 15.2372496916667 0.0 0.0 0.0 
1 955 15.2372496916667 0.0 0.0 0.0 
1 956 15.2372496916667 0.0 0.0 0.0 
1 957 15.2372496916667 0.0 0.0 0.0 
5 1 45.676324845 0.0 0.0 0.0 
5 2 45.676324845 0.0 0.0 0.0 
5 3 45.676324845 0.0 0.0 0.0 
5 4 45.676324845 0.0 0.0 0.0 
5 5 45.676324845 0.0 0.0 0.0 
5 6 45.676324845 0.0 0.0 0.0 
5 7 45.676324845 0.0 0.0 0.0 
5 8 45.676324845 0.0 0.0 0.0 
5 9 45.676324845 0.0 0.0 0.0 
5 10 45.676324845 0.0 0.0 0.0 
5 11 45.676324845 0.0 0.0 0.0 
5 12 45.676324845 0.0 0.0 0.0 
5 13 45.676324845 0.0 0.0 0.0 
5 14 45.676324845 0.0 0.0 0.0 
5 15 45.676324845 0.0 0.0 0.0 
5 16 45.676324845 0.0 0.0 0.0 
5 17 45.676324845 0.0 0.0 0.0 
5 18 45.676324845 0.0 0.0 0.0 
5 19 45.676324845 0.0 0.0 0.0 
5 20 45.676324845 0.0 0.0 0.0 
5 21 45.676324845 0.0 0.0 0.0 
5 22 45.676324845 0.0 0.0 0.0 
5 23 45.676324845 0.0 0.0 0.0 
5 24 45.676324845 0.0 0.0 0.0 
5 25 45.676324845 0.0 0.0 0.0 
5 26 45.676324845 0.0 0.0 0.0 
5 27 45.676324845 0.0 0.0 0.0 
5 28 45.676324845 0.0 0.0 0.0 
5 29 45.676324845 0.0 0.0 0.0 
5 30 45.676324845 0.0 0.0 0.0 
5 31 45.676324845 0.0 0.0 0.0 
5 32 45.676324845 0.0 0.0 0.0 
5 33 45.676324845 0.0 0.0 0.0 
5 34 45.676324845 0.0 0.0 0.0 
5 35 45.676324845 0.0 0.0 0.0 
5 36 45.676324845 0.0 0.0 0.0 
5 37 45.676324845 0.0 0.0 0.0 
5 38 45.676324845 0.0 0.0 0.0 
5 39 45.676324845 0.0 0.0 0.0 
5 40 45.676324845 0.0 0.0 0.0 
5 41 45.676324845 0.0 0.0 0.0 
5 42 45.676324845 0.0 0.0 0.0 
5 43 45.676324845 0.0 0.0 0.0 
5 44 45.676324845 0.0 0.0 0.0 
5 45 45.676324845 0.0 0.0 0.0 
5 46 45.676324845 0.0 0.0 0.0 
5 47 45.676324845 0.0 0.0 0.0 
5 48 45.676324845 0.0 0.0 0.0 
5 49 45.676324845 0.0 0.0 0.0 
5 50 45.676324845 0.0 0.0 0.0 
5 51 45.676324845 0.0 0.0 0.0 
5 52 45.676324845 0.0 0.0 0.0 
5 53 45.676324845 0.0 0.0 0.0 
5 54 45.676324845 0.0 0.0 0.0 
5 55 45.676324845 0.0 0.0 0.0 
5 56 45.676324845 0.0 0.0 0.0 
5 57 45.676324845 0.0 0.0 0.0 
5 58 45.676324845 0.0 0.0 0.0 
5 59 45.676324845 0.0 0.0 0.0 
5 60 45.676324845 0.0 0.0 0.0 
5 61 45.676324845 0.0 0.0 0.0 
5 62 45.676324845 0.0 0.0 0.0 
5 63 45.676324845 0.0 0.0 0.0 
5 64 45.676324845 0.0 0.0 0.0 
5 65 45.676324845 0.0 0.0 0.0 
5 66 45.676324845 0.0 0.0 0.0 
5 67 45.676324845 0.0 0.0 0.0 
5 68 45.676324845 0.0 0.0 0.0 
5 69 45.676324845 0.0 0.0 0.0 
5 70 45.676324845 0.0 0.0 0.0 
5 71 45.676324845 0.0 0.0 0.0 
5 72 45.676324845 0.0 0.0 0.0 
5 73 45.676324845 0.0 0.0 0.0 
5 74 45.676324845 0.0 0.0 0.0 
5 75 45.676324845 0.0 0.0 0.0 
5 76 45.676324845 0.0 0.0 0.0 
5 77 45.676324845 0.0 0.0 0.0 
5 78 45.676324845 0.0 0.0 0.0 
5 79 45.676324845 0.0 0.0 0.0 
5 80 45.676324845 0.0 0.0 0.0 
5 81 45.676324845 0.0 0.0 0.0 
5 82 45.676324845 0.0 0.0 0.0 
5 83 45.676324845 0.0 0.0 0.0 
5 84 45.676324845 0.0 0.0 0.0 
5 85 45.676324845 0.0 0.0 0.0 
5 86 45.676324845 0.0 0.0 0.0 
5 87 45.676324845 0.0 0.0 0.0 
5 88 45.676324845 0.0 0.0 0.0 
5 89 45.676324845 0.0 0.0 0.0 
5 90 45.676324845 0.0 0.0 0.0 
5 91 45.676324845 0.0 0.0 0.0 
5 92 45.676324845 0.0 0.0 0.0 
5 93 45.676324845 0.0 0.0 0.0 
5 94 45.676324845 0.0 0.0 0.0 
5 95 45.676324845 0.0 0.0 0.0 
5 96 45.676324845 0.0 0.0 0.0 
5 97 45.676324845 0.0 0.0 0.0 
5 98 45.676324845 0.0 0.0 0.0 
5 99 45.676324845 0.0 0.0 0.0 
5 100 45.676324845 0.0 0.0 0.0 
5 101 45.676324845 0.0 0.0 0.0 
5 102 45.676324845 0.0 0.0 0.0 
5 103 45.676324845 0.0 0.0 0.0 
5 104 45.676324845 0.0 0.0 0.0 
5 105 45.676324845 0.0 0.0 0.0 
5 106 45.676324845 0.0 0.0 0.0 
5 107 45.676324845 0.0 0.0 0.0 
5 108 45.676324845 0.0 0.0 0.0 
5 109 45.676324845 0.0 0.0 0.0 
5 110 45.676324845 0.0 0.0 0.0 
5 111 45.676324845 0.0 0.0 0.0 
5 112 45.676324845 0.0 0.0 0.0 
5 113 45.676324845 0.0 0.0 0.0 
5 114 45.676324845 0.0 0.0 0.0 
5 115 45.676324845 0.0 0.0 0.0 
5 116 45.676324845 0.0 0.0 0.0 
5 117 45.676324845 0.0 0.0 0.0 
5 118 45.676324845 0.0 0.0 0.0 
5 119 45.676324845 0.0 0.0 0.0 
5 120 45.676324845 0.0 0.0 0.0 
5 121 45.676324845 0.0 0.0 0.0 
5 122 45.676324845 0.0 0.0 0.0 
5 123 45.676324845 0.0 0.0 0.0 
5 124 45.676324845 0.0 0.0 0.0 
5 125 45.676324845 0.0 0.0 0.0 
5 126 45.676324845 0.0 0.0 0.0 
5 127 45.676324845 0.0 0.0 0.0 
5 128 45.676324845 0.0 0.0 0.0 
5 129 45.676324845 0.0 0.0 0.0 
5 130 45.676324845 0.0 0.0 0.0 
5 131 45.676324845 0.0 0.0 0.0 
5 132 45.676324845 0.0 0.0 0.0 
5 133 45.676324845 0.0 0.0 0.0 
5 134 45.676324845 0.0 0.0 0.0 
5 135 45.676324845 0.0 0.0 0.0 
5 136 45.676324845 0.0 0.0 0.0 
5 137 45.676324845 0.0 0.0 0.0 
5 138 45.676324845 0.0 0.0 0.0 
5 139 45.676324845 0.0 0.0 0.0 
5 140 45.676324845 0.0 0.0 0.0 
5 141 45.676324845 0.0 0.0 0.0 
5 142 45.676324845 0.0 0.0 0.0 
5 143 45.676324845 0.0 0.0 0.0 
5 144 45.676324845 0.0 0.0 0.0 
5 145 45.676324845 0.0 0.0 0.0 
5 146 45.676324845 0.0 0.0 0.0 
5 147 45.676324845 0.0 0.0 0.0 
5 148 45.676324845 0.0 0.0 0.0 
5 149 45.676324845 0.0 0.0 0.0 
5 150 45.676324845 0.0 0.0 0.0 
5 151 45.676324845 0.0 0.0 0.0 
5 152 45.676324845 0.0 0.0 0.0 
5 153 45.676324845 0.0 0.0 0.0 
5 154 45.676324845 0.0 0.0 0.0 
5 155 45.676324845 0.0 0.0 0.0 
5 156 45.676324845 0.0 0.0 0.0 
5 157 45.676324845 0.0 0.0 0.0 
5 158 45.676324845 0.0 0.0 0.0 
5 159 45.676324845 0.0 0.0 0.0 
5 160 45.676324845 0.0 0.0 0.0 
5 161 45.676324845 0.0 0.0 0.0 
5 162 45.676324845 0.0 0.0 0.0 
5 163 45.676324845 0.0 0.0 0.0 
5 164 45.676324845 0.0 0.0 0.0 
5 165 45.676324845 0.0 0.0 0.0 
5 166 45.676324845 0.0 0.0 0.0 
5 167 45.676324845 0.0 0.0 0.0 
5 168 45.676324845 0.0 0.0 0.0 
5 169 45.676324845 0.0 0.0 0.0 
5 170 45.676324845 0.0 0.0 0.0 
5 171 45.676324845 0.0 0.0 0.0 
5 172 45.676324845 0.0 0.0 0.0 
5 173 45.676324845 0.0 0.0 0.0 
5 174 45.676324845 0.0 0.0 0.0 
5 175 45.676324845 0.0 0.0 0.0 
5 176 45.676324845 0.0 0.0 0.0 
5 177 45.676324845 0.0 0.0 0.0 
5 178 45.676324845 0.0 0.0 0.0 
5 179 45.676324845 0.0 0.0 0.0 
5 180 45.676324845 0.0 0.0 0.0 
5 181 45.676324845 0.0 0.0 0.0 
5 182 45.676324845 0.0 0.0 0.0 
5 183 45.676324845 0.0 0.0 0.0 
5 184 45.676324845 0.0 0.0 0.0 
5 185 45.676324845 0.0 0.0 0.0 
5 186 45.676324845 0.0 0.0 0.0 
5 187 45.676324845 0.0 0.0 0.0 
5 188 45.676324845 0.0 0.0 0.0 
5 189 45.676324845 0.0 0.0 0.0 
5 190 45.676324845 0.0 0.0 0.0 
5 191 45.676324845 0.0 0.0 0.0 
5 192 45.676324845 0.0 0.0 0.0 
5 193 45.676324845 0.0 0.0 0.0 
5 194 45.676324845 0.0 0.0 0.0 
5 195 45.676324845 0.0 0.0 0.0 
5 196 45.676324845 0.0 0.0 0.0 
5 197 45.676324845 0.0 0.0 0.0 
5 198 45.676324845 0.0 0.0 0.0 
5 199 45.676324845 0.0 0.0 0.0 
5 200 45.676324845 0.0 0.0 0.0 
5 201 45.676324845 0.0 0.0 0.0 
5 202 45.676324845 0.0 0.0 0.0 
5 203 45.676324845 0.0 0.0 0.0 
5 204 45.676324845 0.0 0.0 0.0 
5 205 45.676324845 0.0 0.0 0.0 
5 206 45.676324845 0.0 0.0 0.0 
5 207 45.676324845 0.0 0.0 0.0 
5 208 45.676324845 0.0 0.0 0.0 
5 209 45.676324845 0.0 0.0 0.0 
5 210 45.676324845 0.0 0.0 0.0 
5 211 45.676324845 0.0 0.0 0.0 
5 212 45.676324845 0.0 0.0 0.0 
5 213 45.676324845 0.0 0.0 0.0 
5 214 45.676324845 0.0 0.0 0.0 
5 215 45.676324845 0.0 0.0 0.0 
5 216 45.676324845 0.0 0.0 0.0 
5 217 45.676324845 0.0 0.0 0.0 
5 218 45.676324845 0.0 0.0 0.0 
5 219 45.676324845 0.0 0.0 0.0 
5 220 45.676324845 0.0 0.0 0.0 
5 221 45.676324845 0.0 0.0 0.0 
5 222 45.676324845 0.0 0.0 0.0 
5 223 45.676324845 0.0 0.0 0.0 
5 224 45.676324845 0.0 0.0 0.0 
5 225 45.676324845 0.0 0.0 0.0 
5 226 45.676324845 0.0 0.0 0.0 
5 227 45.676324845 0.0 0.0 0.0 
5 228 45.676324845 0.0 0.0 0.0 
5 229 45.676324845 0.0 0.0 0.0 
5 230 45.676324845 0.0 0.0 0.0 
5 231 45.676324845 0.0 0.0 0.0 
5 232 45.676324845 0.0 0.0 0.0 
5 233 45.676324845 0.0 0.0 0.0 
5 234 45.676324845 0.0 0.0 0.0 
5 235 45.676324845 0.0 0.0 0.0 
5 236 45.676324845 0.0 0.0 0.0 
5 237 45.676324845 0.0 0.0 0.0 
5 238 45.676324845 0.0 0.0 0.0 
5 239 45.676324845 0.0 0.0 0.0 
5 240 45.676324845 0.0 0.0 0.0 
5 241 45.676324845 0.0 0.0 0.0 
5 242 45.676324845 0.0 0.0 0.0 
5 243 45.676324845 0.0 0.0 0.0 
5 244 45.676324845 0.0 0.0 0.0 
5 245 45.676324845 0.0 0.0 0.0 
5 246 45.676324845 0.0 0.0 0.0 
5 247 45.676324845 0.0 0.0 0.0 
5 248 45.676324845 0.0 0.0 0.0 
5 249 45.676324845 0.0 0.0 0.0 
5 250 45.676324845 0.0 0.0 0.0 
5 251 45.676324845 0.0 0.0 0.0 
5 252 45.676324845 0.0 0.0 0.0 
5 253 45.676324845 0.0 0.0 0.0 
5 254 45.676324845 0.0 0.0 0.0 
5 255 45.676324845 0.0 0.0 0.0 
5 256 45.676324845 0.0 0.0 0.0 
5 257 45.676324845 0.0 0.0 0.0 
5 258 45.676324845 0.0 0.0 0.0 
5 259 45.676324845 0.0 0.0 0.0 
5 260 45.676324845 0.0 0.0 0.0 
5 261 45.676324845 0.0 0.0 0.0 
5 262 45.676324845 0.0 0.0 0.0 
5 263 45.676324845 0.0 0.0 0.0 
5 264 45.676324845 0.0 0.0 0.0 
5 265 45.676324845 0.0 0.0 0.0 
5 266 45.676324845 0.0 0.0 0.0 
5 267 45.676324845 0.0 0.0 0.0 
5 268 45.676324845 0.0 0.0 0.0 
5 269 45.676324845 0.0 0.0 0.0 
5 270 45.676324845 0.0 0.0 0.0 
5 271 45.676324845 0.0 0.0 0.0 
5 272 45.676324845 0.0 0.0 0.0 
5 273 45.676324845 0.0 0.0 0.0 
5 274 45.676324845 0.0 0.0 0.0 
5 275 45.676324845 0.0 0.0 0.0 
5 276 45.676324845 0.0 0.0 0.0 
5 277 45.676324845 0.0 0.0 0.0 
5 278 45.676324845 0.0 0.0 0.0 
5 279 45.676324845 0.0 0.0 0.0 
5 280 45.676324845 0.0 0.0 0.0 
5 281 45.676324845 0.0 0.0 0.0 
5 282 45.676324845 0.0 0.0 0.0 
5 283 45.676324845 0.0 0.0 0.0 
5 284 45.676324845 0.0 0.0 0.0 
5 285 45.676324845 0.0 0.0 0.0 
5 286 45.676324845 0.0 0.0 0.0 
5 287 45.676324845 0.0 0.0 0.0 
5 288 45.676324845 0.0 0.0 0.0 
5 289 45.676324845 0.0 0.0 0.0 
5 290 45.676324845 0.0 0.0 0.0 
5 291 45.676324845 0.0 0.0 0.0 
5 292 45.676324845 0.0 0.0 0.0 
5 293 45.676324845 0.0 0.0 0.0 
5 294 45.676324845 0.0 0.0 0.0 
5 295 45.676324845 0.0 0.0 0.0 
5 296 45.676324845 0.0 0.0 0.0 
5 297 45.676324845 0.0 0.0 0.0 
5 298 45.676324845 0.0 0.0 0.0 
5 299 45.676324845 0.0 0.0 0.0 
5 300 45.676324845 0.0 0.0 0.0 
5 301 45.676324845 0.0 0.0 0.0 
5 302 45.676324845 0.0 0.0 0.0 
5 303 45.676324845 0.0 0.0 0.0 
5 304 45.676324845 0.0 0.0 0.0 
5 305 45.676324845 0.0 0.0 0.0 
5 306 45.676324845 0.0 0.0 0.0 
5 307 45.676324845 0.0 0.0 0.0 
5 308 45.676324845 0.0 0.0 0.0 
5 309 45.676324845 0.0 0.0 0.0 
5 310 45.676324845 0.0 0.0 0.0 
5 311 45.676324845 0.0 0.0 0.0 
5 312 45.676324845 0.0 0.0 0.0 
5 313 45.676324845 0.0 0.0 0.0 
5 314 45.676324845 0.0 0.0 0.0 
5 315 45.676324845 0.0 0.0 0.0 
5 316 45.676324845 0.0 0.0 0.0 
5 317 45.676324845 0.0 0.0 0.0 
5 318 45.676324845 0.0 0.0 0.0 
5 319 45.676324845 0.0 0.0 0.0 
5 320 45.676324845 0.0 0.0 0.0 
5 321 45.676324845 0.0 0.0 0.0 
5 322 45.676324845 0.0 0.0 0.0 
5 323 45.676324845 0.0 0.0 0.0 
5 324 45.676324845 0.0 0.0 0.0 
5 325 45.676324845 0.0 0.0 0.0 
5 326 45.676324845 0.0 0.0 0.0 
5 327 45.676324845 0.0 0.0 0.0 
5 328 45.676324845 0.0 0.0 0.0 
5 329 45.676324845 0.0 0.0 0.0 
5 330 45.676324845 0.0 0.0 0.0 
5 331 45.676324845 0.0 0.0 0.0 
5 332 45.676324845 0.0 0.0 0.0 
5 333 45.676324845 0.0 0.0 0.0 
5 334 45.676324845 0.0 0.0 0.0 
5 335 45.676324845 0.0 0.0 0.0 
5 336 45.676324845 0.0 0.0 0.0 
5 337 45.676324845 0.0 0.0 0.0 
5 338 45.676324845 0.0 0.0 0.0 
5 339 45.676324845 0.0 0.0 0.0 
5 340 45.676324845 0.0 0.0 0.0 
5 341 45.676324845 0.0 0.0 0.0 
5 342 45.676324845 0.0 0.0 0.0 
5 343 45.676324845 0.0 0.0 0.0 
5 344 45.676324845 0.0 0.0 0.0 
5 345 45.676324845 0.0 0.0 0.0 
5 346 45.676324845 0.0 0.0 0.0 
5 347 45.676324845 0.0 0.0 0.0 
5 348 45.676324845 0.0 0.0 0.0 
5 349 45.676324845 0.0 0.0 0.0 
5 350 45.676324845 0.0 0.0 0.0 
5 351 45.676324845 0.0 0.0 0.0 
5 352 45.676324845 0.0 0.0 0.0 
5 353 45.676324845 0.0 0.0 0.0 
5 354 45.676324845 0.0 0.0 0.0 
5 355 45.676324845 0.0 0.0 0.0 
5 356 45.676324845 0.0 0.0 0.0 
5 357 45.676324845 0.0 0.0 0.0 
5 358 45.676324845 0.0 0.0 0.0 
5 359 45.676324845 0.0 0.0 0.0 
5 360 45.676324845 0.0 0.0 0.0 
5 361 45.676324845 0.0 0.0 0.0 
5 362 45.676324845 0.0 0.0 0.0 
5 363 45.676324845 0.0 0.0 0.0 
5 364 45.676324845 0.0 0.0 0.0 
5 365 45.676324845 0.0 0.0 0.0 
5 366 45.676324845 0.0 0.0 0.0 
5 367 45.676324845 0.0 0.0 0.0 
5 368 45.676324845 0.0 0.0 0.0 
5 369 45.676324845 0.0 0.0 0.0 
5 370 45.676324845 0.0 0.0 0.0 
5 371 45.676324845 0.0 0.0 0.0 
5 372 45.676324845 0.0 0.0 0.0 
5 373 45.676324845 0.0 0.0 0.0 
5 374 45.676324845 0.0 0.0 0.0 
5 375 45.676324845 0.0 0.0 0.0 
5 376 45.676324845 0.0 0.0 0.0 
5 377 45.676324845 0.0 0.0 0.0 
5 378 45.676324845 0.0 0.0 0.0 
5 379 45.676324845 0.0 0.0 0.0 
5 380 45.676324845 0.0 0.0 0.0 
5 381 45.676324845 0.0 0.0 0.0 
5 382 45.676324845 0.0 0.0 0.0 
5 383 45.676324845 0.0 0.0 0.0 
5 384 45.676324845 0.0 0.0 0.0 
5 385 45.676324845 0.0 0.0 0.0 
5 386 45.676324845 0.0 0.0 0.0 
5 387 45.676324845 0.0 0.0 0.0 
5 388 45.676324845 0.0 0.0 0.0 
5 389 45.676324845 0.0 0.0 0.0 
5 390 45.676324845 0.0 0.0 0.0 
5 391 45.676324845 0.0 0.0 0.0 
5 392 45.676324845 0.0 0.0 0.0 
5 393 45.676324845 0.0 0.0 0.0 
5 394 45.676324845 0.0 0.0 0.0 
5 395 45.676324845 0.0 0.0 0.0 
5 396 45.676324845 0.0 0.0 0.0 
5 397 45.676324845 0.0 0.0 0.0 
5 398 45.676324845 0.0 0.0 0.0 
5 399 45.676324845 0.0 0.0 0.0 
5 400 45.676324845 0.0 0.0 0.0 
5 401 45.676324845 0.0 0.0 0.0 
5 402 45.676324845 0.0 0.0 0.0 
5 403 45.676324845 0.0 0.0 0.0 
5 404 45.676324845 0.0 0.0 0.0 
5 405 45.676324845 0.0 0.0 0.0 
5 406 45.676324845 0.0 0.0 0.0 
5 407 45.676324845 0.0 0.0 0.0 
5 408 45.676324845 0.0 0.0 0.0 
5 409 45.676324845 0.0 0.0 0.0 
5 410 45.676324845 0.0 0.0 0.0 
5 411 45.676324845 0.0 0.0 0.0 
5 412 45.676324845 0.0 0.0 0.0 
5 413 45.676324845 0.0 0.0 0.0 
5 414 45.676324845 0.0 0.0 0.0 
5 415 45.676324845 0.0 0.0 0.0 
5 416 45.676324845 0.0 0.0 0.0 
5 417 45.676324845 0.0 0.0 0.0 
5 418 45.676324845 0.0 0.0 0.0 
5 419 45.676324845 0.0 0.0 0.0 
5 420 45.676324845 0.0 0.0 0.0 
5 421 45.676324845 0.0 0.0 0.0 
5 422 45.676324845 0.0 0.0 0.0 
5 423 45.676324845 0.0 0.0 0.0 
5 424 45.676324845 0.0 0.0 0.0 
5 425 45.676324845 0.0 0.0 0.0 
5 426 45.676324845 0.0 0.0 0.0 
5 427 45.676324845 0.0 0.0 0.0 
5 428 45.676324845 0.0 0.0 0.0 
5 429 45.676324845 0.0 0.0 0.0 
5 430 45.676324845 0.0 0.0 0.0 
5 431 45.676324845 0.0 0.0 0.0 
5 432 45.676324845 0.0 0.0 0.0 
5 433 45.676324845 0.0 0.0 0.0 
5 434 45.676324845 0.0 0.0 0.0 
5 435 45.676324845 0.0 0.0 0.0 
5 436 45.676324845 0.0 0.0 0.0 
5 437 45.676324845 0.0 0.0 0.0 
5 438 45.676324845 0.0 0.0 0.0 
5 439 45.676324845 0.0 0.0 0.0 
5 440 45.676324845 0.0 0.0 0.0 
5 441 45.676324845 0.0 0.0 0.0 
5 442 45.676324845 0.0 0.0 0.0 
5 443 45.676324845 0.0 0.0 0.0 
5 444 45.676324845 0.0 0.0 0.0 
5 445 45.676324845 0.0 0.0 0.0 
5 446 45.676324845 0.0 0.0 0.0 
5 447 45.676324845 0.0 0.0 0.0 
5 448 45.676324845 0.0 0.0 0.0 
5 449 45.676324845 0.0 0.0 0.0 
5 450 45.676324845 0.0 0.0 0.0 
5 451 45.676324845 0.0 0.0 0.0 
5 452 45.676324845 0.0 0.0 0.0 
5 453 45.676324845 0.0 0.0 0.0 
5 454 45.676324845 0.0 0.0 0.0 
5 455 45.676324845 0.0 0.0 0.0 
5 456 45.676324845 0.0 0.0 0.0 
5 457 45.676324845 0.0 0.0 0.0 
5 458 45.676324845 0.0 0.0 0.0 
5 459 45.676324845 0.0 0.0 0.0 
5 460 45.676324845 0.0 0.0 0.0 
5 461 45.676324845 0.0 0.0 0.0 
5 462 45.676324845 0.0 0.0 0.0 
5 463 45.676324845 0.0 0.0 0.0 
5 464 45.676324845 0.0 0.0 0.0 
5 465 45.676324845 0.0 0.0 0.0 
5 466 45.676324845 0.0 0.0 0.0 
5 467 45.676324845 0.0 0.0 0.0 
5 468 45.676324845 0.0 0.0 0.0 
5 469 45.676324845 0.0 0.0 0.0 
5 470 45.676324845 0.0 0.0 0.0 
5 471 45.676324845 0.0 0.0 0.0 
5 472 45.676324845 0.0 0.0 0.0 
5 473 45.676324845 0.0 0.0 0.0 
5 474 45.676324845 0.0 0.0 0.0 
5 475 45.676324845 0.0 0.0 0.0 
5 476 45.676324845 0.0 0.0 0.0 
5 477 45.676324845 0.0 0.0 0.0 
5 478 45.676324845 0.0 0.0 0.0 
5 479 45.676324845 0.0 0.0 0.0 
5 480 45.676324845 0.0 0.0 0.0 
5 481 45.676324845 0.0 0.0 0.0 
5 482 45.676324845 0.0 0.0 0.0 
5 483 45.676324845 0.0 0.0 0.0 
5 484 45.676324845 0.0 0.0 0.0 
5 485 45.676324845 0.0 0.0 0.0 
5 486 45.676324845 0.0 0.0 0.0 
5 487 45.676324845 0.0 0.0 0.0 
5 488 45.676324845 0.0 0.0 0.0 
5 489 45.676324845 0.0 0.0 0.0 
5 490 45.676324845 0.0 0.0 0.0 
5 491 45.676324845 0.0 0.0 0.0 
5 492 45.676324845 0.0 0.0 0.0 
5 493 45.676324845 0.0 0.0 0.0 
5 494 45.676324845 0.0 0.0 0.0 
5 495 45.676324845 0.0 0.0 0.0 
5 496 45.676324845 0.0 0.0 0.0 
5 497 45.676324845 0.0 0.0 0.0 
5 498 45.676324845 0.0 0.0 0.0 
5 499 45.676324845 0.0 0.0 0.0 
5 500 45.676324845 0.0 0.0 0.0 
5 501 45.676324845 0.0 0.0 0.0 
5 502 45.676324845 0.0 0.0 0.0 
5 503 45.676324845 0.0 0.0 0.0 
5 504 45.676324845 0.0 0.0 0.0 
5 505 45.676324845 0.0 0.0 0.0 
5 506 45.676324845 0.0 0.0 0.0 
5 507 45.676324845 0.0 0.0 0.0 
5 508 45.676324845 0.0 0.0 0.0 
5 509 45.676324845 0.0 0.0 0.0 
5 510 45.676324845 0.0 0.0 0.0 
5 511 45.676324845 0.0 0.0 0.0 
5 512 45.676324845 0.0 0.0 0.0 
5 513 45.676324845 0.0 0.0 0.0 
5 514 45.676324845 0.0 0.0 0.0 
5 515 45.676324845 0.0 0.0 0.0 
5 516 45.676324845 0.0 0.0 0.0 
5 517 45.676324845 0.0 0.0 0.0 
5 518 45.676324845 0.0 0.0 0.0 
5 519 45.676324845 0.0 0.0 0.0 
5 520 45.676324845 0.0 0.0 0.0 
5 521 45.676324845 0.0 0.0 0.0 
5 522 45.676324845 0.0 0.0 0.0 
5 523 45.676324845 0.0 0.0 0.0 
5 524 45.676324845 0.0 0.0 0.0 
5 525 45.676324845 0.0 0.0 0.0 
5 526 45.676324845 0.0 0.0 0.0 
5 527 45.676324845 0.0 0.0 0.0 
5 528 45.676324845 0.0 0.0 0.0 
5 529 45.676324845 0.0 0.0 0.0 
5 530 45.676324845 0.0 0.0 0.0 
5 531 45.676324845 0.0 0.0 0.0 
5 532 45.676324845 0.0 0.0 0.0 
5 533 45.676324845 0.0 0.0 0.0 
5 534 45.676324845 0.0 0.0 0.0 
5 535 45.676324845 0.0 0.0 0.0 
5 536 45.676324845 0.0 0.0 0.0 
5 537 45.676324845 0.0 0.0 0.0 
5 538 45.676324845 0.0 0.0 0.0 
5 539 45.676324845 0.0 0.0 0.0 
5 540 45.676324845 0.0 0.0 0.0 
5 541 45.676324845 0.0 0.0 0.0 
5 542 45.676324845 0.0 0.0 0.0 
5 543 45.676324845 0.0 0.0 0.0 
5 544 45.676324845 0.0 0.0 0.0 
5 545 45.676324845 0.0 0.0 0.0 
5 546 45.676324845 0.0 0.0 0.0 
5 547 45.676324845 0.0 0.0 0.0 
5 548 45.676324845 0.0 0.0 0.0 
5 549 45.676324845 0.0 0.0 0.0 
5 550 45.676324845 0.0 0.0 0.0 
5 551 45.676324845 0.0 0.0 0.0 
5 552 45.676324845 0.0 0.0 0.0 
5 553 45.676324845 0.0 0.0 0.0 
5 554 45.676324845 0.0 0.0 0.0 
5 555 45.676324845 0.0 0.0 0.0 
5 556 45.676324845 0.0 0.0 0.0 
5 557 45.676324845 0.0 0.0 0.0 
5 558 45.676324845 0.0 0.0 0.0 
5 559 45.676324845 0.0 0.0 0.0 
5 560 45.676324845 0.0 0.0 0.0 
5 561 45.676324845 0.0 0.0 0.0 
5 562 45.676324845 0.0 0.0 0.0 
5 563 45.676324845 0.0 0.0 0.0 
5 564 45.676324845 0.0 0.0 0.0 
5 565 45.676324845 0.0 0.0 0.0 
5 566 45.676324845 0.0 0.0 0.0 
5 567 45.676324845 0.0 0.0 0.0 
5 568 45.676324845 0.0 0.0 0.0 
5 569 45.676324845 0.0 0.0 0.0 
5 570 45.676324845 0.0 0.0 0.0 
5 571 45.676324845 0.0 0.0 0.0 
5 572 45.676324845 0.0 0.0 0.0 
5 573 45.676324845 0.0 0.0 0.0 
5 574 45.676324845 0.0 0.0 0.0 
5 575 45.676324845 0.0 0.0 0.0 
5 576 45.676324845 0.0 0.0 0.0 
5 577 45.676324845 0.0 0.0 0.0 
5 578 45.676324845 0.0 0.0 0.0 
5 579 45.676324845 0.0 0.0 0.0 
5 580 45.676324845 0.0 0.0 0.0 
5 581 45.676324845 0.0 0.0 0.0 
5 582 45.676324845 0.0 0.0 0.0 
5 583 45.676324845 0.0 0.0 0.0 
5 584 45.676324845 0.0 0.0 0.0 
5 585 45.676324845 0.0 0.0 0.0 
5 586 45.676324845 0.0 0.0 0.0 
5 587 45.676324845 0.0 0.0 0.0 
5 588 45.676324845 0.0 0.0 0.0 
5 589 45.676324845 0.0 0.0 0.0 
5 590 45.676324845 0.0 0.0 0.0 
5 591 45.676324845 0.0 0.0 0.0 
5 592 45.676324845 0.0 0.0 0.0 
5 593 45.676324845 0.0 0.0 0.0 
5 594 45.676324845 0.0 0.0 0.0 
5 595 45.676324845 0.0 0.0 0.0 
5 596 45.676324845 0.0 0.0 0.0 
5 597 45.676324845 0.0 0.0 0.0 
5 598 45.676324845 0.0 0.0 0.0 
5 599 45.676324845 0.0 0.0 0.0 
5 600 45.676324845 0.0 0.0 0.0 
5 601 45.676324845 0.0 0.0 0.0 
5 602 45.676324845 0.0 0.0 0.0 
5 603 45.676324845 0.0 0.0 0.0 
5 604 45.676324845 0.0 0.0 0.0 
5 605 45.676324845 0.0 0.0 0.0 
5 606 45.676324845 0.0 0.0 0.0 
5 607 45.676324845 0.0 0.0 0.0 
5 608 45.676324845 0.0 0.0 0.0 
5 609 45.676324845 0.0 0.0 0.0 
5 610 45.676324845 0.0 0.0 0.0 
5 611 45.676324845 0.0 0.0 0.0 
5 612 45.676324845 0.0 0.0 0.0 
5 613 45.676324845 0.0 0.0 0.0 
5 614 45.676324845 0.0 0.0 0.0 
5 615 45.676324845 0.0 0.0 0.0 
5 616 45.676324845 0.0 0.0 0.0 
5 617 45.676324845 0.0 0.0 0.0 
5 618 45.676324845 0.0 0.0 0.0 
5 619 45.676324845 0.0 0.0 0.0 
5 620 45.676324845 0.0 0.0 0.0 
5 621 45.676324845 0.0 0.0 0.0 
5 622 45.676324845 0.0 0.0 0.0 
5 623 45.676324845 0.0 0.0 0.0 
5 624 45.676324845 0.0 0.0 0.0 
5 625 45.676324845 0.0 0.0 0.0 
5 626 45.676324845 0.0 0.0 0.0 
5 627 45.676324845 0.0 0.0 0.0 
5 628 45.676324845 0.0 0.0 0.0 
5 629 45.676324845 0.0 0.0 0.0 
5 630 45.676324845 0.0 0.0 0.0 
5 631 45.676324845 0.0 0.0 0.0 
5 632 45.676324845 0.0 0.0 0.0 
5 633 45.676324845 0.0 0.0 0.0 
5 634 45.676324845 0.0 0.0 0.0 
5 635 45.676324845 0.0 0.0 0.0 
5 636 45.676324845 0.0 0.0 0.0 
5 637 45.676324845 0.0 0.0 0.0 
5 638 45.676324845 0.0 0.0 0.0 
5 639 45.676324845 0.0 0.0 0.0 
5 640 45.676324845 0.0 0.0 0.0 
5 641 45.676324845 0.0 0.0 0.0 
5 642 45.676324845 0.0 0.0 0.0 
5 643 45.676324845 0.0 0.0 0.0 
5 644 45.676324845 0.0 0.0 0.0 
5 645 45.676324845 0.0 0.0 0.0 
5 646 45.676324845 0.0 0.0 0.0 
5 647 45.676324845 0.0 0.0 0.0 
5 648 45.676324845 0.0 0.0 0.0 
5 649 45.676324845 0.0 0.0 0.0 
5 650 45.676324845 0.0 0.0 0.0 
5 651 45.676324845 0.0 0.0 0.0 
5 652 45.676324845 0.0 0.0 0.0 
5 653 45.676324845 0.0 0.0 0.0 
5 654 45.676324845 0.0 0.0 0.0 
5 655 45.676324845 0.0 0.0 0.0 
5 656 45.676324845 0.0 0.0 0.0 
5 657 45.676324845 0.0 0.0 0.0 
5 658 45.676324845 0.0 0.0 0.0 
5 659 45.676324845 0.0 0.0 0.0 
5 660 45.676324845 0.0 0.0 0.0 
5 661 45.676324845 0.0 0.0 0.0 
5 662 45.676324845 0.0 0.0 0.0 
5 663 45.676324845 0.0 0.0 0.0 
5 664 45.676324845 0.0 0.0 0.0 
5 665 45.676324845 0.0 0.0 0.0 
5 666 45.676324845 0.0 0.0 0.0 
5 667 45.676324845 0.0 0.0 0.0 
5 668 45.676324845 0.0 0.0 0.0 
5 669 45.676324845 0.0 0.0 0.0 
5 670 45.676324845 0.0 0.0 0.0 
5 671 45.676324845 0.0 0.0 0.0 
5 672 45.676324845 0.0 0.0 0.0 
5 673 45.676324845 0.0 0.0 0.0 
5 674 45.676324845 0.0 0.0 0.0 
5 675 45.676324845 0.0 0.0 0.0 
5 676 45.676324845 0.0 0.0 0.0 
5 677 45.676324845 0.0 0.0 0.0 
5 678 45.676324845 0.0 0.0 0.0 
5 679 45.676324845 0.0 0.0 0.0 
5 680 45.676324845 0.0 0.0 0.0 
5 681 45.676324845 0.0 0.0 0.0 
5 682 45.676324845 0.0 0.0 0.0 
5 683 45.676324845 0.0 0.0 0.0 
5 684 45.676324845 0.0 0.0 0.0 
5 685 45.676324845 0.0 0.0 0.0 
5 686 45.676324845 0.0 0.0 0.0 
5 687 45.676324845 0.0 0.0 0.0 
5 688 45.676324845 0.0 0.0 0.0 
5 689 45.676324845 0.0 0.0 0.0 
5 690 45.676324845 0.0 0.0 0.0 
5 691 45.676324845 0.0 0.0 0.0 
5 692 45.676324845 0.0 0.0 0.0 
5 693 45.676324845 0.0 0.0 0.0 
5 694 45.676324845 0.0 0.0 0.0 
5 695 45.676324845 0.0 0.0 0.0 
5 696 45.676324845 0.0 0.0 0.0 
5 697 45.676324845 0.0 0.0 0.0 
5 698 45.676324845 0.0 0.0 0.0 
5 699 45.676324845 0.0 0.0 0.0 
5 700 45.676324845 0.0 0.0 0.0 
5 701 45.676324845 0.0 0.0 0.0 
5 702 45.676324845 0.0 0.0 0.0 
5 703 45.676324845 0.0 0.0 0.0 
5 704 45.676324845 0.0 0.0 0.0 
5 705 45.676324845 0.0 0.0 0.0 
5 706 45.676324845 0.0 0.0 0.0 
5 707 45.676324845 0.0 0.0 0.0 
5 708 45.676324845 0.0 0.0 0.0 
5 709 45.676324845 0.0 0.0 0.0 
5 710 45.676324845 0.0 0.0 0.0 
5 711 45.676324845 0.0 0.0 0.0 
5 712 45.676324845 0.0 0.0 0.0 
5 713 45.676324845 0.0 0.0 0.0 
5 714 45.676324845 0.0 0.0 0.0 
5 715 45.676324845 0.0 0.0 0.0 
5 716 45.676324845 0.0 0.0 0.0 
5 717 45.676324845 0.0 0.0 0.0 
5 718 45.676324845 0.0 0.0 0.0 
5 719 45.676324845 0.0 0.0 0.0 
5 720 45.676324845 0.0 0.0 0.0 
5 721 45.676324845 0.0 0.0 0.0 
5 722 45.676324845 0.0 0.0 0.0 
5 723 45.676324845 0.0 0.0 0.0 
5 724 45.676324845 0.0 0.0 0.0 
5 725 45.676324845 0.0 0.0 0.0 
5 726 45.676324845 0.0 0.0 0.0 
5 727 45.676324845 0.0 0.0 0.0 
5 728 45.676324845 0.0 0.0 0.0 
5 729 45.676324845 0.0 0.0 0.0 
5 730 45.676324845 0.0 0.0 0.0 
5 731 45.676324845 0.0 0.0 0.0 
5 732 45.676324845 0.0 0.0 0.0 
5 733 45.676324845 0.0 0.0 0.0 
5 734 45.676324845 0.0 0.0 0.0 
5 735 45.676324845 0.0 0.0 0.0 
5 736 45.676324845 0.0 0.0 0.0 
5 737 45.676324845 0.0 0.0 0.0 
5 738 45.676324845 0.0 0.0 0.0 
5 739 45.676324845 0.0 0.0 0.0 
5 740 45.676324845 0.0 0.0 0.0 
5 741 45.676324845 0.0 0.0 0.0 
5 742 45.676324845 0.0 0.0 0.0 
5 743 45.676324845 0.0 0.0 0.0 
5 744 45.676324845 0.0 0.0 0.0 
5 745 45.676324845 0.0 0.0 0.0 
5 746 45.676324845 0.0 0.0 0.0 
5 747 45.676324845 0.0 0.0 0.0 
5 748 45.676324845 0.0 0.0 0.0 
5 749 45.676324845 0.0 0.0 0.0 
5 750 45.676324845 0.0 0.0 0.0 
5 751 45.676324845 0.0 0.0 0.0 
5 752 45.676324845 0.0 0.0 0.0 
5 753 45.676324845 0.0 0.0 0.0 
5 754 45.676324845 0.0 0.0 0.0 
5 755 45.676324845 0.0 0.0 0.0 
5 756 45.676324845 0.0 0.0 0.0 
5 757 45.676324845 0.0 0.0 0.0 
5 758 45.676324845 0.0 0.0 0.0 
5 759 45.676324845 0.0 0.0 0.0 
5 760 45.676324845 0.0 0.0 0.0 
5 761 45.676324845 0.0 0.0 0.0 
5 762 45.676324845 0.0 0.0 0.0 
5 763 45.676324845 0.0 0.0 0.0 
5 764 45.676324845 0.0 0.0 0.0 
5 765 45.676324845 0.0 0.0 0.0 
5 766 45.676324845 0.0 0.0 0.0 
5 767 45.676324845 0.0 0.0 0.0 
5 768 45.676324845 0.0 0.0 0.0 
5 769 45.676324845 0.0 0.0 0.0 
5 770 45.676324845 0.0 0.0 0.0 
5 771 45.676324845 0.0 0.0 0.0 
5 772 45.676324845 0.0 0.0 0.0 
5 773 45.676324845 0.0 0.0 0.0 
5 774 45.676324845 0.0 0.0 0.0 
5 775 45.676324845 0.0 0.0 0.0 
5 776 45.676324845 0.0 0.0 0.0 
5 777 45.676324845 0.0 0.0 0.0 
5 778 45.676324845 0.0 0.0 0.0 
5 779 45.676324845 0.0 0.0 0.0 
5 780 45.676324845 0.0 0.0 0.0 
5 781 45.676324845 0.0 0.0 0.0 
5 782 45.676324845 0.0 0.0 0.0 
5 783 45.676324845 0.0 0.0 0.0 
5 784 45.676324845 0.0 0.0 0.0 
5 785 45.676324845 0.0 0.0 0.0 
5 786 45.676324845 0.0 0.0 0.0 
5 787 45.676324845 0.0 0.0 0.0 
5 788 45.676324845 0.0 0.0 0.0 
5 789 45.676324845 0.0 0.0 0.0 
5 790 45.676324845 0.0 0.0 0.0 
5 791 45.676324845 0.0 0.0 0.0 
5 792 45.676324845 0.0 0.0 0.0 
5 793 45.676324845 0.0 0.0 0.0 
5 794 45.676324845 0.0 0.0 0.0 
5 795 45.676324845 0.0 0.0 0.0 
5 796 45.676324845 0.0 0.0 0.0 
5 797 45.676324845 0.0 0.0 0.0 
5 798 45.676324845 0.0 0.0 0.0 
5 799 45.676324845 0.0 0.0 0.0 
5 800 45.676324845 0.0 0.0 0.0 
5 801 45.676324845 0.0 0.0 0.0 
5 802 45.676324845 0.0 0.0 0.0 
5 803 45.676324845 0.0 0.0 0.0 
5 804 45.676324845 0.0 0.0 0.0 
5 805 45.676324845 0.0 0.0 0.0 
5 806 45.676324845 0.0 0.0 0.0 
5 807 45.676324845 0.0 0.0 0.0 
5 808 45.676324845 0.0 0.0 0.0 
5 809 45.676324845 0.0 0.0 0.0 
5 810 45.676324845 0.0 0.0 0.0 
5 811 45.676324845 0.0 0.0 0.0 
5 812 45.676324845 0.0 0.0 0.0 
5 813 45.676324845 0.0 0.0 0.0 
5 814 45.676324845 0.0 0.0 0.0 
5 815 45.676324845 0.0 0.0 0.0 
5 816 45.676324845 0.0 0.0 0.0 
5 817 45.676324845 0.0 0.0 0.0 
5 818 45.676324845 0.0 0.0 0.0 
5 819 45.676324845 0.0 0.0 0.0 
5 820 45.676324845 0.0 0.0 0.0 
5 821 45.676324845 0.0 0.0 0.0 
5 822 45.676324845 0.0 0.0 0.0 
5 823 45.676324845 0.0 0.0 0.0 
5 824 45.676324845 0.0 0.0 0.0 
5 825 45.676324845 0.0 0.0 0.0 
5 826 45.676324845 0.0 0.0 0.0 
5 827 45.676324845 0.0 0.0 0.0 
5 828 45.676324845 0.0 0.0 0.0 
5 829 45.676324845 0.0 0.0 0.0 
5 830 45.676324845 0.0 0.0 0.0 
5 831 45.676324845 0.0 0.0 0.0 
5 832 45.676324845 0.0 0.0 0.0 
5 833 45.676324845 0.0 0.0 0.0 
5 834 45.676324845 0.0 0.0 0.0 
5 835 45.676324845 0.0 0.0 0.0 
5 836 45.676324845 0.0 0.0 0.0 
5 837 45.676324845 0.0 0.0 0.0 
5 838 45.676324845 0.0 0.0 0.0 
5 839 45.676324845 0.0 0.0 0.0 
5 840 45.676324845 0.0 0.0 0.0 
5 841 45.676324845 0.0 0.0 0.0 
5 842 45.676324845 0.0 0.0 0.0 
5 843 45.676324845 0.0 0.0 0.0 
5 844 45.676324845 0.0 0.0 0.0 
5 845 45.676324845 0.0 0.0 0.0 
5 846 45.676324845 0.0 0.0 0.0 
5 847 45.676324845 0.0 0.0 0.0 
5 848 45.676324845 0.0 0.0 0.0 
5 849 45.676324845 0.0 0.0 0.0 
5 850 45.676324845 0.0 0.0 0.0 
5 851 45.676324845 0.0 0.0 0.0 
5 852 45.676324845 0.0 0.0 0.0 
5 853 45.676324845 0.0 0.0 0.0 
5 854 45.676324845 0.0 0.0 0.0 
5 855 45.676324845 0.0 0.0 0.0 
5 856 45.676324845 0.0 0.0 0.0 
5 857 45.676324845 0.0 0.0 0.0 
5 858 45.676324845 0.0 0.0 0.0 
5 859 45.676324845 0.0 0.0 0.0 
5 860 45.676324845 0.0 0.0 0.0 
5 861 45.676324845 0.0 0.0 0.0 
5 862 45.676324845 0.0 0.0 0.0 
5 863 45.676324845 0.0 0.0 0.0 
5 864 45.676324845 0.0 0.0 0.0 
5 865 45.676324845 0.0 0.0 0.0 
5 866 45.676324845 0.0 0.0 0.0 
5 867 45.676324845 0.0 0.0 0.0 
5 868 45.676324845 0.0 0.0 0.0 
5 869 45.676324845 0.0 0.0 0.0 
5 870 45.676324845 0.0 0.0 0.0 
5 871 45.676324845 0.0 0.0 0.0 
5 872 45.676324845 0.0 0.0 0.0 
5 873 45.676324845 0.0 0.0 0.0 
5 874 45.676324845 0.0 0.0 0.0 
5 875 45.676324845 0.0 0.0 0.0 
5 876 45.676324845 0.0 0.0 0.0 
5 877 45.676324845 0.0 0.0 0.0 
5 878 45.676324845 0.0 0.0 0.0 
5 879 45.676324845 0.0 0.0 0.0 
5 880 45.676324845 0.0 0.0 0.0 
5 881 45.676324845 0.0 0.0 0.0 
5 882 45.676324845 0.0 0.0 0.0 
5 883 45.676324845 0.0 0.0 0.0 
5 884 45.676324845 0.0 0.0 0.0 
5 885 45.676324845 0.0 0.0 0.0 
5 886 45.676324845 0.0 0.0 0.0 
5 887 45.676324845 0.0 0.0 0.0 
5 888 45.676324845 0.0 0.0 0.0 
5 889 45.676324845 0.0 0.0 0.0 
5 890 45.676324845 0.0 0.0 0.0 
5 891 45.676324845 0.0 0.0 0.0 
5 892 45.676324845 0.0 0.0 0.0 
5 893 45.676324845 0.0 0.0 0.0 
5 894 45.676324845 0.0 0.0 0.0 
5 895 45.676324845 0.0 0.0 0.0 
5 896 45.676324845 0.0 0.0 0.0 
5 897 45.676324845 0.0 0.0 0.0 
5 898 45.676324845 0.0 0.0 0.0 
5 899 45.676324845 0.0 0.0 0.0 
5 900 45.676324845 0.0 0.0 0.0 
5 901 45.676324845 0.0 0.0 0.0 
5 902 45.676324845 0.0 0.0 0.0 
5 903 45.676324845 0.0 0.0 0.0 
5 904 45.676324845 0.0 0.0 0.0 
5 905 45.676324845 0.0 0.0 0.0 
5 906 45.676324845 0.0 0.0 0.0 
5 907 45.676324845 0.0 0.0 0.0 
5 908 45.676324845 0.0 0.0 0.0 
5 909 45.676324845 0.0 0.0 0.0 
5 910 45.676324845 0.0 0.0 0.0 
5 911 45.676324845 0.0 0.0 0.0 
5 912 45.676324845 0.0 0.0 0.0 
5 913 45.676324845 0.0 0.0 0.0 
5 914 45.676324845 0.0 0.0 0.0 
5 915 45.676324845 0.0 0.0 0.0 
5 916 45.676324845 0.0 0.0 0.0 
5 917 45.676324845 0.0 0.0 0.0 
5 918 45.676324845 0.0 0.0 0.0 
5 919 45.676324845 0.0 0.0 0.0 
5 920 45.676324845 0.0 0.0 0.0 
5 921 45.676324845 0.0 0.0 0.0 
5 922 45.676324845 0.0 0.0 0.0 
5 923 45.676324845 0.0 0.0 0.0 
5 924 45.676324845 0.0 0.0 0.0 
5 925 45.676324845 0.0 0.0 0.0 
5 926 45.676324845 0.0 0.0 0.0 
5 927 45.676324845 0.0 0.0 0.0 
5 928 45.676324845 0.0 0.0 0.0 
5 929 45.676324845 0.0 0.0 0.0 
5 930 45.676324845 0.0 0.0 0.0 
5 931 45.676324845 0.0 0.0 0.0 
5 932 45.676324845 0.0 0.0 0.0 
5 933 45.676324845 0.0 0.0 0.0 
5 934 45.676324845 0.0 0.0 0.0 
5 935 45.676324845 0.0 0.0 0.0 
5 936 45.676324845 0.0 0.0 0.0 
5 937 45.676324845 0.0 0.0 0.0 
5 938 45.676324845 0.0 0.0 0.0 
5 939 45.676324845 0.0 0.0 0.0 
5 940 45.676324845 0.0 0.0 0.0 
5 941 45.676324845 0.0 0.0 0.0 
5 942 45.676324845 0.0 0.0 0.0 
5 943 45.676324845 0.0 0.0 0.0 
5 944 45.676324845 0.0 0.0 0.0 
5 945 45.676324845 0.0 0.0 0.0 
5 946 45.676324845 0.0 0.0 0.0 
5 947 45.676324845 0.0 0.0 0.0 
5 948 45.676324845 0.0 0.0 0.0 
5 949 45.676324845 0.0 0.0 0.0 
5 950 45.676324845 0.0 0.0 0.0 
5 951 45.676324845 0.0 0.0 0.0 
5 952 45.676324845 0.0 0.0 0.0 
5 953 45.676324845 0.0 0.0 0.0 
5 954 45.676324845 0.0 0.0 0.0 
5 955 45.676324845 0.0 0.0 0.0 
5 956 45.676324845 0.0 0.0 0.0 
5 957 45.676324845 0.0 0.0 0.0 
