2 1 34.6537402184106 838072.934824464 0.02043 26.5 0.0 
2 32 34.6981378389674 1558462.26128169 0.02043 26.5 0.0 
2 63 34.7558812146881 1558462.26128285 0.02043 26.5 0.0 
2 94 34.8136245904089 1558462.26128285 0.02043 26.5 0.0 
2 125 34.8713679661296 1558462.26128285 0.02043 26.5 0.0 
2 156 34.9291113418504 1558462.26128169 0.02043 26.5 0.0 
2 187 34.9868547175711 1558462.26128285 0.02043 26.5 0.0 
2 218 35.0445980932919 1558462.26128285 0.02043 26.5 0.0 
2 249 35.1023414690127 1558462.26128169 0.02043 26.5 0.0 
2 280 35.1600848447334 1558462.26128285 0.02043 26.5 0.0 
2 311 35.2178282204542 1558462.26128285 0.02043 26.5 0.0 
2 342 35.2755715961749 1558462.26128169 0.02043 26.5 0.0 
2 373 35.3333149718957 1558462.26128285 0.02043 26.5 0.0 
2 404 35.3910583476164 1558462.26128285 0.02043 26.5 0.0 
2 435 35.4358578748813 859767.421137307 0.02043 26.5 0.0 
2 31 33.6314931570831 900786.691800257 0.02043 26.5 0.0 
2 30 33.7083189074179 1546397.73033443 0.02043 26.5 0.0 
2 29 33.8054126653501 1546397.73033327 0.02043 26.5 0.0 
2 28 33.9025064232822 1546397.73033443 0.02043 26.5 0.0 
2 27 33.9996001812144 1546397.73033444 0.02043 26.5 0.0 
2 26 34.0966939391466 1546397.73033443 0.02043 26.5 0.0 
2 25 34.1937876970788 1546397.73033327 0.02043 26.5 0.0 
2 24 34.2908814550109 1546397.73033444 0.02043 26.5 0.0 
2 23 34.3879752129431 1546397.73033443 0.02043 26.5 0.0 
2 22 34.4850689708753 1546397.73033444 0.02043 26.5 0.0 
2 21 34.5821627288075 1546397.73033443 0.02043 26.5 0.0 
2 20 34.6792564867396 1546397.73033327 0.02043 26.5 0.0 
2 19 34.7763502446718 1546397.73033444 0.02043 26.5 0.0 
2 18 34.8734440026039 1546397.73033443 0.02043 26.5 0.0 
2 17 34.9705377605361 1546397.73033443 0.02043 26.5 0.0 
2 16 35.045435176894 839362.119326778 0.02043 26.5 0.0 
2 957 34.4135504229754 793002.980710612 0.02043 26.5 0.0 
2 926 34.4362572253045 1558470.36254446 0.02043 26.5 0.0 
2 895 34.4663556982977 1558470.36254562 0.02043 26.5 0.0 
2 864 34.4964541712908 1558470.36254562 0.02043 26.5 0.0 
2 833 34.526552644284 1558470.36254446 0.02043 26.5 0.0 
2 802 34.5566511172772 1558470.36254562 0.02043 26.5 0.0 
2 771 34.5867495902704 1558470.36254562 0.02043 26.5 0.0 
2 740 34.6168480632636 1558470.36254562 0.02043 26.5 0.0 
2 709 34.6469465362567 1558470.36254446 0.02043 26.5 0.0 
2 678 34.6770450092499 1558470.36254563 0.02043 26.5 0.0 
2 647 34.7071434822431 1558470.36254562 0.02043 26.5 0.0 
2 616 34.7372419552363 1558470.36254446 0.02043 26.5 0.0 
2 585 34.7673404282295 1558470.36254562 0.02043 26.5 0.0 
2 554 34.7974389012227 1558470.36254562 0.02043 26.5 0.0 
2 523 34.8275373742158 1558470.36254446 0.02043 26.5 0.0 
2 483 34.8493290196419 698231.06914262 0.02043 26.5 0.0 
2 927 34.5176503367085 934462.350052176 0.02043 26.5 0.0 
2 928 34.5427014147805 1546373.04399086 0.02043 26.5 0.0 
2 929 34.573931468936 1546373.04398969 0.02043 26.5 0.0 
2 930 34.6051615230915 1546373.04399086 0.02043 26.5 0.0 
2 931 34.636391577247 1546373.04399086 0.02043 26.5 0.0 
2 932 34.6676216314025 1546373.04399086 0.02043 26.5 0.0 
2 933 34.698851685558 1546373.0439897 0.02043 26.5 0.0 
2 934 34.7300817397135 1546373.04399086 0.02043 26.5 0.0 
2 935 34.7613117938691 1546373.04399086 0.02043 26.5 0.0 
2 936 34.7925418480246 1546373.04399086 0.02043 26.5 0.0 
2 937 34.8237719021801 1546373.04399086 0.02043 26.5 0.0 
2 938 34.8550019563356 1546373.0439897 0.02043 26.5 0.0 
2 939 34.8862320104911 1546373.04399086 0.02043 26.5 0.0 
2 940 34.9174620646466 1546373.04399086 0.02043 26.5 0.0 
2 941 34.9486921188021 1546373.04399086 0.02043 26.5 0.0 
2 942 34.9714392872256 706303.682223875 0.02043 26.5 0.0 
2 435 35.4376018974504 698694.840145542 0.02043 26.5 0.0 
2 484 35.3917806017208 1558462.26128169 0.02043 26.5 0.0 
2 524 35.3285056439321 1558462.26128285 0.02043 26.5 0.0 
2 555 35.2652306861434 1558462.26128285 0.02043 26.5 0.0 
2 586 35.2019557283546 1558462.26128169 0.02043 26.5 0.0 
2 617 35.1386807705659 1558462.26128285 0.02043 26.5 0.0 
2 648 35.0754058127772 1558462.26128285 0.02043 26.5 0.0 
2 679 35.0121308549884 1558462.26128169 0.02043 26.5 0.0 
2 710 34.9488558971997 1558462.26128285 0.02043 26.5 0.0 
2 741 34.885580939411 1558462.26128285 0.02043 26.5 0.0 
2 772 34.8223059816222 1558462.26128285 0.02043 26.5 0.0 
2 803 34.7590310238335 1558462.26128169 0.02043 26.5 0.0 
2 834 34.6957560660448 1558462.26128285 0.02043 26.5 0.0 
2 865 34.632481108256 1558462.26128285 0.02043 26.5 0.0 
2 896 34.5692061504673 1558462.26128169 0.02043 26.5 0.0 
2 927 34.5228914786436 722998.547333626 0.02043 26.5 0.0 
2 16 35.0651665587587 707035.611006496 0.02043 26.5 0.0 
2 15 35.0440702723426 1546397.73033443 0.02043 26.5 0.0 
2 14 35.0151160105645 1546397.73033444 0.02043 26.5 0.0 
2 13 34.9861617487865 1546397.73033443 0.02043 26.5 0.0 
2 12 34.9572074870084 1546397.73033327 0.02043 26.5 0.0 
2 11 34.9282532252304 1546397.73033444 0.02043 26.5 0.0 
2 10 34.8992989634523 1546397.73033443 0.02043 26.5 0.0 
2 9 34.8703447016742 1546397.73033444 0.02043 26.5 0.0 
2 8 34.8413904398962 1546397.73033443 0.02043 26.5 0.0 
2 7 34.8124361781181 1546397.73033327 0.02043 26.5 0.0 
2 6 34.78348191634 1546397.73033444 0.02043 26.5 0.0 
2 5 34.754527654562 1546397.73033443 0.02043 26.5 0.0 
2 4 34.7255733927839 1546397.73033443 0.02043 26.5 0.0 
2 3 34.6966191310059 1546397.73033327 0.02043 26.5 0.0 
2 2 34.6676648692278 1546397.73033443 0.02043 26.5 0.0 
2 1 34.6457010120265 799706.562414698 0.02043 26.5 0.0 
2 483 34.8318310578341 860239.293403004 0.02043 26.5 0.0 
2 434 34.7636751165563 1558470.36254563 0.02043 26.5 0.0 
2 403 34.6758439754752 1558470.36254562 0.02043 26.5 0.0 
2 372 34.5880128343941 1558470.36254446 0.02043 26.5 0.0 
2 341 34.500181693313 1558470.36254562 0.02043 26.5 0.0 
2 310 34.4123505522319 1558470.36254562 0.02043 26.5 0.0 
2 279 34.3245194111508 1558470.36254446 0.02043 26.5 0.0 
2 248 34.2366882700698 1558470.36254563 0.02043 26.5 0.0 
2 217 34.1488571289887 1558470.36254562 0.02043 26.5 0.0 
2 186 34.0610259879076 1558470.36254446 0.02043 26.5 0.0 
2 155 33.9731948468265 1558470.36254562 0.02043 26.5 0.0 
2 124 33.8853637057454 1558470.36254562 0.02043 26.5 0.0 
2 93 33.7975325646643 1558470.36254563 0.02043 26.5 0.0 
2 62 33.7097014235832 1558470.36254446 0.02043 26.5 0.0 
2 31 33.6345000693785 1110266.04025697 0.02043 26.5 0.0 
2 942 34.9681986732246 840069.361765821 0.02043 26.5 0.0 
2 943 34.9387320787376 1546373.04399086 0.02043 26.5 0.0 
2 944 34.9005444004572 1546373.04399086 0.02043 26.5 0.0 
2 945 34.8623567221767 1546373.04399086 0.02043 26.5 0.0 
2 946 34.8241690438963 1546373.0439897 0.02043 26.5 0.0 
2 947 34.7859813656158 1546373.04399086 0.02043 26.5 0.0 
2 948 34.7477936873354 1546373.04399086 0.02043 26.5 0.0 
2 949 34.7096060090549 1546373.04399086 0.02043 26.5 0.0 
2 950 34.6714183307745 1546373.04399086 0.02043 26.5 0.0 
2 951 34.633230652494 1546373.0439897 0.02043 26.5 0.0 
2 952 34.5950429742136 1546373.04399086 0.02043 26.5 0.0 
2 953 34.5568552959331 1546373.04399086 0.02043 26.5 0.0 
2 954 34.5186676176527 1546373.04399086 0.02043 26.5 0.0 
2 955 34.4804799393722 1546373.0439897 0.02043 26.5 0.0 
2 956 34.4422922610918 1546373.04399086 0.02043 26.5 0.0 
2 957 34.4145456395472 700772.085034537 0.02043 26.5 0.0 
3 1 55.6129907096484 838072.934824464 0.024 25.5 0.0 
3 32 55.6911674728783 1558462.26128169 0.024 25.5 0.0 
3 63 55.7928438725415 1558462.26128285 0.024 25.5 0.0 
3 94 55.8945202722047 1558462.26128285 0.024 25.5 0.0 
3 125 55.9961966718679 1558462.26128285 0.024 25.5 0.0 
3 156 56.097873071531 1558462.26128169 0.024 25.5 0.0 
3 187 56.1995494711942 1558462.26128285 0.024 25.5 0.0 
3 218 56.3012258708574 1558462.26128285 0.024 25.5 0.0 
3 249 56.4029022705205 1558462.26128169 0.024 25.5 0.0 
3 280 56.5045786701837 1558462.26128285 0.024 25.5 0.0 
3 311 56.6062550698469 1558462.26128285 0.024 25.5 0.0 
3 342 56.7079314695101 1558462.26128169 0.024 25.5 0.0 
3 373 56.8096078691732 1558462.26128285 0.024 25.5 0.0 
3 404 56.9112842688364 1558462.26128285 0.024 25.5 0.0 
3 435 56.9901687223697 859767.421137307 0.024 25.5 0.0 
3 31 55.7075687423187 900786.691800257 0.024 25.5 0.0 
3 30 55.794587288181 1546397.73033443 0.024 25.5 0.0 
3 29 55.9045628834825 1546397.73033327 0.024 25.5 0.0 
3 28 56.014538478784 1546397.73033443 0.024 25.5 0.0 
3 27 56.1245140740856 1546397.73033444 0.024 25.5 0.0 
3 26 56.2344896693872 1546397.73033443 0.024 25.5 0.0 
3 25 56.3444652646887 1546397.73033327 0.024 25.5 0.0 
3 24 56.4544408599902 1546397.73033444 0.024 25.5 0.0 
3 23 56.5644164552918 1546397.73033443 0.024 25.5 0.0 
3 22 56.6743920505933 1546397.73033444 0.024 25.5 0.0 
3 21 56.7843676458949 1546397.73033443 0.024 25.5 0.0 
3 20 56.8943432411964 1546397.73033327 0.024 25.5 0.0 
3 19 57.0043188364979 1546397.73033444 0.024 25.5 0.0 
3 18 57.1142944317995 1546397.73033443 0.024 25.5 0.0 
3 17 57.2242700271011 1546397.73033443 0.024 25.5 0.0 
3 16 57.3091043988045 839362.119326778 0.024 25.5 0.0 
3 957 55.8405001266777 793002.980710612 0.024 25.5 0.0 
3 926 55.9126175798066 1558470.36254446 0.024 25.5 0.0 
3 895 56.0082111902094 1558470.36254562 0.024 25.5 0.0 
3 864 56.1038048006121 1558470.36254562 0.024 25.5 0.0 
3 833 56.1993984110148 1558470.36254446 0.024 25.5 0.0 
3 802 56.2949920214176 1558470.36254562 0.024 25.5 0.0 
3 771 56.3905856318203 1558470.36254562 0.024 25.5 0.0 
3 740 56.4861792422231 1558470.36254562 0.024 25.5 0.0 
3 709 56.5817728526258 1558470.36254446 0.024 25.5 0.0 
3 678 56.6773664630285 1558470.36254563 0.024 25.5 0.0 
3 647 56.7729600734313 1558470.36254562 0.024 25.5 0.0 
3 616 56.868553683834 1558470.36254446 0.024 25.5 0.0 
3 585 56.9641472942367 1558470.36254562 0.024 25.5 0.0 
3 554 57.0597409046395 1558470.36254562 0.024 25.5 0.0 
3 523 57.1553345150422 1558470.36254446 0.024 25.5 0.0 
3 483 57.2245454036932 698231.06914262 0.024 25.5 0.0 
3 927 55.8075295006168 934462.350052176 0.024 25.5 0.0 
3 928 55.8978890195016 1546373.04399086 0.024 25.5 0.0 
3 929 56.0105361742519 1546373.04398969 0.024 25.5 0.0 
3 930 56.1231833290023 1546373.04399086 0.024 25.5 0.0 
3 931 56.2358304837526 1546373.04399086 0.024 25.5 0.0 
3 932 56.348477638503 1546373.04399086 0.024 25.5 0.0 
3 933 56.4611247932533 1546373.0439897 0.024 25.5 0.0 
3 934 56.5737719480036 1546373.04399086 0.024 25.5 0.0 
3 935 56.686419102754 1546373.04399086 0.024 25.5 0.0 
3 936 56.7990662575043 1546373.04399086 0.024 25.5 0.0 
3 937 56.9117134122547 1546373.04399086 0.024 25.5 0.0 
3 938 57.024360567005 1546373.0439897 0.024 25.5 0.0 
3 939 57.1370077217553 1546373.04399086 0.024 25.5 0.0 
3 940 57.2496548765057 1546373.04399086 0.024 25.5 0.0 
3 941 57.3623020312561 1546373.04399086 0.024 25.5 0.0 
3 942 57.4443513222621 706303.682223875 0.024 25.5 0.0 
3 435 56.9995042562949 698694.840145542 0.024 25.5 0.0 
3 484 56.9390586488711 1558462.26128169 0.024 25.5 0.0 
3 524 56.8555888735767 1558462.26128285 0.024 25.5 0.0 
3 555 56.7721190982822 1558462.26128285 0.024 25.5 0.0 
3 586 56.6886493229877 1558462.26128169 0.024 25.5 0.0 
3 617 56.6051795476932 1558462.26128285 0.024 25.5 0.0 
3 648 56.5217097723987 1558462.26128285 0.024 25.5 0.0 
3 679 56.4382399971043 1558462.26128169 0.024 25.5 0.0 
3 710 56.3547702218098 1558462.26128285 0.024 25.5 0.0 
3 741 56.2713004465153 1558462.26128285 0.024 25.5 0.0 
3 772 56.1878306712208 1558462.26128285 0.024 25.5 0.0 
3 803 56.1043608959263 1558462.26128169 0.024 25.5 0.0 
3 834 56.0208911206319 1558462.26128285 0.024 25.5 0.0 
3 865 55.9374213453374 1558462.26128285 0.024 25.5 0.0 
3 896 55.8539515700429 1558462.26128169 0.024 25.5 0.0 
3 927 55.7928551207514 722998.547333626 0.024 25.5 0.0 
3 16 57.3121840854335 707035.611006496 0.024 25.5 0.0 
3 15 57.2268738187008 1546397.73033443 0.024 25.5 0.0 
3 14 57.109787060083 1546397.73033444 0.024 25.5 0.0 
3 13 56.9927003014651 1546397.73033443 0.024 25.5 0.0 
3 12 56.8756135428472 1546397.73033327 0.024 25.5 0.0 
3 11 56.7585267842294 1546397.73033444 0.024 25.5 0.0 
3 10 56.6414400256115 1546397.73033443 0.024 25.5 0.0 
3 9 56.5243532669936 1546397.73033444 0.024 25.5 0.0 
3 8 56.4072665083757 1546397.73033443 0.024 25.5 0.0 
3 7 56.2901797497578 1546397.73033327 0.024 25.5 0.0 
3 6 56.17309299114 1546397.73033444 0.024 25.5 0.0 
3 5 56.0560062325221 1546397.73033443 0.024 25.5 0.0 
3 4 55.9389194739042 1546397.73033443 0.024 25.5 0.0 
3 3 55.8218327152864 1546397.73033327 0.024 25.5 0.0 
3 2 55.7047459566685 1546397.73033443 0.024 25.5 0.0 
3 1 55.6159273618048 799706.562414698 0.024 25.5 0.0 
3 483 57.2155748583589 860239.293403004 0.024 25.5 0.0 
3 434 57.1301432864746 1558470.36254563 0.024 25.5 0.0 
3 403 57.0200494002738 1558470.36254562 0.024 25.5 0.0 
3 372 56.909955514073 1558470.36254446 0.024 25.5 0.0 
3 341 56.7998616278722 1558470.36254562 0.024 25.5 0.0 
3 310 56.6897677416713 1558470.36254562 0.024 25.5 0.0 
3 279 56.5796738554705 1558470.36254446 0.024 25.5 0.0 
3 248 56.4695799692697 1558470.36254563 0.024 25.5 0.0 
3 217 56.3594860830689 1558470.36254562 0.024 25.5 0.0 
3 186 56.2493921968681 1558470.36254446 0.024 25.5 0.0 
3 155 56.1392983106673 1558470.36254562 0.024 25.5 0.0 
3 124 56.0292044244665 1558470.36254562 0.024 25.5 0.0 
3 93 55.9191105382656 1558470.36254563 0.024 25.5 0.0 
3 62 55.8090166520648 1558470.36254446 0.024 25.5 0.0 
3 31 55.7147538515358 1110266.04025697 0.024 25.5 0.0 
3 942 57.4401204850722 840069.361765821 0.024 25.5 0.0 
3 943 57.3550208653714 1546373.04399086 0.024 25.5 0.0 
3 944 57.244734727611 1546373.04399086 0.024 25.5 0.0 
3 945 57.1344485898506 1546373.04399086 0.024 25.5 0.0 
3 946 57.0241624520902 1546373.0439897 0.024 25.5 0.0 
3 947 56.9138763143298 1546373.04399086 0.024 25.5 0.0 
3 948 56.8035901765694 1546373.04399086 0.024 25.5 0.0 
3 949 56.693304038809 1546373.04399086 0.024 25.5 0.0 
3 950 56.5830179010486 1546373.04399086 0.024 25.5 0.0 
3 951 56.4727317632883 1546373.0439897 0.024 25.5 0.0 
3 952 56.3624456255279 1546373.04399086 0.024 25.5 0.0 
3 953 56.2521594877675 1546373.04399086 0.024 25.5 0.0 
3 954 56.1418733500071 1546373.04399086 0.024 25.5 0.0 
3 955 56.0315872122468 1546373.0439897 0.024 25.5 0.0 
3 956 55.9213010744864 1546373.04399086 0.024 25.5 0.0 
3 957 55.8411687421781 700772.085034537 0.024 25.5 0.0 
4 1 53.9983778580804 838072.934824464 0.0277 27 0.0 
4 32 54.0637555262182 1558462.26128169 0.0277 27 0.0 
4 63 54.1487854716903 1558462.26128285 0.0277 27 0.0 
4 94 54.2338154171624 1558462.26128285 0.0277 27 0.0 
4 125 54.3188453626346 1558462.26128285 0.0 0.0 0.0 
1 1 0.0 1.0 0.0277 27 0.0 
4 156 54.4038753081067 1558462.26128169 0.0 0.0 0.0 
1 1 0.0 1.0 0.0277 27 0.0 
4 187 54.4889052535788 1558462.26128285 0.0 0.0 0.0 
1 1 0.0 1.0 0.0277 27 0.0 
4 218 54.5739351990509 1558462.26128285 0.0 0.0 0.0 
1 1 0.0 1.0 0.0277 27 0.0 
4 249 54.658965144523 1558462.26128169 0.0 0.0 0.0 
1 1 0.0 1.0 0.0277 27 0.0 
4 280 54.7439950899951 1558462.26128285 0.0 0.0 0.0 
1 1 0.0 1.0 0.0277 27 0.0 
4 311 54.8290250354673 1558462.26128285 0.0 0.0 0.0 
1 1 0.0 1.0 0.0277 27 0.0 
4 342 54.9140549809394 1558462.26128169 0.0 0.0 0.0 
1 1 0.0 1.0 0.0277 27 0.0 
4 373 54.9990849264115 1558462.26128285 0.0 0.0 0.0 
1 1 0.0 1.0 0.0277 27 0.0 
4 404 55.0841148718836 1558462.26128285 0.0 0.0 0.0 
1 1 0.0 1.0 0.0277 27 0.0 
4 435 55.1500843673098 859767.421137307 0.0 0.0 0.0 
1 1 0.0 1.0 0.0277 27 0.0 
4 31 54.0613686239641 900786.691800257 0.0 0.0 0.0 
1 1 0.0 1.0 0.0277 27 0.0 
4 30 54.1286384678944 1546397.73033443 0.0 0.0 0.0 
1 1 0.0 1.0 0.0277 27 0.0 
4 29 54.2136553003267 1546397.73033327 0.0 0.0 0.0 
1 1 0.0 1.0 0.0277 27 0.0 
4 28 54.2986721327589 1546397.73033443 0.0 0.0 0.0 
1 1 0.0 1.0 0.0277 27 0.0 
4 27 54.3836889651912 1546397.73033444 0.0 0.0 0.0 
1 1 0.0 1.0 0.0277 27 0.0 
4 26 54.4687057976235 1546397.73033443 0.0 0.0 0.0 
1 1 0.0 1.0 0.0277 27 0.0 
4 25 54.5537226300557 1546397.73033327 0.0 0.0 0.0 
1 1 0.0 1.0 0.0277 27 0.0 
4 24 54.6387394624879 1546397.73033444 0.0 0.0 0.0 
1 1 0.0 1.0 0.0277 27 0.0 
4 23 54.7237562949202 1546397.73033443 0.0 0.0 0.0 
1 1 0.0 1.0 0.0277 27 0.0 
4 22 54.8087731273525 1546397.73033444 0.0 0.0 0.0 
1 1 0.0 1.0 0.0277 27 0.0 
4 21 54.8937899597848 1546397.73033443 0.0 0.0 0.0 
1 1 0.0 1.0 0.0277 27 0.0 
4 20 54.978806792217 1546397.73033327 0.0 0.0 0.0 
1 1 0.0 1.0 0.0277 27 0.0 
4 19 55.0638236246492 1546397.73033444 0.0 0.0 0.0 
1 1 0.0 1.0 0.0277 27 0.0 
4 18 55.1488404570815 1546397.73033443 0.0 0.0 0.0 
1 1 0.0 1.0 0.0277 27 0.0 
4 17 55.2338572895138 1546397.73033443 0.0 0.0 0.0 
1 1 0.0 1.0 0.0277 27 0.0 
4 16 55.2994386536685 839362.119326778 0.0 0.0 0.0 
1 1 0.0 1.0 0.0277 27 0.0 
4 957 54.1089641919609 793002.980710612 0.0 0.0 0.0 
1 1 0.0 1.0 0.0277 27 0.0 
4 926 54.1641836120501 1558470.36254446 0.0 0.0 0.0 
1 1 0.0 1.0 0.0277 27 0.0 
4 895 54.2373784283066 1558470.36254562 0.0 0.0 0.0 
1 1 0.0 1.0 0.0277 27 0.0 
4 864 54.3105732445632 1558470.36254562 0.0 0.0 0.0 
1 1 0.0 1.0 0.0277 27 0.0 
4 833 54.3837680608198 1558470.36254446 0.0 0.0 0.0 
1 1 0.0 1.0 0.0277 27 0.0 
4 802 54.4569628770764 1558470.36254562 0.0 0.0 0.0 
1 1 0.0 1.0 0.0277 27 0.0 
4 771 54.530157693333 1558470.36254562 0.0 0.0 0.0 
1 1 0.0 1.0 0.0277 27 0.0 
4 740 54.6033525095896 1558470.36254562 0.0 0.0 0.0 
1 1 0.0 1.0 0.0277 27 0.0 
4 709 54.6765473258462 1558470.36254446 0.0 0.0 0.0 
1 1 0.0 1.0 0.0277 27 0.0 
4 678 54.7497421421027 1558470.36254563 0.0 0.0 0.0 
1 1 0.0 1.0 0.0277 27 0.0 
4 647 54.8229369583593 1558470.36254562 0.0 0.0 0.0 
1 1 0.0 1.0 0.0277 27 0.0 
4 616 54.8961317746159 1558470.36254446 0.0 0.0 0.0 
1 1 0.0 1.0 0.0277 27 0.0 
4 585 54.9693265908725 1558470.36254562 0.0 0.0 0.0 
1 1 0.0 1.0 0.0277 27 0.0 
4 554 55.0425214071291 1558470.36254562 0.0 0.0 0.0 
1 1 0.0 1.0 0.0277 27 0.0 
4 523 55.1157162233857 1558470.36254446 0.0 0.0 0.0 
1 1 0.0 1.0 0.0277 27 0.0 
4 483 55.168710123882 698231.06914262 0.0 0.0 0.0 
1 1 0.0 1.0 0.0277 27 0.0 
4 927 54.0678975662488 934462.350052176 0.0 0.0 0.0 
1 1 0.0 1.0 0.0277 27 0.0 
4 928 54.1364982361002 1546373.04399086 0.0 0.0 0.0 
1 1 0.0 1.0 0.0277 27 0.0 
4 929 54.2220196108053 1546373.04398969 0.0 0.0 0.0 
1 1 0.0 1.0 0.0277 27 0.0 
4 930 54.3075409855105 1546373.04399086 0.0 0.0 0.0 
1 1 0.0 1.0 0.0277 27 0.0 
4 931 54.3930623602156 1546373.04399086 0.0 0.0 0.0 
1 1 0.0 1.0 0.0277 27 0.0 
4 932 54.4785837349208 1546373.04399086 0.0 0.0 0.0 
1 1 0.0 1.0 0.0277 27 0.0 
4 933 54.5641051096259 1546373.0439897 0.0 0.0 0.0 
1 1 0.0 1.0 0.0277 27 0.0 
4 934 54.6496264843311 1546373.04399086 0.0 0.0 0.0 
1 1 0.0 1.0 0.0277 27 0.0 
4 935 54.7351478590362 1546373.04399086 0.0 0.0 0.0 
1 1 0.0 1.0 0.0277 27 0.0 
4 936 54.8206692337414 1546373.04399086 0.0 0.0 0.0 
1 1 0.0 1.0 0.0277 27 0.0 
4 937 54.9061906084466 1546373.04399086 0.0 0.0 0.0 
1 1 0.0 1.0 0.0277 27 0.0 
4 938 54.9917119831517 1546373.0439897 0.0 0.0 0.0 
1 1 0.0 1.0 0.0277 27 0.0 
4 939 55.0772333578569 1546373.04399086 0.0 0.0 0.0 
1 1 0.0 1.0 0.0277 27 0.0 
4 940 55.162754732562 1546373.04399086 0.0 0.0 0.0 
1 1 0.0 1.0 0.0277 27 0.0 
4 941 55.2482761072672 1546373.04399086 0.0 0.0 0.0 
1 1 0.0 1.0 0.0277 27 0.0 
4 942 55.3105676775777 706303.682223875 0.0 0.0 0.0 
1 1 0.0 1.0 0.0277 27 0.0 
4 435 55.1565304017029 698694.840145542 0.0 0.0 0.0 
1 1 0.0 1.0 0.0277 27 0.0 
4 484 55.1015839101323 1558462.26128169 0.0 0.0 0.0 
1 1 0.0 1.0 0.0277 27 0.0 
4 524 55.0257079035855 1558462.26128285 0.0 0.0 0.0 
1 1 0.0 1.0 0.0277 27 0.0 
4 555 54.9498318970386 1558462.26128285 0.0 0.0 0.0 
1 1 0.0 1.0 0.0277 27 0.0 
4 586 54.8739558904917 1558462.26128169 0.0 0.0 0.0 
1 1 0.0 1.0 0.0277 27 0.0 
4 617 54.7980798839449 1558462.26128285 0.0 0.0 0.0 
1 1 0.0 1.0 0.0277 27 0.0 
4 648 54.722203877398 1558462.26128285 0.0 0.0 0.0 
1 1 0.0 1.0 0.0277 27 0.0 
4 679 54.6463278708512 1558462.26128169 0.0 0.0 0.0 
1 1 0.0 1.0 0.0277 27 0.0 
4 710 54.5704518643043 1558462.26128285 0.0 0.0 0.0 
1 1 0.0 1.0 0.0277 27 0.0 
4 741 54.4945758577575 1558462.26128285 0.0 0.0 0.0 
1 1 0.0 1.0 0.0277 27 0.0 
4 772 54.4186998512106 1558462.26128285 0.0 0.0 0.0 
1 1 0.0 1.0 0.0277 27 0.0 
4 803 54.3428238446638 1558462.26128169 0.0 0.0 0.0 
1 1 0.0 1.0 0.0277 27 0.0 
4 834 54.2669478381169 1558462.26128285 0.0 0.0 0.0 
1 1 0.0 1.0 0.0277 27 0.0 
4 865 54.19107183157 1558462.26128285 0.0 0.0 0.0 
1 1 0.0 1.0 0.0277 27 0.0 
4 896 54.1151958250232 1558462.26128169 0.0 0.0 0.0 
1 1 0.0 1.0 0.0277 27 0.0 
4 927 54.0596577027499 722998.547333626 0.0 0.0 0.0 
1 1 0.0 1.0 0.0277 27 0.0 
4 16 55.301947564551 707035.611006496 0.0 0.0 0.0 
1 1 0.0 1.0 0.0277 27 0.0 
4 15 55.2364067544226 1546397.73033443 0.0 0.0 0.0 
1 1 0.0 1.0 0.0277 27 0.0 
4 14 55.1464532082783 1546397.73033444 0.0 0.0 0.0 
1 1 0.0 1.0 0.0277 27 0.0 
4 13 55.056499662134 1546397.73033443 0.0 0.0 0.0 
1 1 0.0 1.0 0.0277 27 0.0 
4 12 54.9665461159897 1546397.73033327 0.0 0.0 0.0 
1 1 0.0 1.0 0.0277 27 0.0 
4 11 54.8765925698454 1546397.73033444 0.0 0.0 0.0 
1 1 0.0 1.0 0.0277 27 0.0 
4 10 54.7866390237011 1546397.73033443 0.0 0.0 0.0 
1 1 0.0 1.0 0.0277 27 0.0 
4 9 54.6966854775568 1546397.73033444 0.0 0.0 0.0 
1 1 0.0 1.0 0.0277 27 0.0 
4 8 54.6067319314125 1546397.73033443 0.0 0.0 0.0 
1 1 0.0 1.0 0.0277 27 0.0 
4 7 54.5167783852682 1546397.73033327 0.0 0.0 0.0 
1 1 0.0 1.0 0.0277 27 0.0 
4 6 54.4268248391239 1546397.73033444 0.0 0.0 0.0 
1 1 0.0 1.0 0.0277 27 0.0 
4 5 54.3368712929796 1546397.73033443 0.0 0.0 0.0 
1 1 0.0 1.0 0.0277 27 0.0 
4 4 54.2469177468352 1546397.73033443 0.0 0.0 0.0 
1 1 0.0 1.0 0.0277 27 0.0 
4 3 54.156964200691 1546397.73033327 0.0 0.0 0.0 
1 1 0.0 1.0 0.0277 27 0.0 
4 2 54.0670106545467 1546397.73033443 0.0 0.0 0.0 
1 1 0.0 1.0 0.0277 27 0.0 
4 1 53.9987745220765 799706.562414698 0.0 0.0 0.0 
1 1 0.0 1.0 0.0277 27 0.0 
4 483 55.1628853662926 860239.293403004 0.0 0.0 0.0 
1 1 0.0 1.0 0.0277 27 0.0 
4 434 55.1004065278444 1558470.36254563 0.0 0.0 0.0 
1 1 0.0 1.0 0.0277 27 0.0 
4 403 55.019891350863 1558470.36254562 0.0 0.0 0.0 
1 1 0.0 1.0 0.0277 27 0.0 
4 372 54.9393761738816 1558470.36254446 0.0 0.0 0.0 
1 1 0.0 1.0 0.0277 27 0.0 
4 341 54.8588609969002 1558470.36254562 0.0 0.0 0.0 
1 1 0.0 1.0 0.0277 27 0.0 
4 310 54.7783458199188 1558470.36254562 0.0 0.0 0.0 
1 1 0.0 1.0 0.0277 27 0.0 
4 279 54.6978306429374 1558470.36254446 0.0 0.0 0.0 
1 1 0.0 1.0 0.0277 27 0.0 
4 248 54.617315465956 1558470.36254563 0.0 0.0 0.0 
1 1 0.0 1.0 0.0277 27 0.0 
4 217 54.5368002889746 1558470.36254562 0.0 0.0 0.0 
1 1 0.0 1.0 0.0277 27 0.0 
4 186 54.4562851119932 1558470.36254446 0.0 0.0 0.0 
1 1 0.0 1.0 0.0277 27 0.0 
4 155 54.3757699350118 1558470.36254562 0.0 0.0 0.0 
1 1 0.0 1.0 0.0277 27 0.0 
4 124 54.2952547580303 1558470.36254562 0.0 0.0 0.0 
1 1 0.0 1.0 0.0277 27 0.0 
4 93 54.2147395810489 1558470.36254563 0.0 0.0 0.0 
1 1 0.0 1.0 0.0277 27 0.0 
4 62 54.1342244040675 1558470.36254446 0.0 0.0 0.0 
1 1 0.0 1.0 0.0277 27 0.0 
4 31 54.0652870059134 1110266.04025697 0.0 0.0 0.0 
1 1 0.0 1.0 0.0277 27 0.0 
4 942 55.3076432247392 840069.361765821 0.0 0.0 0.0 
1 1 0.0 1.0 0.0277 27 0.0 
4 943 55.2438528188282 1546373.04399086 0.0 0.0 0.0 
1 1 0.0 1.0 0.0277 27 0.0 
4 944 55.1611826785994 1546373.04399086 0.0 0.0 0.0 
1 1 0.0 1.0 0.0277 27 0.0 
4 945 55.0785125383706 1546373.04399086 0.0 0.0 0.0 
1 1 0.0 1.0 0.0277 27 0.0 
4 946 54.9958423981418 1546373.0439897 0.0 0.0 0.0 
1 1 0.0 1.0 0.0277 27 0.0 
4 947 54.913172257913 1546373.04399086 0.0 0.0 0.0 
1 1 0.0 1.0 0.0277 27 0.0 
4 948 54.8305021176842 1546373.04399086 0.0 0.0 0.0 
1 1 0.0 1.0 0.0277 27 0.0 
4 949 54.7478319774554 1546373.04399086 0.0 0.0 0.0 
1 1 0.0 1.0 0.0277 27 0.0 
4 950 54.6651618372265 1546373.04399086 0.0 0.0 0.0 
1 1 0.0 1.0 0.0277 27 0.0 
4 951 54.5824916969977 1546373.0439897 0.0 0.0 0.0 
1 1 0.0 1.0 0.0277 27 0.0 
4 952 54.499821556769 1546373.04399086 0.0 0.0 0.0 
1 1 0.0 1.0 0.0277 27 0.0 
4 953 54.4171514165401 1546373.04399086 0.0 0.0 0.0 
1 1 0.0 1.0 0.0277 27 0.0 
4 954 54.3344812763113 1546373.04399086 0.0 0.0 0.0 
1 1 0.0 1.0 0.0277 27 0.0 
4 955 54.2518111360825 1546373.0439897 0.0 0.0 0.0 
1 1 0.0 1.0 0.0277 27 0.0 
4 956 54.1691409958538 1546373.04399086 0.0 0.0 0.0 
1 1 0.0 1.0 0.0277 27 0.0 
4 957 54.1090740528697 700772.085034537 0.0 0.0 0.0 
1 1 0.0 1.0 0.0277 27 0.0 
