2 1 31.5203373351905 838072.934824464 0.02043 26.5 0.0 
2 32 31.5240693054478 1558462.26128169 0.02043 26.5 0.0 
2 63 31.5289230917102 1558462.26128285 0.02043 26.5 0.0 
2 94 31.5337768779726 1558462.26128285 0.02043 26.5 0.0 
2 125 31.538630664235 1558462.26128285 0.02043 26.5 0.0 
2 156 31.5434844504974 1558462.26128169 0.02043 26.5 0.0 
2 187 31.5483382367598 1558462.26128285 0.02043 26.5 0.0 
2 218 31.5531920230222 1558462.26128285 0.02043 26.5 0.0 
2 249 31.5580458092846 1558462.26128169 0.02043 26.5 0.0 
2 280 31.562899595547 1558462.26128285 0.02043 26.5 0.0 
2 311 31.5677533818094 1558462.26128285 0.02043 26.5 0.0 
2 342 31.5726071680718 1558462.26128169 0.02043 26.5 0.0 
2 373 31.5774609543342 1558462.26128285 0.02043 26.5 0.0 
2 404 31.5823147405966 1558462.26128285 0.02043 26.5 0.0 
2 435 31.5860804942833 859767.421137307 0.02043 26.5 0.0 
2 31 30.7205647042128 900786.691800257 0.02043 26.5 0.0 
2 30 30.746636955056 1546397.73033443 0.02043 26.5 0.0 
2 29 30.7795875321878 1546397.73033327 0.02043 26.5 0.0 
2 28 30.8125381093196 1546397.73033443 0.02043 26.5 0.0 
2 27 30.8454886864514 1546397.73033444 0.02043 26.5 0.0 
2 26 30.8784392635832 1546397.73033443 0.02043 26.5 0.0 
2 25 30.911389840715 1546397.73033327 0.02043 26.5 0.0 
2 24 30.9443404178468 1546397.73033444 0.02043 26.5 0.0 
2 23 30.9772909949787 1546397.73033443 0.02043 26.5 0.0 
2 22 31.0102415721105 1546397.73033444 0.02043 26.5 0.0 
2 21 31.0431921492423 1546397.73033443 0.02043 26.5 0.0 
2 20 31.0761427263741 1546397.73033327 0.02043 26.5 0.0 
2 19 31.1090933035059 1546397.73033444 0.02043 26.5 0.0 
2 18 31.1420438806377 1546397.73033443 0.02043 26.5 0.0 
2 17 31.1749944577695 1546397.73033443 0.02043 26.5 0.0 
2 16 31.2004122925225 839362.119326778 0.02043 26.5 0.0 
2 957 31.7510002391693 793002.980710612 0.02043 26.5 0.0 
2 926 31.7190524821745 1558470.36254446 0.02043 26.5 0.0 
2 895 31.6767048769431 1558470.36254562 0.02043 26.5 0.0 
2 864 31.6343572717117 1558470.36254562 0.02043 26.5 0.0 
2 833 31.5920096664804 1558470.36254446 0.02043 26.5 0.0 
2 802 31.549662061249 1558470.36254562 0.02043 26.5 0.0 
2 771 31.5073144560176 1558470.36254562 0.02043 26.5 0.0 
2 740 31.4649668507862 1558470.36254562 0.02043 26.5 0.0 
2 709 31.4226192455548 1558470.36254446 0.02043 26.5 0.0 
2 678 31.3802716403234 1558470.36254563 0.02043 26.5 0.0 
2 647 31.337924035092 1558470.36254562 0.02043 26.5 0.0 
2 616 31.2955764298606 1558470.36254446 0.02043 26.5 0.0 
2 585 31.2532288246292 1558470.36254562 0.02043 26.5 0.0 
2 554 31.2108812193979 1558470.36254562 0.02043 26.5 0.0 
2 523 31.1685336141665 1558470.36254446 0.02043 26.5 0.0 
2 483 31.1378734541625 698231.06914262 0.02043 26.5 0.0 
2 927 31.4828261483504 934462.350052176 0.02043 26.5 0.0 
2 928 31.4663500039267 1546373.04399086 0.02043 26.5 0.0 
2 929 31.4458099345073 1546373.04398969 0.02043 26.5 0.0 
2 930 31.425269865088 1546373.04399086 0.02043 26.5 0.0 
2 931 31.4047297956686 1546373.04399086 0.02043 26.5 0.0 
2 932 31.3841897262493 1546373.04399086 0.02043 26.5 0.0 
2 933 31.3636496568299 1546373.0439897 0.02043 26.5 0.0 
2 934 31.3431095874106 1546373.04399086 0.02043 26.5 0.0 
2 935 31.3225695179912 1546373.04399086 0.02043 26.5 0.0 
2 936 31.3020294485719 1546373.04399086 0.02043 26.5 0.0 
2 937 31.2814893791525 1546373.04399086 0.02043 26.5 0.0 
2 938 31.2609493097332 1546373.0439897 0.02043 26.5 0.0 
2 939 31.2404092403138 1546373.04399086 0.02043 26.5 0.0 
2 940 31.2198691708945 1546373.04399086 0.02043 26.5 0.0 
2 941 31.1993291014751 1546373.04399086 0.02043 26.5 0.0 
2 942 31.1843682430602 706303.682223875 0.02043 26.5 0.0 
2 435 31.5859403946696 698694.840145542 0.02043 26.5 0.0 
2 484 31.5811625642682 1558462.26128169 0.02043 26.5 0.0 
2 524 31.5745648238038 1558462.26128285 0.02043 26.5 0.0 
2 555 31.5679670833394 1558462.26128285 0.02043 26.5 0.0 
2 586 31.561369342875 1558462.26128169 0.02043 26.5 0.0 
2 617 31.5547716024106 1558462.26128285 0.02043 26.5 0.0 
2 648 31.5481738619462 1558462.26128285 0.02043 26.5 0.0 
2 679 31.5415761214818 1558462.26128169 0.02043 26.5 0.0 
2 710 31.5349783810174 1558462.26128285 0.02043 26.5 0.0 
2 741 31.528380640553 1558462.26128285 0.02043 26.5 0.0 
2 772 31.5217829000886 1558462.26128285 0.02043 26.5 0.0 
2 803 31.5151851596242 1558462.26128169 0.02043 26.5 0.0 
2 834 31.5085874191598 1558462.26128285 0.02043 26.5 0.0 
2 865 31.5019896786954 1558462.26128285 0.02043 26.5 0.0 
2 896 31.4953919382309 1558462.26128169 0.02043 26.5 0.0 
2 927 31.4905626630316 722998.547333626 0.02043 26.5 0.0 
2 16 31.2140825556828 707035.611006496 0.02043 26.5 0.0 
2 15 31.2291505308878 1546397.73033443 0.02043 26.5 0.0 
2 14 31.2498310473515 1546397.73033444 0.02043 26.5 0.0 
2 13 31.2705115638152 1546397.73033443 0.02043 26.5 0.0 
2 12 31.2911920802788 1546397.73033327 0.02043 26.5 0.0 
2 11 31.3118725967425 1546397.73033444 0.02043 26.5 0.0 
2 10 31.3325531132062 1546397.73033443 0.02043 26.5 0.0 
2 9 31.3532336296699 1546397.73033444 0.02043 26.5 0.0 
2 8 31.3739141461336 1546397.73033443 0.02043 26.5 0.0 
2 7 31.3945946625973 1546397.73033327 0.02043 26.5 0.0 
2 6 31.4152751790609 1546397.73033444 0.02043 26.5 0.0 
2 5 31.4359556955246 1546397.73033443 0.02043 26.5 0.0 
2 4 31.4566362119883 1546397.73033443 0.02043 26.5 0.0 
2 3 31.477316728452 1546397.73033327 0.02043 26.5 0.0 
2 2 31.4979972449157 1546397.73033443 0.02043 26.5 0.0 
2 1 31.513684880606 799706.562414698 0.02043 26.5 0.0 
2 483 31.1203108368655 860239.293403004 0.02043 26.5 0.0 
2 434 31.0976030531418 1558470.36254563 0.02043 26.5 0.0 
2 403 31.068340005512 1558470.36254562 0.02043 26.5 0.0 
2 372 31.0390769578821 1558470.36254446 0.02043 26.5 0.0 
2 341 31.0098139102523 1558470.36254562 0.02043 26.5 0.0 
2 310 30.9805508626225 1558470.36254562 0.02043 26.5 0.0 
2 279 30.9512878149926 1558470.36254446 0.02043 26.5 0.0 
2 248 30.9220247673628 1558470.36254563 0.02043 26.5 0.0 
2 217 30.8927617197329 1558470.36254562 0.02043 26.5 0.0 
2 186 30.8634986721031 1558470.36254446 0.02043 26.5 0.0 
2 155 30.8342356244733 1558470.36254562 0.02043 26.5 0.0 
2 124 30.8049725768434 1558470.36254562 0.02043 26.5 0.0 
2 93 30.7757095292136 1558470.36254563 0.02043 26.5 0.0 
2 62 30.7464464815837 1558470.36254446 0.02043 26.5 0.0 
2 31 30.7213913498522 1110266.04025697 0.02043 26.5 0.0 
2 942 31.1902207637859 840069.361765821 0.02043 26.5 0.0 
2 943 31.2201719623345 1546373.04399086 0.02043 26.5 0.0 
2 944 31.2589876705694 1546373.04399086 0.02043 26.5 0.0 
2 945 31.2978033788044 1546373.04399086 0.02043 26.5 0.0 
2 946 31.3366190870394 1546373.0439897 0.02043 26.5 0.0 
2 947 31.3754347952743 1546373.04399086 0.02043 26.5 0.0 
2 948 31.4142505035093 1546373.04399086 0.02043 26.5 0.0 
2 949 31.4530662117443 1546373.04399086 0.02043 26.5 0.0 
2 950 31.4918819199793 1546373.04399086 0.02043 26.5 0.0 
2 951 31.5306976282142 1546373.0439897 0.02043 26.5 0.0 
2 952 31.5695133364492 1546373.04399086 0.02043 26.5 0.0 
2 953 31.6083290446842 1546373.04399086 0.02043 26.5 0.0 
2 954 31.6471447529191 1546373.04399086 0.02043 26.5 0.0 
2 955 31.6859604611541 1546373.0439897 0.02043 26.5 0.0 
2 956 31.7247761693891 1546373.04399086 0.02043 26.5 0.0 
2 957 31.7529791085275 700772.085034537 0.02043 26.5 0.0 
3 1 48.3347631231536 838072.934824464 0.024 25.5 0.0 
3 32 48.3415397101431 1558462.26128169 0.024 25.5 0.0 
3 63 48.3503533132985 1558462.26128285 0.024 25.5 0.0 
3 94 48.359166916454 1558462.26128285 0.024 25.5 0.0 
3 125 48.3679805196095 1558462.26128285 0.024 25.5 0.0 
3 156 48.376794122765 1558462.26128169 0.024 25.5 0.0 
3 187 48.3856077259205 1558462.26128285 0.024 25.5 0.0 
3 218 48.394421329076 1558462.26128285 0.024 25.5 0.0 
3 249 48.4032349322315 1558462.26128169 0.024 25.5 0.0 
3 280 48.412048535387 1558462.26128285 0.024 25.5 0.0 
3 311 48.4208621385425 1558462.26128285 0.024 25.5 0.0 
3 342 48.429675741698 1558462.26128169 0.024 25.5 0.0 
3 373 48.4384893448535 1558462.26128285 0.024 25.5 0.0 
3 404 48.447302948009 1558462.26128285 0.024 25.5 0.0 
3 435 48.4541408796321 859767.421137307 0.024 25.5 0.0 
3 31 48.4093452820705 900786.691800257 0.024 25.5 0.0 
3 30 48.4053056013035 1546397.73033443 0.024 25.5 0.0 
3 29 48.4002001804674 1546397.73033327 0.024 25.5 0.0 
3 28 48.3950947596313 1546397.73033443 0.024 25.5 0.0 
3 27 48.3899893387952 1546397.73033444 0.024 25.5 0.0 
3 26 48.3848839179591 1546397.73033443 0.024 25.5 0.0 
3 25 48.379778497123 1546397.73033327 0.024 25.5 0.0 
3 24 48.3746730762869 1546397.73033444 0.024 25.5 0.0 
3 23 48.3695676554508 1546397.73033443 0.024 25.5 0.0 
3 22 48.3644622346148 1546397.73033444 0.024 25.5 0.0 
3 21 48.3593568137787 1546397.73033443 0.024 25.5 0.0 
3 20 48.3542513929426 1546397.73033327 0.024 25.5 0.0 
3 19 48.3491459721065 1546397.73033444 0.024 25.5 0.0 
3 18 48.3440405512704 1546397.73033443 0.024 25.5 0.0 
3 17 48.3389351304343 1546397.73033443 0.024 25.5 0.0 
3 16 48.3349968460565 839362.119326778 0.024 25.5 0.0 
3 957 48.6579784930229 793002.980710612 0.024 25.5 0.0 
3 926 48.6515343370904 1558470.36254446 0.024 25.5 0.0 
3 895 48.6429924362764 1558470.36254562 0.024 25.5 0.0 
3 864 48.6344505354625 1558470.36254562 0.024 25.5 0.0 
3 833 48.6259086346485 1558470.36254446 0.024 25.5 0.0 
3 802 48.6173667338345 1558470.36254562 0.024 25.5 0.0 
3 771 48.6088248330206 1558470.36254562 0.024 25.5 0.0 
3 740 48.6002829322066 1558470.36254562 0.024 25.5 0.0 
3 709 48.5917410313926 1558470.36254446 0.024 25.5 0.0 
3 678 48.5831991305787 1558470.36254563 0.024 25.5 0.0 
3 647 48.5746572297647 1558470.36254562 0.024 25.5 0.0 
3 616 48.5661153289508 1558470.36254446 0.024 25.5 0.0 
3 585 48.5575734281368 1558470.36254562 0.024 25.5 0.0 
3 554 48.5490315273228 1558470.36254562 0.024 25.5 0.0 
3 523 48.5404896265089 1558470.36254446 0.024 25.5 0.0 
3 483 48.5343051907122 698231.06914262 0.024 25.5 0.0 
3 927 48.6030050905932 934462.350052176 0.024 25.5 0.0 
3 928 48.6038917785213 1546373.04399086 0.024 25.5 0.0 
3 929 48.6049971725461 1546373.04398969 0.024 25.5 0.0 
3 930 48.6061025665709 1546373.04399086 0.024 25.5 0.0 
3 931 48.6072079605957 1546373.04399086 0.024 25.5 0.0 
3 932 48.6083133546204 1546373.04399086 0.024 25.5 0.0 
3 933 48.6094187486452 1546373.0439897 0.024 25.5 0.0 
3 934 48.61052414267 1546373.04399086 0.024 25.5 0.0 
3 935 48.6116295366948 1546373.04399086 0.024 25.5 0.0 
3 936 48.6127349307195 1546373.04399086 0.024 25.5 0.0 
3 937 48.6138403247443 1546373.04399086 0.024 25.5 0.0 
3 938 48.6149457187691 1546373.0439897 0.024 25.5 0.0 
3 939 48.6160511127939 1546373.04399086 0.024 25.5 0.0 
3 940 48.6171565068187 1546373.04399086 0.024 25.5 0.0 
3 941 48.6182619008434 1546373.04399086 0.024 25.5 0.0 
3 942 48.6190670414279 706303.682223875 0.024 25.5 0.0 
3 435 48.4587681791137 698694.840145542 0.024 25.5 0.0 
3 484 48.4658629780934 1558462.26128169 0.024 25.5 0.0 
3 524 48.4756602371803 1558462.26128285 0.024 25.5 0.0 
3 555 48.4854574962672 1558462.26128285 0.024 25.5 0.0 
3 586 48.4952547553541 1558462.26128169 0.024 25.5 0.0 
3 617 48.5050520144411 1558462.26128285 0.024 25.5 0.0 
3 648 48.514849273528 1558462.26128285 0.024 25.5 0.0 
3 679 48.5246465326149 1558462.26128169 0.024 25.5 0.0 
3 710 48.5344437917018 1558462.26128285 0.024 25.5 0.0 
3 741 48.5442410507887 1558462.26128285 0.024 25.5 0.0 
3 772 48.5540383098756 1558462.26128285 0.024 25.5 0.0 
3 803 48.5638355689625 1558462.26128169 0.024 25.5 0.0 
3 834 48.5736328280494 1558462.26128285 0.024 25.5 0.0 
3 865 48.5834300871364 1558462.26128285 0.024 25.5 0.0 
3 896 48.5932273462233 1558462.26128169 0.024 25.5 0.0 
3 927 48.6003985377221 722998.547333626 0.024 25.5 0.0 
3 16 48.3335926783971 707035.611006496 0.024 25.5 0.0 
3 15 48.3335334173613 1546397.73033443 0.024 25.5 0.0 
3 14 48.3334520826888 1546397.73033444 0.024 25.5 0.0 
3 13 48.3333707480163 1546397.73033443 0.024 25.5 0.0 
3 12 48.3332894133438 1546397.73033327 0.024 25.5 0.0 
3 11 48.3332080786713 1546397.73033444 0.024 25.5 0.0 
3 10 48.3331267439989 1546397.73033443 0.024 25.5 0.0 
3 9 48.3330454093264 1546397.73033444 0.024 25.5 0.0 
3 8 48.3329640746539 1546397.73033443 0.024 25.5 0.0 
3 7 48.3328827399814 1546397.73033327 0.024 25.5 0.0 
3 6 48.332801405309 1546397.73033444 0.024 25.5 0.0 
3 5 48.3327200706365 1546397.73033443 0.024 25.5 0.0 
3 4 48.332638735964 1546397.73033443 0.024 25.5 0.0 
3 3 48.3325574012915 1546397.73033327 0.024 25.5 0.0 
3 2 48.332476066619 1546397.73033443 0.024 25.5 0.0 
3 1 48.3324143685124 799706.562414698 0.024 25.5 0.0 
3 483 48.530039764224 860239.293403004 0.024 25.5 0.0 
3 434 48.5234268802403 1558470.36254563 0.024 25.5 0.0 
3 403 48.5149049944702 1558470.36254562 0.024 25.5 0.0 
3 372 48.5063831087001 1558470.36254446 0.024 25.5 0.0 
3 341 48.49786122293 1558470.36254562 0.024 25.5 0.0 
3 310 48.4893393371599 1558470.36254562 0.024 25.5 0.0 
3 279 48.4808174513898 1558470.36254446 0.024 25.5 0.0 
3 248 48.4722955656197 1558470.36254563 0.024 25.5 0.0 
3 217 48.4637736798496 1558470.36254562 0.024 25.5 0.0 
3 186 48.4552517940795 1558470.36254446 0.024 25.5 0.0 
3 155 48.4467299083094 1558470.36254562 0.024 25.5 0.0 
3 124 48.4382080225393 1558470.36254562 0.024 25.5 0.0 
3 93 48.4296861367692 1558470.36254563 0.024 25.5 0.0 
3 62 48.4211642509991 1558470.36254446 0.024 25.5 0.0 
3 31 48.4138677802667 1110266.04025697 0.024 25.5 0.0 
3 942 48.6200590666476 840069.361765821 0.024 25.5 0.0 
3 943 48.6221600467413 1546373.04399086 0.024 25.5 0.0 
3 944 48.6248828436334 1546373.04399086 0.024 25.5 0.0 
3 945 48.6276056405255 1546373.04399086 0.024 25.5 0.0 
3 946 48.6303284374176 1546373.0439897 0.024 25.5 0.0 
3 947 48.6330512343097 1546373.04399086 0.024 25.5 0.0 
3 948 48.6357740312018 1546373.04399086 0.024 25.5 0.0 
3 949 48.6384968280939 1546373.04399086 0.024 25.5 0.0 
3 950 48.641219624986 1546373.04399086 0.024 25.5 0.0 
3 951 48.6439424218782 1546373.0439897 0.024 25.5 0.0 
3 952 48.6466652187703 1546373.04399086 0.024 25.5 0.0 
3 953 48.6493880156624 1546373.04399086 0.024 25.5 0.0 
3 954 48.6521108125545 1546373.04399086 0.024 25.5 0.0 
3 955 48.6548336094466 1546373.0439897 0.024 25.5 0.0 
3 956 48.6575564063387 1546373.04399086 0.024 25.5 0.0 
3 957 48.6595347516666 700772.085034537 0.024 25.5 0.0 
4 1 48.396940643753 838072.934824464 0.0277 27 0.0 
4 32 48.4003663628977 1558462.26128169 0.0277 27 0.0 
4 63 48.4048218401329 1558462.26128285 0.0277 27 0.0 
4 94 48.4092773173682 1558462.26128285 0.0277 27 0.0 
4 125 48.4137327946034 1558462.26128285 0.0 0.0 0.0 
1 1 0.0 1.0 0.0277 27 0.0 
4 156 48.4181882718387 1558462.26128169 0.0 0.0 0.0 
1 1 0.0 1.0 0.0277 27 0.0 
4 187 48.4226437490739 1558462.26128285 0.0 0.0 0.0 
1 1 0.0 1.0 0.0277 27 0.0 
4 218 48.4270992263091 1558462.26128285 0.0 0.0 0.0 
1 1 0.0 1.0 0.0277 27 0.0 
4 249 48.4315547035444 1558462.26128169 0.0 0.0 0.0 
1 1 0.0 1.0 0.0277 27 0.0 
4 280 48.4360101807796 1558462.26128285 0.0 0.0 0.0 
1 1 0.0 1.0 0.0277 27 0.0 
4 311 48.4404656580149 1558462.26128285 0.0 0.0 0.0 
1 1 0.0 1.0 0.0277 27 0.0 
4 342 48.4449211352501 1558462.26128169 0.0 0.0 0.0 
1 1 0.0 1.0 0.0277 27 0.0 
4 373 48.4493766124853 1558462.26128285 0.0 0.0 0.0 
1 1 0.0 1.0 0.0277 27 0.0 
4 404 48.4538320897206 1558462.26128285 0.0 0.0 0.0 
1 1 0.0 1.0 0.0277 27 0.0 
4 435 48.4572888199756 859767.421137307 0.0 0.0 0.0 
1 1 0.0 1.0 0.0277 27 0.0 
4 31 48.4508162554991 900786.691800257 0.0 0.0 0.0 
1 1 0.0 1.0 0.0277 27 0.0 
4 30 48.4497521863348 1546397.73033443 0.0 0.0 0.0 
1 1 0.0 1.0 0.0277 27 0.0 
4 29 48.4484073966853 1546397.73033327 0.0 0.0 0.0 
1 1 0.0 1.0 0.0277 27 0.0 
4 28 48.4470626070358 1546397.73033443 0.0 0.0 0.0 
1 1 0.0 1.0 0.0277 27 0.0 
4 27 48.4457178173862 1546397.73033444 0.0 0.0 0.0 
1 1 0.0 1.0 0.0277 27 0.0 
4 26 48.4443730277367 1546397.73033443 0.0 0.0 0.0 
1 1 0.0 1.0 0.0277 27 0.0 
4 25 48.4430282380872 1546397.73033327 0.0 0.0 0.0 
1 1 0.0 1.0 0.0277 27 0.0 
4 24 48.4416834484377 1546397.73033444 0.0 0.0 0.0 
1 1 0.0 1.0 0.0277 27 0.0 
4 23 48.4403386587882 1546397.73033443 0.0 0.0 0.0 
1 1 0.0 1.0 0.0277 27 0.0 
4 22 48.4389938691387 1546397.73033444 0.0 0.0 0.0 
1 1 0.0 1.0 0.0277 27 0.0 
4 21 48.4376490794892 1546397.73033443 0.0 0.0 0.0 
1 1 0.0 1.0 0.0277 27 0.0 
4 20 48.4363042898397 1546397.73033327 0.0 0.0 0.0 
1 1 0.0 1.0 0.0277 27 0.0 
4 19 48.4349595001901 1546397.73033444 0.0 0.0 0.0 
1 1 0.0 1.0 0.0277 27 0.0 
4 18 48.4336147105406 1546397.73033443 0.0 0.0 0.0 
1 1 0.0 1.0 0.0277 27 0.0 
4 17 48.4322699208911 1546397.73033443 0.0 0.0 0.0 
1 1 0.0 1.0 0.0277 27 0.0 
4 16 48.4312325599687 839362.119326778 0.0 0.0 0.0 
1 1 0.0 1.0 0.0277 27 0.0 
4 957 48.5809854657504 793002.980710612 0.0 0.0 0.0 
1 1 0.0 1.0 0.0277 27 0.0 
4 926 48.5774669900891 1558470.36254446 0.0 0.0 0.0 
1 1 0.0 1.0 0.0277 27 0.0 
4 895 48.5728031566203 1558470.36254562 0.0 0.0 0.0 
1 1 0.0 1.0 0.0277 27 0.0 
4 864 48.5681393231516 1558470.36254562 0.0 0.0 0.0 
1 1 0.0 1.0 0.0277 27 0.0 
4 833 48.5634754896828 1558470.36254446 0.0 0.0 0.0 
1 1 0.0 1.0 0.0277 27 0.0 
4 802 48.5588116562141 1558470.36254562 0.0 0.0 0.0 
1 1 0.0 1.0 0.0277 27 0.0 
4 771 48.5541478227453 1558470.36254562 0.0 0.0 0.0 
1 1 0.0 1.0 0.0277 27 0.0 
4 740 48.5494839892766 1558470.36254562 0.0 0.0 0.0 
1 1 0.0 1.0 0.0277 27 0.0 
4 709 48.5448201558078 1558470.36254446 0.0 0.0 0.0 
1 1 0.0 1.0 0.0277 27 0.0 
4 678 48.5401563223391 1558470.36254563 0.0 0.0 0.0 
1 1 0.0 1.0 0.0277 27 0.0 
4 647 48.5354924888703 1558470.36254562 0.0 0.0 0.0 
1 1 0.0 1.0 0.0277 27 0.0 
4 616 48.5308286554016 1558470.36254446 0.0 0.0 0.0 
1 1 0.0 1.0 0.0277 27 0.0 
4 585 48.5261648219328 1558470.36254562 0.0 0.0 0.0 
1 1 0.0 1.0 0.0277 27 0.0 
4 554 48.5215009884641 1558470.36254562 0.0 0.0 0.0 
1 1 0.0 1.0 0.0277 27 0.0 
4 523 48.5168371549953 1558470.36254446 0.0 0.0 0.0 
1 1 0.0 1.0 0.0277 27 0.0 
4 483 48.5134604851789 698231.06914262 0.0 0.0 0.0 
1 1 0.0 1.0 0.0277 27 0.0 
4 927 48.5207168061532 934462.350052176 0.0 0.0 0.0 
1 1 0.0 1.0 0.0277 27 0.0 
4 928 48.5223588754882 1546373.04399086 0.0 0.0 0.0 
1 1 0.0 1.0 0.0277 27 0.0 
4 929 48.5244059695937 1546373.04398969 0.0 0.0 0.0 
1 1 0.0 1.0 0.0277 27 0.0 
4 930 48.5264530636992 1546373.04399086 0.0 0.0 0.0 
1 1 0.0 1.0 0.0277 27 0.0 
4 931 48.5285001578048 1546373.04399086 0.0 0.0 0.0 
1 1 0.0 1.0 0.0277 27 0.0 
4 932 48.5305472519103 1546373.04399086 0.0 0.0 0.0 
1 1 0.0 1.0 0.0277 27 0.0 
4 933 48.5325943460158 1546373.0439897 0.0 0.0 0.0 
1 1 0.0 1.0 0.0277 27 0.0 
4 934 48.5346414401214 1546373.04399086 0.0 0.0 0.0 
1 1 0.0 1.0 0.0277 27 0.0 
4 935 48.5366885342269 1546373.04399086 0.0 0.0 0.0 
1 1 0.0 1.0 0.0277 27 0.0 
4 936 48.5387356283325 1546373.04399086 0.0 0.0 0.0 
1 1 0.0 1.0 0.0277 27 0.0 
4 937 48.540782722438 1546373.04399086 0.0 0.0 0.0 
1 1 0.0 1.0 0.0277 27 0.0 
4 938 48.5428298165435 1546373.0439897 0.0 0.0 0.0 
1 1 0.0 1.0 0.0277 27 0.0 
4 939 48.5448769106491 1546373.04399086 0.0 0.0 0.0 
1 1 0.0 1.0 0.0277 27 0.0 
4 940 48.5469240047546 1546373.04399086 0.0 0.0 0.0 
1 1 0.0 1.0 0.0277 27 0.0 
4 941 48.5489710988601 1546373.04399086 0.0 0.0 0.0 
1 1 0.0 1.0 0.0277 27 0.0 
4 942 48.5504621495693 706303.682223875 0.0 0.0 0.0 
1 1 0.0 1.0 0.0277 27 0.0 
4 435 48.4594434926082 698694.840145542 0.0 0.0 0.0 
1 1 0.0 1.0 0.0277 27 0.0 
4 484 48.4624339360925 1558462.26128169 0.0 0.0 0.0 
1 1 0.0 1.0 0.0277 27 0.0 
4 524 48.4665634610704 1558462.26128285 0.0 0.0 0.0 
1 1 0.0 1.0 0.0277 27 0.0 
4 555 48.4706929860483 1558462.26128285 0.0 0.0 0.0 
1 1 0.0 1.0 0.0277 27 0.0 
4 586 48.4748225110262 1558462.26128169 0.0 0.0 0.0 
1 1 0.0 1.0 0.0277 27 0.0 
4 617 48.4789520360042 1558462.26128285 0.0 0.0 0.0 
1 1 0.0 1.0 0.0277 27 0.0 
4 648 48.4830815609821 1558462.26128285 0.0 0.0 0.0 
1 1 0.0 1.0 0.0277 27 0.0 
4 679 48.48721108596 1558462.26128169 0.0 0.0 0.0 
1 1 0.0 1.0 0.0277 27 0.0 
4 710 48.4913406109379 1558462.26128285 0.0 0.0 0.0 
1 1 0.0 1.0 0.0277 27 0.0 
4 741 48.4954701359158 1558462.26128285 0.0 0.0 0.0 
1 1 0.0 1.0 0.0277 27 0.0 
4 772 48.4995996608938 1558462.26128285 0.0 0.0 0.0 
1 1 0.0 1.0 0.0277 27 0.0 
4 803 48.5037291858717 1558462.26128169 0.0 0.0 0.0 
1 1 0.0 1.0 0.0277 27 0.0 
4 834 48.5078587108496 1558462.26128285 0.0 0.0 0.0 
1 1 0.0 1.0 0.0277 27 0.0 
4 865 48.5119882358275 1558462.26128285 0.0 0.0 0.0 
1 1 0.0 1.0 0.0277 27 0.0 
4 896 48.5161177608055 1558462.26128169 0.0 0.0 0.0 
1 1 0.0 1.0 0.0277 27 0.0 
4 927 48.5191404035827 722998.547333626 0.0 0.0 0.0 
1 1 0.0 1.0 0.0277 27 0.0 
4 16 48.4303313560945 707035.611006496 0.0 0.0 0.0 
1 1 0.0 1.0 0.0277 27 0.0 
4 15 48.4286222822293 1546397.73033443 0.0 0.0 0.0 
1 1 0.0 1.0 0.0277 27 0.0 
4 14 48.4262766100521 1546397.73033444 0.0 0.0 0.0 
1 1 0.0 1.0 0.0277 27 0.0 
4 13 48.4239309378749 1546397.73033443 0.0 0.0 0.0 
1 1 0.0 1.0 0.0277 27 0.0 
4 12 48.4215852656977 1546397.73033327 0.0 0.0 0.0 
1 1 0.0 1.0 0.0277 27 0.0 
4 11 48.4192395935205 1546397.73033444 0.0 0.0 0.0 
1 1 0.0 1.0 0.0277 27 0.0 
4 10 48.4168939213433 1546397.73033443 0.0 0.0 0.0 
1 1 0.0 1.0 0.0277 27 0.0 
4 9 48.414548249166 1546397.73033444 0.0 0.0 0.0 
1 1 0.0 1.0 0.0277 27 0.0 
4 8 48.4122025769888 1546397.73033443 0.0 0.0 0.0 
1 1 0.0 1.0 0.0277 27 0.0 
4 7 48.4098569048116 1546397.73033327 0.0 0.0 0.0 
1 1 0.0 1.0 0.0277 27 0.0 
4 6 48.4075112326344 1546397.73033444 0.0 0.0 0.0 
1 1 0.0 1.0 0.0277 27 0.0 
4 5 48.4051655604572 1546397.73033443 0.0 0.0 0.0 
1 1 0.0 1.0 0.0277 27 0.0 
4 4 48.4028198882799 1546397.73033443 0.0 0.0 0.0 
1 1 0.0 1.0 0.0277 27 0.0 
4 3 48.4004742161027 1546397.73033327 0.0 0.0 0.0 
1 1 0.0 1.0 0.0277 27 0.0 
4 2 48.3981285439255 1546397.73033443 0.0 0.0 0.0 
1 1 0.0 1.0 0.0277 27 0.0 
4 1 48.3963491855314 799706.562414698 0.0 0.0 0.0 
1 1 0.0 1.0 0.0277 27 0.0 
4 483 48.5112314791058 860239.293403004 0.0 0.0 0.0 
1 1 0.0 1.0 0.0277 27 0.0 
4 434 48.5079017496149 1558470.36254563 0.0 0.0 0.0 
1 1 0.0 1.0 0.0277 27 0.0 
4 403 48.5036107966151 1558470.36254562 0.0 0.0 0.0 
1 1 0.0 1.0 0.0277 27 0.0 
4 372 48.4993198436154 1558470.36254446 0.0 0.0 0.0 
1 1 0.0 1.0 0.0277 27 0.0 
4 341 48.4950288906156 1558470.36254562 0.0 0.0 0.0 
1 1 0.0 1.0 0.0277 27 0.0 
4 310 48.4907379376159 1558470.36254562 0.0 0.0 0.0 
1 1 0.0 1.0 0.0277 27 0.0 
4 279 48.4864469846162 1558470.36254446 0.0 0.0 0.0 
1 1 0.0 1.0 0.0277 27 0.0 
4 248 48.4821560316164 1558470.36254563 0.0 0.0 0.0 
1 1 0.0 1.0 0.0277 27 0.0 
4 217 48.4778650786167 1558470.36254562 0.0 0.0 0.0 
1 1 0.0 1.0 0.0277 27 0.0 
4 186 48.4735741256169 1558470.36254446 0.0 0.0 0.0 
1 1 0.0 1.0 0.0277 27 0.0 
4 155 48.4692831726172 1558470.36254562 0.0 0.0 0.0 
1 1 0.0 1.0 0.0277 27 0.0 
4 124 48.4649922196174 1558470.36254562 0.0 0.0 0.0 
1 1 0.0 1.0 0.0277 27 0.0 
4 93 48.4607012666177 1558470.36254563 0.0 0.0 0.0 
1 1 0.0 1.0 0.0277 27 0.0 
4 62 48.456410313618 1558470.36254446 0.0 0.0 0.0 
1 1 0.0 1.0 0.0277 27 0.0 
4 31 48.4527363834784 1110266.04025697 0.0 0.0 0.0 
1 1 0.0 1.0 0.0277 27 0.0 
4 942 48.5514955369373 840069.361765821 0.0 0.0 0.0 
1 1 0.0 1.0 0.0277 27 0.0 
4 943 48.5531030814419 1546373.04399086 0.0 0.0 0.0 
1 1 0.0 1.0 0.0277 27 0.0 
4 944 48.5551864030279 1546373.04399086 0.0 0.0 0.0 
1 1 0.0 1.0 0.0277 27 0.0 
4 945 48.557269724614 1546373.04399086 0.0 0.0 0.0 
1 1 0.0 1.0 0.0277 27 0.0 
4 946 48.5593530462 1546373.0439897 0.0 0.0 0.0 
1 1 0.0 1.0 0.0277 27 0.0 
4 947 48.561436367786 1546373.04399086 0.0 0.0 0.0 
1 1 0.0 1.0 0.0277 27 0.0 
4 948 48.563519689372 1546373.04399086 0.0 0.0 0.0 
1 1 0.0 1.0 0.0277 27 0.0 
4 949 48.5656030109581 1546373.04399086 0.0 0.0 0.0 
1 1 0.0 1.0 0.0277 27 0.0 
4 950 48.5676863325441 1546373.04399086 0.0 0.0 0.0 
1 1 0.0 1.0 0.0277 27 0.0 
4 951 48.5697696541301 1546373.0439897 0.0 0.0 0.0 
1 1 0.0 1.0 0.0277 27 0.0 
4 952 48.5718529757162 1546373.04399086 0.0 0.0 0.0 
1 1 0.0 1.0 0.0277 27 0.0 
4 953 48.5739362973022 1546373.04399086 0.0 0.0 0.0 
1 1 0.0 1.0 0.0277 27 0.0 
4 954 48.5760196188882 1546373.04399086 0.0 0.0 0.0 
1 1 0.0 1.0 0.0277 27 0.0 
4 955 48.5781029404742 1546373.0439897 0.0 0.0 0.0 
1 1 0.0 1.0 0.0277 27 0.0 
4 956 48.5801862620603 1546373.04399086 0.0 0.0 0.0 
1 1 0.0 1.0 0.0277 27 0.0 
4 957 48.5816999737653 700772.085034537 0.0 0.0 0.0 
1 1 0.0 1.0 0.0277 27 0.0 
