2 1 30.7600094646759 838072.934824464 0.02043 26.5 0.0 
2 32 30.7743344212647 1558462.26128169 0.02043 26.5 0.0 
2 63 30.7929654050903 1558462.26128285 0.02043 26.5 0.0 
2 94 30.8115963889159 1558462.26128285 0.02043 26.5 0.0 
2 125 30.8302273727416 1558462.26128285 0.02043 26.5 0.0 
2 156 30.8488583565672 1558462.26128169 0.02043 26.5 0.0 
2 187 30.8674893403928 1558462.26128285 0.02043 26.5 0.0 
2 218 30.8861203242184 1558462.26128285 0.02043 26.5 0.0 
2 249 30.904751308044 1558462.26128169 0.02043 26.5 0.0 
2 280 30.9233822918696 1558462.26128285 0.02043 26.5 0.0 
2 311 30.9420132756953 1558462.26128285 0.02043 26.5 0.0 
2 342 30.9606442595209 1558462.26128169 0.02043 26.5 0.0 
2 373 30.9792752433465 1558462.26128285 0.02043 26.5 0.0 
2 404 30.9979062271721 1558462.26128285 0.02043 26.5 0.0 
2 435 31.0123608595425 859767.421137307 0.02043 26.5 0.0 
2 31 29.8183380935706 900786.691800257 0.02043 26.5 0.0 
2 30 29.8613657450835 1546397.73033443 0.02043 26.5 0.0 
2 29 29.9157448609682 1546397.73033327 0.02043 26.5 0.0 
2 28 29.9701239768529 1546397.73033443 0.02043 26.5 0.0 
2 27 30.0245030927375 1546397.73033444 0.02043 26.5 0.0 
2 26 30.0788822086222 1546397.73033443 0.02043 26.5 0.0 
2 25 30.1332613245069 1546397.73033327 0.02043 26.5 0.0 
2 24 30.1876404403916 1546397.73033444 0.02043 26.5 0.0 
2 23 30.2420195562763 1546397.73033443 0.02043 26.5 0.0 
2 22 30.2963986721609 1546397.73033444 0.02043 26.5 0.0 
2 21 30.3507777880456 1546397.73033443 0.02043 26.5 0.0 
2 20 30.4051569039303 1546397.73033327 0.02043 26.5 0.0 
2 19 30.459536019815 1546397.73033444 0.02043 26.5 0.0 
2 18 30.5139151356996 1546397.73033443 0.02043 26.5 0.0 
2 17 30.5682942515843 1546397.73033443 0.02043 26.5 0.0 
2 16 30.6102419047633 839362.119326778 0.02043 26.5 0.0 
2 957 29.773496047185 793002.980710612 0.02043 26.5 0.0 
2 926 29.7912759868112 1558470.36254446 0.02043 26.5 0.0 
2 895 29.8148437716936 1558470.36254562 0.02043 26.5 0.0 
2 864 29.838411556576 1558470.36254562 0.02043 26.5 0.0 
2 833 29.8619793414584 1558470.36254446 0.02043 26.5 0.0 
2 802 29.8855471263408 1558470.36254562 0.02043 26.5 0.0 
2 771 29.9091149112232 1558470.36254562 0.02043 26.5 0.0 
2 740 29.9326826961056 1558470.36254562 0.02043 26.5 0.0 
2 709 29.956250480988 1558470.36254446 0.02043 26.5 0.0 
2 678 29.9798182658704 1558470.36254563 0.02043 26.5 0.0 
2 647 30.0033860507528 1558470.36254562 0.02043 26.5 0.0 
2 616 30.0269538356352 1558470.36254446 0.02043 26.5 0.0 
2 585 30.0505216205176 1558470.36254562 0.02043 26.5 0.0 
2 554 30.0740894054001 1558470.36254562 0.02043 26.5 0.0 
2 523 30.0976571902825 1558470.36254446 0.02043 26.5 0.0 
2 483 30.1147205413618 698231.06914262 0.02043 26.5 0.0 
2 927 30.6751852496066 934462.350052176 0.02043 26.5 0.0 
2 928 30.6624029227544 1546373.04399086 0.02043 26.5 0.0 
2 929 30.6464677698367 1546373.04398969 0.02043 26.5 0.0 
2 930 30.6305326169191 1546373.04399086 0.02043 26.5 0.0 
2 931 30.6145974640015 1546373.04399086 0.02043 26.5 0.0 
2 932 30.5986623110839 1546373.04399086 0.02043 26.5 0.0 
2 933 30.5827271581663 1546373.0439897 0.02043 26.5 0.0 
2 934 30.5667920052487 1546373.04399086 0.02043 26.5 0.0 
2 935 30.550856852331 1546373.04399086 0.02043 26.5 0.0 
2 936 30.5349216994134 1546373.04399086 0.02043 26.5 0.0 
2 937 30.5189865464958 1546373.04399086 0.02043 26.5 0.0 
2 938 30.5030513935782 1546373.0439897 0.02043 26.5 0.0 
2 939 30.4871162406606 1546373.04399086 0.02043 26.5 0.0 
2 940 30.471181087743 1546373.04399086 0.02043 26.5 0.0 
2 941 30.4552459348253 1546373.04399086 0.02043 26.5 0.0 
2 942 30.4436391791833 706303.682223875 0.02043 26.5 0.0 
2 435 31.0124266817149 698694.840145542 0.02043 26.5 0.0 
2 484 30.9960371569365 1558462.26128169 0.02043 26.5 0.0 
2 524 30.97340474395 1558462.26128285 0.02043 26.5 0.0 
2 555 30.9507723309635 1558462.26128285 0.02043 26.5 0.0 
2 586 30.928139917977 1558462.26128169 0.02043 26.5 0.0 
2 617 30.9055075049905 1558462.26128285 0.02043 26.5 0.0 
2 648 30.8828750920039 1558462.26128285 0.02043 26.5 0.0 
2 679 30.8602426790174 1558462.26128169 0.02043 26.5 0.0 
2 710 30.8376102660309 1558462.26128285 0.02043 26.5 0.0 
2 741 30.8149778530444 1558462.26128285 0.02043 26.5 0.0 
2 772 30.7923454400579 1558462.26128285 0.02043 26.5 0.0 
2 803 30.7697130270714 1558462.26128169 0.02043 26.5 0.0 
2 834 30.7470806140849 1558462.26128285 0.02043 26.5 0.0 
2 865 30.7244482010984 1558462.26128285 0.02043 26.5 0.0 
2 896 30.7018157881119 1558462.26128169 0.02043 26.5 0.0 
2 927 30.6852497908093 722998.547333626 0.02043 26.5 0.0 
2 16 30.6269846561877 707035.611006496 0.02043 26.5 0.0 
2 15 30.6333100666123 1546397.73033443 0.02043 26.5 0.0 
2 14 30.6419915750861 1546397.73033444 0.02043 26.5 0.0 
2 13 30.6506730835599 1546397.73033443 0.02043 26.5 0.0 
2 12 30.6593545920337 1546397.73033327 0.02043 26.5 0.0 
2 11 30.6680361005075 1546397.73033444 0.02043 26.5 0.0 
2 10 30.6767176089814 1546397.73033443 0.02043 26.5 0.0 
2 9 30.6853991174552 1546397.73033444 0.02043 26.5 0.0 
2 8 30.694080625929 1546397.73033443 0.02043 26.5 0.0 
2 7 30.7027621344028 1546397.73033327 0.02043 26.5 0.0 
2 6 30.7114436428766 1546397.73033444 0.02043 26.5 0.0 
2 5 30.7201251513504 1546397.73033443 0.02043 26.5 0.0 
2 4 30.7288066598243 1546397.73033443 0.02043 26.5 0.0 
2 3 30.7374881682981 1546397.73033327 0.02043 26.5 0.0 
2 2 30.7461696767719 1546397.73033443 0.02043 26.5 0.0 
2 1 30.7527552155044 799706.562414698 0.02043 26.5 0.0 
2 483 30.1138569870053 860239.293403004 0.02043 26.5 0.0 
2 434 30.0965848570748 1558470.36254563 0.02043 26.5 0.0 
2 403 30.0743266232034 1558470.36254562 0.02043 26.5 0.0 
2 372 30.0520683893319 1558470.36254446 0.02043 26.5 0.0 
2 341 30.0298101554605 1558470.36254562 0.02043 26.5 0.0 
2 310 30.007551921589 1558470.36254562 0.02043 26.5 0.0 
2 279 29.9852936877175 1558470.36254446 0.02043 26.5 0.0 
2 248 29.9630354538461 1558470.36254563 0.02043 26.5 0.0 
2 217 29.9407772199746 1558470.36254562 0.02043 26.5 0.0 
2 186 29.9185189861031 1558470.36254446 0.02043 26.5 0.0 
2 155 29.8962607522317 1558470.36254562 0.02043 26.5 0.0 
2 124 29.8740025183602 1558470.36254562 0.02043 26.5 0.0 
2 93 29.8517442844888 1558470.36254563 0.02043 26.5 0.0 
2 62 29.8294860506173 1558470.36254446 0.02043 26.5 0.0 
2 31 29.8104284668408 1110266.04025697 0.02043 26.5 0.0 
2 942 30.4278192090315 840069.361765821 0.02043 26.5 0.0 
2 943 30.39321640428 1546373.04399086 0.02043 26.5 0.0 
2 944 30.348372376714 1546373.04399086 0.02043 26.5 0.0 
2 945 30.303528349148 1546373.04399086 0.02043 26.5 0.0 
2 946 30.258684321582 1546373.0439897 0.02043 26.5 0.0 
2 947 30.213840294016 1546373.04399086 0.02043 26.5 0.0 
2 948 30.16899626645 1546373.04399086 0.02043 26.5 0.0 
2 949 30.1241522388839 1546373.04399086 0.02043 26.5 0.0 
2 950 30.0793082113179 1546373.04399086 0.02043 26.5 0.0 
2 951 30.0344641837519 1546373.0439897 0.02043 26.5 0.0 
2 952 29.989620156186 1546373.04399086 0.02043 26.5 0.0 
2 953 29.9447761286199 1546373.04399086 0.02043 26.5 0.0 
2 954 29.8999321010539 1546373.04399086 0.02043 26.5 0.0 
2 955 29.8550880734879 1546373.0439897 0.02043 26.5 0.0 
2 956 29.8102440459219 1546373.04399086 0.02043 26.5 0.0 
2 957 29.7776610160695 700772.085034537 0.02043 26.5 0.0 
3 1 48.232233730424 838072.934824464 0.024 25.5 0.0 
3 32 48.2571205345326 1558462.26128169 0.024 25.5 0.0 
3 63 48.2894882169019 1558462.26128285 0.024 25.5 0.0 
3 94 48.3218558992712 1558462.26128285 0.024 25.5 0.0 
3 125 48.3542235816405 1558462.26128285 0.024 25.5 0.0 
3 156 48.3865912640098 1558462.26128169 0.024 25.5 0.0 
3 187 48.4189589463791 1558462.26128285 0.024 25.5 0.0 
3 218 48.4513266287484 1558462.26128285 0.024 25.5 0.0 
3 249 48.4836943111177 1558462.26128169 0.024 25.5 0.0 
3 280 48.516061993487 1558462.26128285 0.024 25.5 0.0 
3 311 48.5484296758563 1558462.26128285 0.024 25.5 0.0 
3 342 48.5807973582256 1558462.26128169 0.024 25.5 0.0 
3 373 48.6131650405949 1558462.26128285 0.024 25.5 0.0 
3 404 48.6455327229642 1558462.26128285 0.024 25.5 0.0 
3 435 48.6706448133244 859767.421137307 0.024 25.5 0.0 
3 31 48.3260869621386 900786.691800257 0.024 25.5 0.0 
3 30 48.3443446855377 1546397.73033443 0.024 25.5 0.0 
3 29 48.3674191230586 1546397.73033327 0.024 25.5 0.0 
3 28 48.3904935605796 1546397.73033443 0.024 25.5 0.0 
3 27 48.4135679981005 1546397.73033444 0.024 25.5 0.0 
3 26 48.4366424356215 1546397.73033443 0.024 25.5 0.0 
3 25 48.4597168731424 1546397.73033327 0.024 25.5 0.0 
3 24 48.4827913106634 1546397.73033444 0.024 25.5 0.0 
3 23 48.5058657481843 1546397.73033443 0.024 25.5 0.0 
3 22 48.5289401857053 1546397.73033444 0.024 25.5 0.0 
3 21 48.5520146232262 1546397.73033443 0.024 25.5 0.0 
3 20 48.5750890607472 1546397.73033327 0.024 25.5 0.0 
3 19 48.5981634982681 1546397.73033444 0.024 25.5 0.0 
3 18 48.6212379357891 1546397.73033443 0.024 25.5 0.0 
3 17 48.64431237331 1546397.73033443 0.024 25.5 0.0 
3 16 48.6621118260353 839362.119326778 0.024 25.5 0.0 
3 957 48.5576699380902 793002.980710612 0.024 25.5 0.0 
3 926 48.5704586227014 1558470.36254446 0.024 25.5 0.0 
3 895 48.5874103657433 1558470.36254562 0.024 25.5 0.0 
3 864 48.6043621087853 1558470.36254562 0.024 25.5 0.0 
3 833 48.6213138518272 1558470.36254446 0.024 25.5 0.0 
3 802 48.6382655948692 1558470.36254562 0.024 25.5 0.0 
3 771 48.6552173379112 1558470.36254562 0.024 25.5 0.0 
3 740 48.6721690809531 1558470.36254562 0.024 25.5 0.0 
3 709 48.6891208239951 1558470.36254446 0.024 25.5 0.0 
3 678 48.706072567037 1558470.36254563 0.024 25.5 0.0 
3 647 48.723024310079 1558470.36254562 0.024 25.5 0.0 
3 616 48.739976053121 1558470.36254446 0.024 25.5 0.0 
3 585 48.7569277961629 1558470.36254562 0.024 25.5 0.0 
3 554 48.7738795392049 1558470.36254562 0.024 25.5 0.0 
3 523 48.7908312822468 1558470.36254446 0.024 25.5 0.0 
3 483 48.8031045418839 698231.06914262 0.024 25.5 0.0 
3 927 48.4951336694586 934462.350052176 0.024 25.5 0.0 
3 928 48.5186248005978 1546373.04399086 0.024 25.5 0.0 
3 929 48.5479101389589 1546373.04398969 0.024 25.5 0.0 
3 930 48.5771954773201 1546373.04399086 0.024 25.5 0.0 
3 931 48.6064808156813 1546373.04399086 0.024 25.5 0.0 
3 932 48.6357661540425 1546373.04399086 0.024 25.5 0.0 
3 933 48.6650514924037 1546373.0439897 0.024 25.5 0.0 
3 934 48.6943368307648 1546373.04399086 0.024 25.5 0.0 
3 935 48.723622169126 1546373.04399086 0.024 25.5 0.0 
3 936 48.7529075074872 1546373.04399086 0.024 25.5 0.0 
3 937 48.7821928458484 1546373.04399086 0.024 25.5 0.0 
3 938 48.8114781842096 1546373.0439897 0.024 25.5 0.0 
3 939 48.8407635225707 1546373.04399086 0.024 25.5 0.0 
3 940 48.8700488609319 1546373.04399086 0.024 25.5 0.0 
3 941 48.8993341992931 1546373.04399086 0.024 25.5 0.0 
3 942 48.9206648867369 706303.682223875 0.024 25.5 0.0 
3 435 48.6766675489917 698694.840145542 0.024 25.5 0.0 
3 484 48.6672811902098 1558462.26128169 0.024 25.5 0.0 
3 524 48.6543194996627 1558462.26128285 0.024 25.5 0.0 
3 555 48.6413578091156 1558462.26128285 0.024 25.5 0.0 
3 586 48.6283961185686 1558462.26128169 0.024 25.5 0.0 
3 617 48.6154344280215 1558462.26128285 0.024 25.5 0.0 
3 648 48.6024727374744 1558462.26128285 0.024 25.5 0.0 
3 679 48.5895110469274 1558462.26128169 0.024 25.5 0.0 
3 710 48.5765493563803 1558462.26128285 0.024 25.5 0.0 
3 741 48.5635876658332 1558462.26128285 0.024 25.5 0.0 
3 772 48.5506259752861 1558462.26128285 0.024 25.5 0.0 
3 803 48.5376642847391 1558462.26128169 0.024 25.5 0.0 
3 834 48.524702594192 1558462.26128285 0.024 25.5 0.0 
3 865 48.5117409036449 1558462.26128285 0.024 25.5 0.0 
3 896 48.4987792130979 1558462.26128169 0.024 25.5 0.0 
3 927 48.4892917876622 722998.547333626 0.024 25.5 0.0 
3 16 48.6615828215923 707035.611006496 0.024 25.5 0.0 
3 15 48.6399380800562 1546397.73033443 0.024 25.5 0.0 
3 14 48.6102310737996 1546397.73033444 0.024 25.5 0.0 
3 13 48.580524067543 1546397.73033443 0.024 25.5 0.0 
3 12 48.5508170612864 1546397.73033327 0.024 25.5 0.0 
3 11 48.5211100550298 1546397.73033444 0.024 25.5 0.0 
3 10 48.4914030487731 1546397.73033443 0.024 25.5 0.0 
3 9 48.4616960425165 1546397.73033444 0.024 25.5 0.0 
3 8 48.4319890362599 1546397.73033443 0.024 25.5 0.0 
3 7 48.4022820300033 1546397.73033327 0.024 25.5 0.0 
3 6 48.3725750237467 1546397.73033444 0.024 25.5 0.0 
3 5 48.3428680174901 1546397.73033443 0.024 25.5 0.0 
3 4 48.3131610112335 1546397.73033443 0.024 25.5 0.0 
3 3 48.2834540049768 1546397.73033327 0.024 25.5 0.0 
3 2 48.2537469987202 1546397.73033443 0.024 25.5 0.0 
3 1 48.231212131546 799706.562414698 0.024 25.5 0.0 
3 483 48.7974690583687 860239.293403004 0.024 25.5 0.0 
3 434 48.7709469291506 1558470.36254563 0.024 25.5 0.0 
3 403 48.7367684139773 1558470.36254562 0.024 25.5 0.0 
3 372 48.7025898988039 1558470.36254446 0.024 25.5 0.0 
3 341 48.6684113836306 1558470.36254562 0.024 25.5 0.0 
3 310 48.6342328684572 1558470.36254562 0.024 25.5 0.0 
3 279 48.6000543532839 1558470.36254446 0.024 25.5 0.0 
3 248 48.5658758381105 1558470.36254563 0.024 25.5 0.0 
3 217 48.5316973229372 1558470.36254562 0.024 25.5 0.0 
3 186 48.4975188077638 1558470.36254446 0.024 25.5 0.0 
3 155 48.4633402925905 1558470.36254562 0.024 25.5 0.0 
3 124 48.4291617774171 1558470.36254562 0.024 25.5 0.0 
3 93 48.3949832622438 1558470.36254563 0.024 25.5 0.0 
3 62 48.3608047470704 1558470.36254446 0.024 25.5 0.0 
3 31 48.3315409734919 1110266.04025697 0.024 25.5 0.0 
3 942 48.9205788315141 840069.361765821 0.024 25.5 0.0 
3 943 48.9013352583494 1546373.04399086 0.024 25.5 0.0 
3 944 48.876396258992 1546373.04399086 0.024 25.5 0.0 
3 945 48.8514572596345 1546373.04399086 0.024 25.5 0.0 
3 946 48.8265182602771 1546373.0439897 0.024 25.5 0.0 
3 947 48.8015792609196 1546373.04399086 0.024 25.5 0.0 
3 948 48.7766402615621 1546373.04399086 0.024 25.5 0.0 
3 949 48.7517012622047 1546373.04399086 0.024 25.5 0.0 
3 950 48.7267622628472 1546373.04399086 0.024 25.5 0.0 
3 951 48.7018232634898 1546373.0439897 0.024 25.5 0.0 
3 952 48.6768842641323 1546373.04399086 0.024 25.5 0.0 
3 953 48.6519452647749 1546373.04399086 0.024 25.5 0.0 
3 954 48.6270062654174 1546373.04399086 0.024 25.5 0.0 
3 955 48.60206726606 1546373.0439897 0.024 25.5 0.0 
3 956 48.5771282667025 1546373.04399086 0.024 25.5 0.0 
3 957 48.5590079460119 700772.085034537 0.024 25.5 0.0 
4 1 47.8710490289829 838072.934824464 0.0277 27 0.0 
4 32 47.8902726986163 1558462.26128169 0.0277 27 0.0 
4 63 47.9152749299173 1558462.26128285 0.0277 27 0.0 
4 94 47.9402771612183 1558462.26128285 0.0277 27 0.0 
4 125 47.9652793925193 1558462.26128285 0.0 0.0 0.0 
1 1 0.0 1.0 0.0277 27 0.0 
4 156 47.9902816238203 1558462.26128169 0.0 0.0 0.0 
1 1 0.0 1.0 0.0277 27 0.0 
4 187 48.0152838551212 1558462.26128285 0.0 0.0 0.0 
1 1 0.0 1.0 0.0277 27 0.0 
4 218 48.0402860864222 1558462.26128285 0.0 0.0 0.0 
1 1 0.0 1.0 0.0277 27 0.0 
4 249 48.0652883177232 1558462.26128169 0.0 0.0 0.0 
1 1 0.0 1.0 0.0277 27 0.0 
4 280 48.0902905490242 1558462.26128285 0.0 0.0 0.0 
1 1 0.0 1.0 0.0277 27 0.0 
4 311 48.1152927803252 1558462.26128285 0.0 0.0 0.0 
1 1 0.0 1.0 0.0277 27 0.0 
4 342 48.1402950116262 1558462.26128169 0.0 0.0 0.0 
1 1 0.0 1.0 0.0277 27 0.0 
4 373 48.1652972429272 1558462.26128285 0.0 0.0 0.0 
1 1 0.0 1.0 0.0277 27 0.0 
4 404 48.1902994742282 1558462.26128285 0.0 0.0 0.0 
1 1 0.0 1.0 0.0277 27 0.0 
4 435 48.2096971649393 859767.421137307 0.0 0.0 0.0 
1 1 0.0 1.0 0.0277 27 0.0 
4 31 47.9410625749328 900786.691800257 0.0 0.0 0.0 
1 1 0.0 1.0 0.0277 27 0.0 
4 30 47.9566534386059 1546397.73033443 0.0 0.0 0.0 
1 1 0.0 1.0 0.0277 27 0.0 
4 29 47.9763574510864 1546397.73033327 0.0 0.0 0.0 
1 1 0.0 1.0 0.0277 27 0.0 
4 28 47.9960614635669 1546397.73033443 0.0 0.0 0.0 
1 1 0.0 1.0 0.0277 27 0.0 
4 27 48.0157654760475 1546397.73033444 0.0 0.0 0.0 
1 1 0.0 1.0 0.0277 27 0.0 
4 26 48.035469488528 1546397.73033443 0.0 0.0 0.0 
1 1 0.0 1.0 0.0277 27 0.0 
4 25 48.0551735010086 1546397.73033327 0.0 0.0 0.0 
1 1 0.0 1.0 0.0277 27 0.0 
4 24 48.0748775134891 1546397.73033444 0.0 0.0 0.0 
1 1 0.0 1.0 0.0277 27 0.0 
4 23 48.0945815259696 1546397.73033443 0.0 0.0 0.0 
1 1 0.0 1.0 0.0277 27 0.0 
4 22 48.1142855384502 1546397.73033444 0.0 0.0 0.0 
1 1 0.0 1.0 0.0277 27 0.0 
4 21 48.1339895509307 1546397.73033443 0.0 0.0 0.0 
1 1 0.0 1.0 0.0277 27 0.0 
4 20 48.1536935634113 1546397.73033327 0.0 0.0 0.0 
1 1 0.0 1.0 0.0277 27 0.0 
4 19 48.1733975758918 1546397.73033444 0.0 0.0 0.0 
1 1 0.0 1.0 0.0277 27 0.0 
4 18 48.1931015883724 1546397.73033443 0.0 0.0 0.0 
1 1 0.0 1.0 0.0277 27 0.0 
4 17 48.2128056008529 1546397.73033443 0.0 0.0 0.0 
1 1 0.0 1.0 0.0277 27 0.0 
4 16 48.2280051322966 839362.119326778 0.0 0.0 0.0 
1 1 0.0 1.0 0.0277 27 0.0 
4 957 48.0638453330108 793002.980710612 0.0 0.0 0.0 
1 1 0.0 1.0 0.0277 27 0.0 
4 926 48.074596138317 1558470.36254446 0.0 0.0 0.0 
1 1 0.0 1.0 0.0277 27 0.0 
4 895 48.0888466179078 1558470.36254562 0.0 0.0 0.0 
1 1 0.0 1.0 0.0277 27 0.0 
4 864 48.1030970974986 1558470.36254562 0.0 0.0 0.0 
1 1 0.0 1.0 0.0277 27 0.0 
4 833 48.1173475770894 1558470.36254446 0.0 0.0 0.0 
1 1 0.0 1.0 0.0277 27 0.0 
4 802 48.1315980566802 1558470.36254562 0.0 0.0 0.0 
1 1 0.0 1.0 0.0277 27 0.0 
4 771 48.145848536271 1558470.36254562 0.0 0.0 0.0 
1 1 0.0 1.0 0.0277 27 0.0 
4 740 48.1600990158619 1558470.36254562 0.0 0.0 0.0 
1 1 0.0 1.0 0.0277 27 0.0 
4 709 48.1743494954527 1558470.36254446 0.0 0.0 0.0 
1 1 0.0 1.0 0.0277 27 0.0 
4 678 48.1885999750435 1558470.36254563 0.0 0.0 0.0 
1 1 0.0 1.0 0.0277 27 0.0 
4 647 48.2028504546343 1558470.36254562 0.0 0.0 0.0 
1 1 0.0 1.0 0.0277 27 0.0 
4 616 48.2171009342251 1558470.36254446 0.0 0.0 0.0 
1 1 0.0 1.0 0.0277 27 0.0 
4 585 48.2313514138159 1558470.36254562 0.0 0.0 0.0 
1 1 0.0 1.0 0.0277 27 0.0 
4 554 48.2456018934067 1558470.36254562 0.0 0.0 0.0 
1 1 0.0 1.0 0.0277 27 0.0 
4 523 48.2598523729975 1558470.36254446 0.0 0.0 0.0 
1 1 0.0 1.0 0.0277 27 0.0 
4 483 48.2701698863965 698231.06914262 0.0 0.0 0.0 
1 1 0.0 1.0 0.0277 27 0.0 
4 927 47.9956571128246 934462.350052176 0.0 0.0 0.0 
1 1 0.0 1.0 0.0277 27 0.0 
4 928 48.0142969092674 1546373.04399086 0.0 0.0 0.0 
1 1 0.0 1.0 0.0277 27 0.0 
4 929 48.0375343065036 1546373.04398969 0.0 0.0 0.0 
1 1 0.0 1.0 0.0277 27 0.0 
4 930 48.0607717037398 1546373.04399086 0.0 0.0 0.0 
1 1 0.0 1.0 0.0277 27 0.0 
4 931 48.084009100976 1546373.04399086 0.0 0.0 0.0 
1 1 0.0 1.0 0.0277 27 0.0 
4 932 48.1072464982122 1546373.04399086 0.0 0.0 0.0 
1 1 0.0 1.0 0.0277 27 0.0 
4 933 48.1304838954484 1546373.0439897 0.0 0.0 0.0 
1 1 0.0 1.0 0.0277 27 0.0 
4 934 48.1537212926846 1546373.04399086 0.0 0.0 0.0 
1 1 0.0 1.0 0.0277 27 0.0 
4 935 48.1769586899209 1546373.04399086 0.0 0.0 0.0 
1 1 0.0 1.0 0.0277 27 0.0 
4 936 48.2001960871571 1546373.04399086 0.0 0.0 0.0 
1 1 0.0 1.0 0.0277 27 0.0 
4 937 48.2234334843933 1546373.04399086 0.0 0.0 0.0 
1 1 0.0 1.0 0.0277 27 0.0 
4 938 48.2466708816295 1546373.0439897 0.0 0.0 0.0 
1 1 0.0 1.0 0.0277 27 0.0 
4 939 48.2699082788657 1546373.04399086 0.0 0.0 0.0 
1 1 0.0 1.0 0.0277 27 0.0 
4 940 48.2931456761019 1546373.04399086 0.0 0.0 0.0 
1 1 0.0 1.0 0.0277 27 0.0 
4 941 48.3163830733382 1546373.04399086 0.0 0.0 0.0 
1 1 0.0 1.0 0.0277 27 0.0 
4 942 48.3333085959781 706303.682223875 0.0 0.0 0.0 
1 1 0.0 1.0 0.0277 27 0.0 
4 435 48.2131670671275 698694.840145542 0.0 0.0 0.0 
1 1 0.0 1.0 0.0277 27 0.0 
4 484 48.2020970855503 1558462.26128169 0.0 0.0 0.0 
1 1 0.0 1.0 0.0277 27 0.0 
4 524 48.1868104681409 1558462.26128285 0.0 0.0 0.0 
1 1 0.0 1.0 0.0277 27 0.0 
4 555 48.1715238507315 1558462.26128285 0.0 0.0 0.0 
1 1 0.0 1.0 0.0277 27 0.0 
4 586 48.1562372333221 1558462.26128169 0.0 0.0 0.0 
1 1 0.0 1.0 0.0277 27 0.0 
4 617 48.1409506159128 1558462.26128285 0.0 0.0 0.0 
1 1 0.0 1.0 0.0277 27 0.0 
4 648 48.1256639985034 1558462.26128285 0.0 0.0 0.0 
1 1 0.0 1.0 0.0277 27 0.0 
4 679 48.110377381094 1558462.26128169 0.0 0.0 0.0 
1 1 0.0 1.0 0.0277 27 0.0 
4 710 48.0950907636846 1558462.26128285 0.0 0.0 0.0 
1 1 0.0 1.0 0.0277 27 0.0 
4 741 48.0798041462752 1558462.26128285 0.0 0.0 0.0 
1 1 0.0 1.0 0.0277 27 0.0 
4 772 48.0645175288659 1558462.26128285 0.0 0.0 0.0 
1 1 0.0 1.0 0.0277 27 0.0 
4 803 48.0492309114565 1558462.26128169 0.0 0.0 0.0 
1 1 0.0 1.0 0.0277 27 0.0 
4 834 48.0339442940471 1558462.26128285 0.0 0.0 0.0 
1 1 0.0 1.0 0.0277 27 0.0 
4 865 48.0186576766377 1558462.26128285 0.0 0.0 0.0 
1 1 0.0 1.0 0.0277 27 0.0 
4 896 48.0033710592284 1558462.26128169 0.0 0.0 0.0 
1 1 0.0 1.0 0.0277 27 0.0 
4 927 47.9921818827618 722998.547333626 0.0 0.0 0.0 
1 1 0.0 1.0 0.0277 27 0.0 
4 16 48.2277188875268 707035.611006496 0.0 0.0 0.0 
1 1 0.0 1.0 0.0277 27 0.0 
4 15 48.2097631793596 1546397.73033443 0.0 0.0 0.0 
1 1 0.0 1.0 0.0277 27 0.0 
4 14 48.1851193029717 1546397.73033444 0.0 0.0 0.0 
1 1 0.0 1.0 0.0277 27 0.0 
4 13 48.1604754265837 1546397.73033443 0.0 0.0 0.0 
1 1 0.0 1.0 0.0277 27 0.0 
4 12 48.1358315501958 1546397.73033327 0.0 0.0 0.0 
1 1 0.0 1.0 0.0277 27 0.0 
4 11 48.1111876738078 1546397.73033444 0.0 0.0 0.0 
1 1 0.0 1.0 0.0277 27 0.0 
4 10 48.0865437974199 1546397.73033443 0.0 0.0 0.0 
1 1 0.0 1.0 0.0277 27 0.0 
4 9 48.0618999210319 1546397.73033444 0.0 0.0 0.0 
1 1 0.0 1.0 0.0277 27 0.0 
4 8 48.037256044644 1546397.73033443 0.0 0.0 0.0 
1 1 0.0 1.0 0.0277 27 0.0 
4 7 48.012612168256 1546397.73033327 0.0 0.0 0.0 
1 1 0.0 1.0 0.0277 27 0.0 
4 6 47.9879682918681 1546397.73033444 0.0 0.0 0.0 
1 1 0.0 1.0 0.0277 27 0.0 
4 5 47.9633244154801 1546397.73033443 0.0 0.0 0.0 
1 1 0.0 1.0 0.0277 27 0.0 
4 4 47.9386805390921 1546397.73033443 0.0 0.0 0.0 
1 1 0.0 1.0 0.0277 27 0.0 
4 3 47.9140366627042 1546397.73033327 0.0 0.0 0.0 
1 1 0.0 1.0 0.0277 27 0.0 
4 2 47.8893927863162 1546397.73033443 0.0 0.0 0.0 
1 1 0.0 1.0 0.0277 27 0.0 
4 1 47.8706986615611 799706.562414698 0.0 0.0 0.0 
1 1 0.0 1.0 0.0277 27 0.0 
4 483 48.2668217677323 860239.293403004 0.0 0.0 0.0 
1 1 0.0 1.0 0.0277 27 0.0 
4 434 48.2484323381249 1558470.36254563 0.0 0.0 0.0 
1 1 0.0 1.0 0.0277 27 0.0 
4 403 48.2247342634455 1558470.36254562 0.0 0.0 0.0 
1 1 0.0 1.0 0.0277 27 0.0 
4 372 48.2010361887661 1558470.36254446 0.0 0.0 0.0 
1 1 0.0 1.0 0.0277 27 0.0 
4 341 48.1773381140867 1558470.36254562 0.0 0.0 0.0 
1 1 0.0 1.0 0.0277 27 0.0 
4 310 48.1536400394073 1558470.36254562 0.0 0.0 0.0 
1 1 0.0 1.0 0.0277 27 0.0 
4 279 48.1299419647279 1558470.36254446 0.0 0.0 0.0 
1 1 0.0 1.0 0.0277 27 0.0 
4 248 48.1062438900485 1558470.36254563 0.0 0.0 0.0 
1 1 0.0 1.0 0.0277 27 0.0 
4 217 48.0825458153691 1558470.36254562 0.0 0.0 0.0 
1 1 0.0 1.0 0.0277 27 0.0 
4 186 48.0588477406897 1558470.36254446 0.0 0.0 0.0 
1 1 0.0 1.0 0.0277 27 0.0 
4 155 48.0351496660103 1558470.36254562 0.0 0.0 0.0 
1 1 0.0 1.0 0.0277 27 0.0 
4 124 48.0114515913309 1558470.36254562 0.0 0.0 0.0 
1 1 0.0 1.0 0.0277 27 0.0 
4 93 47.9877535166515 1558470.36254563 0.0 0.0 0.0 
1 1 0.0 1.0 0.0277 27 0.0 
4 62 47.9640554419721 1558470.36254446 0.0 0.0 0.0 
1 1 0.0 1.0 0.0277 27 0.0 
4 31 47.9437650610662 1110266.04025697 0.0 0.0 0.0 
1 1 0.0 1.0 0.0277 27 0.0 
4 942 48.3335729229745 840069.361765821 0.0 0.0 0.0 
1 1 0.0 1.0 0.0277 27 0.0 
4 943 48.3192483573133 1546373.04399086 0.0 0.0 0.0 
1 1 0.0 1.0 0.0277 27 0.0 
4 944 48.300684220042 1546373.04399086 0.0 0.0 0.0 
1 1 0.0 1.0 0.0277 27 0.0 
4 945 48.2821200827707 1546373.04399086 0.0 0.0 0.0 
1 1 0.0 1.0 0.0277 27 0.0 
4 946 48.2635559454994 1546373.0439897 0.0 0.0 0.0 
1 1 0.0 1.0 0.0277 27 0.0 
4 947 48.2449918082281 1546373.04399086 0.0 0.0 0.0 
1 1 0.0 1.0 0.0277 27 0.0 
4 948 48.2264276709567 1546373.04399086 0.0 0.0 0.0 
1 1 0.0 1.0 0.0277 27 0.0 
4 949 48.2078635336854 1546373.04399086 0.0 0.0 0.0 
1 1 0.0 1.0 0.0277 27 0.0 
4 950 48.1892993964141 1546373.04399086 0.0 0.0 0.0 
1 1 0.0 1.0 0.0277 27 0.0 
4 951 48.1707352591427 1546373.0439897 0.0 0.0 0.0 
1 1 0.0 1.0 0.0277 27 0.0 
4 952 48.1521711218714 1546373.04399086 0.0 0.0 0.0 
1 1 0.0 1.0 0.0277 27 0.0 
4 953 48.1336069846001 1546373.04399086 0.0 0.0 0.0 
1 1 0.0 1.0 0.0277 27 0.0 
4 954 48.1150428473288 1546373.04399086 0.0 0.0 0.0 
1 1 0.0 1.0 0.0277 27 0.0 
4 955 48.0964787100575 1546373.0439897 0.0 0.0 0.0 
1 1 0.0 1.0 0.0277 27 0.0 
4 956 48.0779145727861 1546373.04399086 0.0 0.0 0.0 
1 1 0.0 1.0 0.0277 27 0.0 
4 957 48.0644261358252 700772.085034537 0.0 0.0 0.0 
1 1 0.0 1.0 0.0277 27 0.0 
