1 694376.1275645162 1027688.8972333333 4 4 3 2 1  
2 694530.7646935484 1027688.8972333333 4 6 5 3 4  
3 694685.4018225807 1027688.8972333333 4 8 7 5 6  
4 694840.0389516129 1027688.8972333333 4 10 9 7 8  
5 694994.6760806452 1027688.8972333333 4 12 11 9 10  
6 695149.3132096775 1027688.8972333333 4 14 13 11 12  
7 695303.9503387096 1027688.8972333333 4 16 15 13 14  
8 695458.5874677419 1027688.8972333333 4 18 17 15 16  
9 695613.2245967742 1027688.8972333333 4 20 19 17 18  
10 695767.8617258065 1027688.8972333333 4 22 21 19 20  
11 695922.4988548388 1027688.8972333333 4 24 23 21 22  
12 696077.1359838711 1027688.8972333333 4 26 25 23 24  
13 696231.7731129032 1027688.8972333333 4 28 27 25 26  
14 696386.4102419355 1027688.8972333333 4 30 29 27 28  
15 696541.0473709678 1027688.8972333333 4 32 31 29 30  
16 696695.6845 1027688.8972333333 4 34 33 31 32  
17 696850.3216290323 1027688.8972333333 4 36 35 33 34  
18 697004.9587580645 1027688.8972333333 4 38 37 35 36  
19 697159.5958870968 1027688.8972333333 4 40 39 37 38  
20 697314.2330161291 1027688.8972333333 4 42 41 39 40  
21 697468.8701451613 1027688.8972333333 4 44 43 41 42  
22 697623.5072741936 1027688.8972333333 4 46 45 43 44  
23 697778.1444032259 1027688.8972333333 4 48 47 45 46  
24 697932.7815322581 1027688.8972333333 4 50 49 47 48  
25 698087.4186612903 1027688.8972333333 4 52 51 49 50  
26 698242.0557903226 1027688.8972333333 4 54 53 51 52  
27 698396.6929193549 1027688.8972333333 4 56 55 53 54  
28 698551.3300483872 1027688.8972333333 4 58 57 55 56  
29 698705.9671774195 1027688.8972333333 4 60 59 57 58  
30 698860.6043064516 1027688.8972333333 4 62 61 59 60  
31 699015.2414354839 1027688.8972333333 4 64 63 61 62  
32 694376.1275645162 1027533.0517000001 4 3 66 65 2  
33 694530.7646935484 1027533.0517000001 4 5 67 66 3  
34 694685.4018225807 1027533.0517000001 4 7 68 67 5  
35 694840.0389516129 1027533.0517000001 4 9 69 68 7  
36 694994.6760806452 1027533.0517000001 4 11 70 69 9  
37 695149.3132096775 1027533.0517000001 4 13 71 70 11  
38 695303.9503387096 1027533.0517000001 4 15 72 71 13  
39 695458.5874677419 1027533.0517000001 4 17 73 72 15  
40 695613.2245967742 1027533.0517000001 4 19 74 73 17  
41 695767.8617258065 1027533.0517000001 4 21 75 74 19  
42 695922.4988548388 1027533.0517000001 4 23 76 75 21  
43 696077.1359838711 1027533.0517000001 4 25 77 76 23  
44 696231.7731129032 1027533.0517000001 4 27 78 77 25  
45 696386.4102419355 1027533.0517000001 4 29 79 78 27  
46 696541.0473709678 1027533.0517000001 4 31 80 79 29  
47 696695.6845 1027533.0517000001 4 33 81 80 31  
48 696850.3216290323 1027533.0517000001 4 35 82 81 33  
49 697004.9587580645 1027533.0517000001 4 37 83 82 35  
50 697159.5958870968 1027533.0517000001 4 39 84 83 37  
51 697314.2330161291 1027533.0517000001 4 41 85 84 39  
52 697468.8701451613 1027533.0517000001 4 43 86 85 41  
53 697623.5072741936 1027533.0517000001 4 45 87 86 43  
54 697778.1444032259 1027533.0517000001 4 47 88 87 45  
55 697932.7815322581 1027533.0517000001 4 49 89 88 47  
56 698087.4186612903 1027533.0517000001 4 51 90 89 49  
57 698242.0557903226 1027533.0517000001 4 53 91 90 51  
58 698396.6929193549 1027533.0517000001 4 55 92 91 53  
59 698551.3300483872 1027533.0517000001 4 57 93 92 55  
60 698705.9671774195 1027533.0517000001 4 59 94 93 57  
61 698860.6043064516 1027533.0517000001 4 61 95 94 59  
62 699015.2414354839 1027533.0517000001 4 63 96 95 61  
63 694376.1275645162 1027377.2061666668 4 66 98 97 65  
64 694530.7646935484 1027377.2061666668 4 67 99 98 66  
65 694685.4018225807 1027377.2061666668 4 68 100 99 67  
66 694840.0389516129 1027377.2061666668 4 69 101 100 68  
67 694994.6760806452 1027377.2061666668 4 70 102 101 69  
68 695149.3132096775 1027377.2061666668 4 71 103 102 70  
69 695303.9503387096 1027377.2061666668 4 72 104 103 71  
70 695458.5874677419 1027377.2061666668 4 73 105 104 72  
71 695613.2245967742 1027377.2061666668 4 74 106 105 73  
72 695767.8617258065 1027377.2061666668 4 75 107 106 74  
73 695922.4988548388 1027377.2061666668 4 76 108 107 75  
74 696077.1359838711 1027377.2061666668 4 77 109 108 76  
75 696231.7731129032 1027377.2061666668 4 78 110 109 77  
76 696386.4102419355 1027377.2061666668 4 79 111 110 78  
77 696541.0473709678 1027377.2061666668 4 80 112 111 79  
78 696695.6845 1027377.2061666668 4 81 113 112 80  
79 696850.3216290323 1027377.2061666668 4 82 114 113 81  
80 697004.9587580645 1027377.2061666668 4 83 115 114 82  
81 697159.5958870968 1027377.2061666668 4 84 116 115 83  
82 697314.2330161291 1027377.2061666668 4 85 117 116 84  
83 697468.8701451613 1027377.2061666668 4 86 118 117 85  
84 697623.5072741936 1027377.2061666668 4 87 119 118 86  
85 697778.1444032259 1027377.2061666668 4 88 120 119 87  
86 697932.7815322581 1027377.2061666668 4 89 121 120 88  
87 698087.4186612903 1027377.2061666668 4 90 122 121 89  
88 698242.0557903226 1027377.2061666668 4 91 123 122 90  
89 698396.6929193549 1027377.2061666668 4 92 124 123 91  
90 698551.3300483872 1027377.2061666668 4 93 125 124 92  
91 698705.9671774195 1027377.2061666668 4 94 126 125 93  
92 698860.6043064516 1027377.2061666668 4 95 127 126 94  
93 699015.2414354839 1027377.2061666668 4 96 128 127 95  
94 694376.1275645162 1027221.3606333333 4 98 130 129 97  
95 694530.7646935484 1027221.3606333333 4 99 131 130 98  
96 694685.4018225807 1027221.3606333333 4 100 132 131 99  
97 694840.0389516129 1027221.3606333333 4 101 133 132 100  
98 694994.6760806452 1027221.3606333333 4 102 134 133 101  
99 695149.3132096775 1027221.3606333333 4 103 135 134 102  
100 695303.9503387096 1027221.3606333333 4 104 136 135 103  
101 695458.5874677419 1027221.3606333333 4 105 137 136 104  
102 695613.2245967742 1027221.3606333333 4 106 138 137 105  
103 695767.8617258065 1027221.3606333333 4 107 139 138 106  
104 695922.4988548388 1027221.3606333333 4 108 140 139 107  
105 696077.1359838711 1027221.3606333333 4 109 141 140 108  
106 696231.7731129032 1027221.3606333333 4 110 142 141 109  
107 696386.4102419355 1027221.3606333333 4 111 143 142 110  
108 696541.0473709678 1027221.3606333333 4 112 144 143 111  
109 696695.6845 1027221.3606333333 4 113 145 144 112  
110 696850.3216290323 1027221.3606333333 4 114 146 145 113  
111 697004.9587580645 1027221.3606333333 4 115 147 146 114  
112 697159.5958870968 1027221.3606333333 4 116 148 147 115  
113 697314.2330161291 1027221.3606333333 4 117 149 148 116  
114 697468.8701451613 1027221.3606333333 4 118 150 149 117  
115 697623.5072741936 1027221.3606333333 4 119 151 150 118  
116 697778.1444032259 1027221.3606333333 4 120 152 151 119  
117 697932.7815322581 1027221.3606333333 4 121 153 152 120  
118 698087.4186612903 1027221.3606333333 4 122 154 153 121  
119 698242.0557903226 1027221.3606333333 4 123 155 154 122  
120 698396.6929193549 1027221.3606333333 4 124 156 155 123  
121 698551.3300483872 1027221.3606333333 4 125 157 156 124  
122 698705.9671774195 1027221.3606333333 4 126 158 157 125  
123 698860.6043064516 1027221.3606333333 4 127 159 158 126  
124 699015.2414354839 1027221.3606333333 4 128 160 159 127  
125 694376.1275645162 1027065.5151000001 4 130 162 161 129  
126 694530.7646935484 1027065.5151000001 4 131 163 162 130  
127 694685.4018225807 1027065.5151000001 4 132 164 163 131  
128 694840.0389516129 1027065.5151000001 4 133 165 164 132  
129 694994.6760806452 1027065.5151000001 4 134 166 165 133  
130 695149.3132096775 1027065.5151000001 4 135 167 166 134  
131 695303.9503387096 1027065.5151000001 4 136 168 167 135  
132 695458.5874677419 1027065.5151000001 4 137 169 168 136  
133 695613.2245967742 1027065.5151000001 4 138 170 169 137  
134 695767.8617258065 1027065.5151000001 4 139 171 170 138  
135 695922.4988548388 1027065.5151000001 4 140 172 171 139  
136 696077.1359838711 1027065.5151000001 4 141 173 172 140  
137 696231.7731129032 1027065.5151000001 4 142 174 173 141  
138 696386.4102419355 1027065.5151000001 4 143 175 174 142  
139 696541.0473709678 1027065.5151000001 4 144 176 175 143  
140 696695.6845 1027065.5151000001 4 145 177 176 144  
141 696850.3216290323 1027065.5151000001 4 146 178 177 145  
142 697004.9587580645 1027065.5151000001 4 147 179 178 146  
143 697159.5958870968 1027065.5151000001 4 148 180 179 147  
144 697314.2330161291 1027065.5151000001 4 149 181 180 148  
145 697468.8701451613 1027065.5151000001 4 150 182 181 149  
146 697623.5072741936 1027065.5151000001 4 151 183 182 150  
147 697778.1444032259 1027065.5151000001 4 152 184 183 151  
148 697932.7815322581 1027065.5151000001 4 153 185 184 152  
149 698087.4186612903 1027065.5151000001 4 154 186 185 153  
150 698242.0557903226 1027065.5151000001 4 155 187 186 154  
151 698396.6929193549 1027065.5151000001 4 156 188 187 155  
152 698551.3300483872 1027065.5151000001 4 157 189 188 156  
153 698705.9671774195 1027065.5151000001 4 158 190 189 157  
154 698860.6043064516 1027065.5151000001 4 159 191 190 158  
155 699015.2414354839 1027065.5151000001 4 160 192 191 159  
156 694376.1275645162 1026909.6695666667 4 162 194 193 161  
157 694530.7646935484 1026909.6695666667 4 163 195 194 162  
158 694685.4018225807 1026909.6695666667 4 164 196 195 163  
159 694840.0389516129 1026909.6695666667 4 165 197 196 164  
160 694994.6760806452 1026909.6695666667 4 166 198 197 165  
161 695149.3132096775 1026909.6695666667 4 167 199 198 166  
162 695303.9503387096 1026909.6695666667 4 168 200 199 167  
163 695458.5874677419 1026909.6695666667 4 169 201 200 168  
164 695613.2245967742 1026909.6695666667 4 170 202 201 169  
165 695767.8617258065 1026909.6695666667 4 171 203 202 170  
166 695922.4988548388 1026909.6695666667 4 172 204 203 171  
167 696077.1359838711 1026909.6695666667 4 173 205 204 172  
168 696231.7731129032 1026909.6695666667 4 174 206 205 173  
169 696386.4102419355 1026909.6695666667 4 175 207 206 174  
170 696541.0473709678 1026909.6695666667 4 176 208 207 175  
171 696695.6845 1026909.6695666667 4 177 209 208 176  
172 696850.3216290323 1026909.6695666667 4 178 210 209 177  
173 697004.9587580645 1026909.6695666667 4 179 211 210 178  
174 697159.5958870968 1026909.6695666667 4 180 212 211 179  
175 697314.2330161291 1026909.6695666667 4 181 213 212 180  
176 697468.8701451613 1026909.6695666667 4 182 214 213 181  
177 697623.5072741936 1026909.6695666667 4 183 215 214 182  
178 697778.1444032259 1026909.6695666667 4 184 216 215 183  
179 697932.7815322581 1026909.6695666667 4 185 217 216 184  
180 698087.4186612903 1026909.6695666667 4 186 218 217 185  
181 698242.0557903226 1026909.6695666667 4 187 219 218 186  
182 698396.6929193549 1026909.6695666667 4 188 220 219 187  
183 698551.3300483872 1026909.6695666667 4 189 221 220 188  
184 698705.9671774195 1026909.6695666667 4 190 222 221 189  
185 698860.6043064516 1026909.6695666667 4 191 223 222 190  
186 699015.2414354839 1026909.6695666667 4 192 224 223 191  
187 694376.1275645162 1026753.8240333333 4 194 226 225 193  
188 694530.7646935484 1026753.8240333333 4 195 227 226 194  
189 694685.4018225807 1026753.8240333333 4 196 228 227 195  
190 694840.0389516129 1026753.8240333333 4 197 229 228 196  
191 694994.6760806452 1026753.8240333333 4 198 230 229 197  
192 695149.3132096775 1026753.8240333333 4 199 231 230 198  
193 695303.9503387096 1026753.8240333333 4 200 232 231 199  
194 695458.5874677419 1026753.8240333333 4 201 233 232 200  
195 695613.2245967742 1026753.8240333333 4 202 234 233 201  
196 695767.8617258065 1026753.8240333333 4 203 235 234 202  
197 695922.4988548388 1026753.8240333333 4 204 236 235 203  
198 696077.1359838711 1026753.8240333333 4 205 237 236 204  
199 696231.7731129032 1026753.8240333333 4 206 238 237 205  
200 696386.4102419355 1026753.8240333333 4 207 239 238 206  
201 696541.0473709678 1026753.8240333333 4 208 240 239 207  
202 696695.6845 1026753.8240333333 4 209 241 240 208  
203 696850.3216290323 1026753.8240333333 4 210 242 241 209  
204 697004.9587580645 1026753.8240333333 4 211 243 242 210  
205 697159.5958870968 1026753.8240333333 4 212 244 243 211  
206 697314.2330161291 1026753.8240333333 4 213 245 244 212  
207 697468.8701451613 1026753.8240333333 4 214 246 245 213  
208 697623.5072741936 1026753.8240333333 4 215 247 246 214  
209 697778.1444032259 1026753.8240333333 4 216 248 247 215  
210 697932.7815322581 1026753.8240333333 4 217 249 248 216  
211 698087.4186612903 1026753.8240333333 4 218 250 249 217  
212 698242.0557903226 1026753.8240333333 4 219 251 250 218  
213 698396.6929193549 1026753.8240333333 4 220 252 251 219  
214 698551.3300483872 1026753.8240333333 4 221 253 252 220  
215 698705.9671774195 1026753.8240333333 4 222 254 253 221  
216 698860.6043064516 1026753.8240333333 4 223 255 254 222  
217 699015.2414354839 1026753.8240333333 4 224 256 255 223  
218 694376.1275645162 1026597.9785000001 4 226 258 257 225  
219 694530.7646935484 1026597.9785000001 4 227 259 258 226  
220 694685.4018225807 1026597.9785000001 4 228 260 259 227  
221 694840.0389516129 1026597.9785000001 4 229 261 260 228  
222 694994.6760806452 1026597.9785000001 4 230 262 261 229  
223 695149.3132096775 1026597.9785000001 4 231 263 262 230  
224 695303.9503387096 1026597.9785000001 4 232 264 263 231  
225 695458.5874677419 1026597.9785000001 4 233 265 264 232  
226 695613.2245967742 1026597.9785000001 4 234 266 265 233  
227 695767.8617258065 1026597.9785000001 4 235 267 266 234  
228 695922.4988548388 1026597.9785000001 4 236 268 267 235  
229 696077.1359838711 1026597.9785000001 4 237 269 268 236  
230 696231.7731129032 1026597.9785000001 4 238 270 269 237  
231 696386.4102419355 1026597.9785000001 4 239 271 270 238  
232 696541.0473709678 1026597.9785000001 4 240 272 271 239  
233 696695.6845 1026597.9785000001 4 241 273 272 240  
234 696850.3216290323 1026597.9785000001 4 242 274 273 241  
235 697004.9587580645 1026597.9785000001 4 243 275 274 242  
236 697159.5958870968 1026597.9785000001 4 244 276 275 243  
237 697314.2330161291 1026597.9785000001 4 245 277 276 244  
238 697468.8701451613 1026597.9785000001 4 246 278 277 245  
239 697623.5072741936 1026597.9785000001 4 247 279 278 246  
240 697778.1444032259 1026597.9785000001 4 248 280 279 247  
241 697932.7815322581 1026597.9785000001 4 249 281 280 248  
242 698087.4186612903 1026597.9785000001 4 250 282 281 249  
243 698242.0557903226 1026597.9785000001 4 251 283 282 250  
244 698396.6929193549 1026597.9785000001 4 252 284 283 251  
245 698551.3300483872 1026597.9785000001 4 253 285 284 252  
246 698705.9671774195 1026597.9785000001 4 254 286 285 253  
247 698860.6043064516 1026597.9785000001 4 255 287 286 254  
248 699015.2414354839 1026597.9785000001 4 256 288 287 255  
249 694376.1275645162 1026442.1329666667 4 258 290 289 257  
250 694530.7646935484 1026442.1329666667 4 259 291 290 258  
251 694685.4018225807 1026442.1329666667 4 260 292 291 259  
252 694840.0389516129 1026442.1329666667 4 261 293 292 260  
253 694994.6760806452 1026442.1329666667 4 262 294 293 261  
254 695149.3132096775 1026442.1329666667 4 263 295 294 262  
255 695303.9503387096 1026442.1329666667 4 264 296 295 263  
256 695458.5874677419 1026442.1329666667 4 265 297 296 264  
257 695613.2245967742 1026442.1329666667 4 266 298 297 265  
258 695767.8617258065 1026442.1329666667 4 267 299 298 266  
259 695922.4988548388 1026442.1329666667 4 268 300 299 267  
260 696077.1359838711 1026442.1329666667 4 269 301 300 268  
261 696231.7731129032 1026442.1329666667 4 270 302 301 269  
262 696386.4102419355 1026442.1329666667 4 271 303 302 270  
263 696541.0473709678 1026442.1329666667 4 272 304 303 271  
264 696695.6845 1026442.1329666667 4 273 305 304 272  
265 696850.3216290323 1026442.1329666667 4 274 306 305 273  
266 697004.9587580645 1026442.1329666667 4 275 307 306 274  
267 697159.5958870968 1026442.1329666667 4 276 308 307 275  
268 697314.2330161291 1026442.1329666667 4 277 309 308 276  
269 697468.8701451613 1026442.1329666667 4 278 310 309 277  
270 697623.5072741936 1026442.1329666667 4 279 311 310 278  
271 697778.1444032259 1026442.1329666667 4 280 312 311 279  
272 697932.7815322581 1026442.1329666667 4 281 313 312 280  
273 698087.4186612903 1026442.1329666667 4 282 314 313 281  
274 698242.0557903226 1026442.1329666667 4 283 315 314 282  
275 698396.6929193549 1026442.1329666667 4 284 316 315 283  
276 698551.3300483872 1026442.1329666667 4 285 317 316 284  
277 698705.9671774195 1026442.1329666667 4 286 318 317 285  
278 698860.6043064516 1026442.1329666667 4 287 319 318 286  
279 699015.2414354839 1026442.1329666667 4 288 320 319 287  
280 694376.1275645162 1026286.2874333333 4 290 322 321 289  
281 694530.7646935484 1026286.2874333333 4 291 323 322 290  
282 694685.4018225807 1026286.2874333333 4 292 324 323 291  
283 694840.0389516129 1026286.2874333333 4 293 325 324 292  
284 694994.6760806452 1026286.2874333333 4 294 326 325 293  
285 695149.3132096775 1026286.2874333333 4 295 327 326 294  
286 695303.9503387096 1026286.2874333333 4 296 328 327 295  
287 695458.5874677419 1026286.2874333333 4 297 329 328 296  
288 695613.2245967742 1026286.2874333333 4 298 330 329 297  
289 695767.8617258065 1026286.2874333333 4 299 331 330 298  
290 695922.4988548388 1026286.2874333333 4 300 332 331 299  
291 696077.1359838711 1026286.2874333333 4 301 333 332 300  
292 696231.7731129032 1026286.2874333333 4 302 334 333 301  
293 696386.4102419355 1026286.2874333333 4 303 335 334 302  
294 696541.0473709678 1026286.2874333333 4 304 336 335 303  
295 696695.6845 1026286.2874333333 4 305 337 336 304  
296 696850.3216290323 1026286.2874333333 4 306 338 337 305  
297 697004.9587580645 1026286.2874333333 4 307 339 338 306  
298 697159.5958870968 1026286.2874333333 4 308 340 339 307  
299 697314.2330161291 1026286.2874333333 4 309 341 340 308  
300 697468.8701451613 1026286.2874333333 4 310 342 341 309  
301 697623.5072741936 1026286.2874333333 4 311 343 342 310  
302 697778.1444032259 1026286.2874333333 4 312 344 343 311  
303 697932.7815322581 1026286.2874333333 4 313 345 344 312  
304 698087.4186612903 1026286.2874333333 4 314 346 345 313  
305 698242.0557903226 1026286.2874333333 4 315 347 346 314  
306 698396.6929193549 1026286.2874333333 4 316 348 347 315  
307 698551.3300483872 1026286.2874333333 4 317 349 348 316  
308 698705.9671774195 1026286.2874333333 4 318 350 349 317  
309 698860.6043064516 1026286.2874333333 4 319 351 350 318  
310 699015.2414354839 1026286.2874333333 4 320 352 351 319  
311 694376.1275645162 1026130.4419000001 4 322 354 353 321  
312 694530.7646935484 1026130.4419000001 4 323 355 354 322  
313 694685.4018225807 1026130.4419000001 4 324 356 355 323  
314 694840.0389516129 1026130.4419000001 4 325 357 356 324  
315 694994.6760806452 1026130.4419000001 4 326 358 357 325  
316 695149.3132096775 1026130.4419000001 4 327 359 358 326  
317 695303.9503387096 1026130.4419000001 4 328 360 359 327  
318 695458.5874677419 1026130.4419000001 4 329 361 360 328  
319 695613.2245967742 1026130.4419000001 4 330 362 361 329  
320 695767.8617258065 1026130.4419000001 4 331 363 362 330  
321 695922.4988548388 1026130.4419000001 4 332 364 363 331  
322 696077.1359838711 1026130.4419000001 4 333 365 364 332  
323 696231.7731129032 1026130.4419000001 4 334 366 365 333  
324 696386.4102419355 1026130.4419000001 4 335 367 366 334  
325 696541.0473709678 1026130.4419000001 4 336 368 367 335  
326 696695.6845 1026130.4419000001 4 337 369 368 336  
327 696850.3216290323 1026130.4419000001 4 338 370 369 337  
328 697004.9587580645 1026130.4419000001 4 339 371 370 338  
329 697159.5958870968 1026130.4419000001 4 340 372 371 339  
330 697314.2330161291 1026130.4419000001 4 341 373 372 340  
331 697468.8701451613 1026130.4419000001 4 342 374 373 341  
332 697623.5072741936 1026130.4419000001 4 343 375 374 342  
333 697778.1444032259 1026130.4419000001 4 344 376 375 343  
334 697932.7815322581 1026130.4419000001 4 345 377 376 344  
335 698087.4186612903 1026130.4419000001 4 346 378 377 345  
336 698242.0557903226 1026130.4419000001 4 347 379 378 346  
337 698396.6929193549 1026130.4419000001 4 348 380 379 347  
338 698551.3300483872 1026130.4419000001 4 349 381 380 348  
339 698705.9671774195 1026130.4419000001 4 350 382 381 349  
340 698860.6043064516 1026130.4419000001 4 351 383 382 350  
341 699015.2414354839 1026130.4419000001 4 352 384 383 351  
342 694376.1275645162 1025974.5963666667 4 354 386 385 353  
343 694530.7646935484 1025974.5963666667 4 355 387 386 354  
344 694685.4018225807 1025974.5963666667 4 356 388 387 355  
345 694840.0389516129 1025974.5963666667 4 357 389 388 356  
346 694994.6760806452 1025974.5963666667 4 358 390 389 357  
347 695149.3132096775 1025974.5963666667 4 359 391 390 358  
348 695303.9503387096 1025974.5963666667 4 360 392 391 359  
349 695458.5874677419 1025974.5963666667 4 361 393 392 360  
350 695613.2245967742 1025974.5963666667 4 362 394 393 361  
351 695767.8617258065 1025974.5963666667 4 363 395 394 362  
352 695922.4988548388 1025974.5963666667 4 364 396 395 363  
353 696077.1359838711 1025974.5963666667 4 365 397 396 364  
354 696231.7731129032 1025974.5963666667 4 366 398 397 365  
355 696386.4102419355 1025974.5963666667 4 367 399 398 366  
356 696541.0473709678 1025974.5963666667 4 368 400 399 367  
357 696695.6845 1025974.5963666667 4 369 401 400 368  
358 696850.3216290323 1025974.5963666667 4 370 402 401 369  
359 697004.9587580645 1025974.5963666667 4 371 403 402 370  
360 697159.5958870968 1025974.5963666667 4 372 404 403 371  
361 697314.2330161291 1025974.5963666667 4 373 405 404 372  
362 697468.8701451613 1025974.5963666667 4 374 406 405 373  
363 697623.5072741936 1025974.5963666667 4 375 407 406 374  
364 697778.1444032259 1025974.5963666667 4 376 408 407 375  
365 697932.7815322581 1025974.5963666667 4 377 409 408 376  
366 698087.4186612903 1025974.5963666667 4 378 410 409 377  
367 698242.0557903226 1025974.5963666667 4 379 411 410 378  
368 698396.6929193549 1025974.5963666667 4 380 412 411 379  
369 698551.3300483872 1025974.5963666667 4 381 413 412 380  
370 698705.9671774195 1025974.5963666667 4 382 414 413 381  
371 698860.6043064516 1025974.5963666667 4 383 415 414 382  
372 699015.2414354839 1025974.5963666667 4 384 416 415 383  
373 694376.1275645162 1025818.7508333334 4 386 418 417 385  
374 694530.7646935484 1025818.7508333334 4 387 419 418 386  
375 694685.4018225807 1025818.7508333334 4 388 420 419 387  
376 694840.0389516129 1025818.7508333334 4 389 421 420 388  
377 694994.6760806452 1025818.7508333334 4 390 422 421 389  
378 695149.3132096775 1025818.7508333334 4 391 423 422 390  
379 695303.9503387096 1025818.7508333334 4 392 424 423 391  
380 695458.5874677419 1025818.7508333334 4 393 425 424 392  
381 695613.2245967742 1025818.7508333334 4 394 426 425 393  
382 695767.8617258065 1025818.7508333334 4 395 427 426 394  
383 695922.4988548388 1025818.7508333334 4 396 428 427 395  
384 696077.1359838711 1025818.7508333334 4 397 429 428 396  
385 696231.7731129032 1025818.7508333334 4 398 430 429 397  
386 696386.4102419355 1025818.7508333334 4 399 431 430 398  
387 696541.0473709678 1025818.7508333334 4 400 432 431 399  
388 696695.6845 1025818.7508333334 4 401 433 432 400  
389 696850.3216290323 1025818.7508333334 4 402 434 433 401  
390 697004.9587580645 1025818.7508333334 4 403 435 434 402  
391 697159.5958870968 1025818.7508333334 4 404 436 435 403  
392 697314.2330161291 1025818.7508333334 4 405 437 436 404  
393 697468.8701451613 1025818.7508333334 4 406 438 437 405  
394 697623.5072741936 1025818.7508333334 4 407 439 438 406  
395 697778.1444032259 1025818.7508333334 4 408 440 439 407  
396 697932.7815322581 1025818.7508333334 4 409 441 440 408  
397 698087.4186612903 1025818.7508333334 4 410 442 441 409  
398 698242.0557903226 1025818.7508333334 4 411 443 442 410  
399 698396.6929193549 1025818.7508333334 4 412 444 443 411  
400 698551.3300483872 1025818.7508333334 4 413 445 444 412  
401 698705.9671774195 1025818.7508333334 4 414 446 445 413  
402 698860.6043064516 1025818.7508333334 4 415 447 446 414  
403 699015.2414354839 1025818.7508333334 4 416 448 447 415  
404 694376.1275645162 1025662.9053000001 4 418 450 449 417  
405 694530.7646935484 1025662.9053000001 4 419 451 450 418  
406 694685.4018225807 1025662.9053000001 4 420 452 451 419  
407 694840.0389516129 1025662.9053000001 4 421 453 452 420  
408 694994.6760806452 1025662.9053000001 4 422 454 453 421  
409 695149.3132096775 1025662.9053000001 4 423 455 454 422  
410 695303.9503387096 1025662.9053000001 4 424 456 455 423  
411 695458.5874677419 1025662.9053000001 4 425 457 456 424  
412 695613.2245967742 1025662.9053000001 4 426 458 457 425  
413 695767.8617258065 1025662.9053000001 4 427 459 458 426  
414 695922.4988548388 1025662.9053000001 4 428 460 459 427  
415 696077.1359838711 1025662.9053000001 4 429 461 460 428  
416 696231.7731129032 1025662.9053000001 4 430 462 461 429  
417 696386.4102419355 1025662.9053000001 4 431 463 462 430  
418 696541.0473709678 1025662.9053000001 5 432 465 464 463 431 
419 696695.6845 1025662.9053000001 5 433 467 466 465 432 
420 696850.3216290323 1025662.9053000001 5 434 469 468 467 433 
421 697004.9587580645 1025662.9053000001 4 435 470 469 434  
422 697159.5958870968 1025662.9053000001 4 436 471 470 435  
423 697314.2330161291 1025662.9053000001 4 437 472 471 436  
424 697468.8701451613 1025662.9053000001 4 438 473 472 437  
425 697623.5072741936 1025662.9053000001 4 439 474 473 438  
426 697778.1444032259 1025662.9053000001 4 440 475 474 439  
427 697932.7815322581 1025662.9053000001 4 441 476 475 440  
428 698087.4186612903 1025662.9053000001 4 442 477 476 441  
429 698242.0557903226 1025662.9053000001 4 443 478 477 442  
430 698396.6929193549 1025662.9053000001 4 444 479 478 443  
431 698551.3300483872 1025662.9053000001 4 445 480 479 444  
432 698705.9671774195 1025662.9053000001 4 446 481 480 445  
433 698860.6043064516 1025662.9053000001 4 447 482 481 446  
434 699015.2414354839 1025662.9053000001 4 448 483 482 447  
435 694376.1275645162 1025507.0597666666 4 450 485 484 449  
436 694530.7646935484 1025507.0597666666 4 451 486 485 450  
437 694685.4018225807 1025507.0597666666 4 452 487 486 451  
438 694840.0389516129 1025507.0597666666 4 453 488 487 452  
439 694994.6760806452 1025507.0597666666 4 454 489 488 453  
440 695149.3132096775 1025507.0597666666 4 455 490 489 454  
441 695303.9503387096 1025507.0597666666 4 456 491 490 455  
442 695458.5874677419 1025507.0597666666 4 457 492 491 456  
443 695613.2245967742 1025507.0597666666 4 458 493 492 457  
444 695767.8617258065 1025507.0597666666 4 459 494 493 458  
445 695922.4988548388 1025507.0597666666 4 460 495 494 459  
446 696077.1359838711 1025507.0597666666 4 461 496 495 460  
447 696231.7731129032 1025507.0597666666 4 462 497 496 461  
448 696386.4102419355 1025507.0597666666 5 463 499 498 497 462 
449 696502.3880887098 1025546.02115 4 464 500 499 463  
450 696579.7066532258 1025546.02115 4 465 501 500 464  
451 696502.3880887098 1025468.0983833334 4 500 502 498 499  
452 696579.7066532258 1025468.0983833333 5 501 504 503 502 500 
453 696657.025217742 1025546.02115 5 466 506 505 501 465 
454 696734.3437822581 1025546.02115 5 467 508 507 506 466 
455 696637.695576613 1025487.5790750001 4 505 509 504 501  
456 696676.354858871 1025487.5790750001 4 506 510 509 505  
457 696637.695576613 1025448.6176916667 4 509 511 503 504  
458 696676.354858871 1025448.6176916667 5 510 513 512 511 509 
459 696715.0141411291 1025487.579075 5 507 515 514 510 506 
460 696753.6734233871 1025487.5790750001 4 508 516 515 507  
461 696705.3493205645 1025458.3580375001 4 514 517 513 510  
462 696724.6789616937 1025458.3580375001 4 515 518 517 514  
463 696705.3493205645 1025438.8773458333 4 517 519 512 513  
464 696724.6789616937 1025438.8773458333 4 518 520 519 517  
465 696753.6734233871 1025448.6176916667 5 516 521 520 518 515 
466 696811.6623467741 1025546.02115 4 468 522 508 467  
467 696888.9809112904 1025546.02115 4 469 523 522 468  
468 696811.6623467741 1025468.0983833333 5 522 524 521 516 508 
469 696888.9809112904 1025468.0983833334 4 523 525 524 522  
470 697004.9587580645 1025507.0597666666 5 470 526 525 523 469 
471 697159.5958870968 1025507.0597666666 4 471 527 526 470  
472 697314.2330161291 1025507.0597666666 4 472 528 527 471  
473 697468.8701451613 1025507.0597666666 4 473 529 528 472  
474 697623.5072741936 1025507.0597666666 4 474 530 529 473  
475 697778.1444032259 1025507.0597666666 4 475 531 530 474  
476 697932.7815322581 1025507.0597666666 4 476 532 531 475  
477 698087.4186612903 1025507.0597666666 4 477 533 532 476  
478 698242.0557903226 1025507.0597666666 4 478 534 533 477  
479 698396.6929193549 1025507.0597666666 4 479 535 534 478  
480 698551.3300483872 1025507.0597666666 4 480 536 535 479  
481 698705.9671774195 1025507.0597666666 4 481 537 536 480  
482 698860.6043064516 1025507.0597666666 4 482 538 537 481  
483 699015.2414354839 1025507.0597666666 4 483 539 538 482  
484 694376.1275645162 1025351.2142333334 4 485 541 540 484  
485 694530.7646935484 1025351.2142333334 4 486 542 541 485  
486 694685.4018225807 1025351.2142333334 4 487 543 542 486  
487 694840.0389516129 1025351.2142333334 4 488 544 543 487  
488 694994.6760806452 1025351.2142333334 4 489 545 544 488  
489 695149.3132096775 1025351.2142333334 4 490 546 545 489  
490 695303.9503387096 1025351.2142333334 4 491 547 546 490  
491 695458.5874677419 1025351.2142333334 4 492 548 547 491  
492 695613.2245967742 1025351.2142333334 4 493 549 548 492  
493 695767.8617258065 1025351.2142333334 4 494 550 549 493  
494 695922.4988548388 1025351.2142333334 4 495 551 550 494  
495 696077.1359838711 1025351.2142333334 4 496 552 551 495  
496 696231.7731129032 1025351.2142333334 4 497 553 552 496  
497 696386.4102419355 1025351.2142333334 4 498 554 553 497  
498 696541.0473709678 1025351.2142333334 6 502 503 556 555 554 498
499 696657.025217742 1025390.1756166667 6 511 512 558 557 556 503
500 696715.0141411291 1025409.6563083334 5 519 520 559 558 512 
501 696753.6734233871 1025409.6563083333 4 521 560 559 520  
502 696715.0141411291 1025370.6949250001 4 559 561 557 558  
503 696753.6734233871 1025370.6949250001 4 560 562 561 559  
504 696657.025217742 1025312.25285 4 557 563 555 556  
505 696734.3437822581 1025312.25285 5 561 562 564 563 557 
506 696811.6623467741 1025390.1756166667 5 524 565 562 560 521 
507 696888.9809112904 1025390.1756166667 4 525 566 565 524  
508 696811.6623467741 1025312.25285 4 565 567 564 562  
509 696888.9809112904 1025312.25285 4 566 568 567 565  
510 697004.9587580645 1025351.2142333334 5 526 569 568 566 525 
511 697159.5958870968 1025351.2142333334 4 527 570 569 526  
512 697314.2330161291 1025351.2142333334 4 528 571 570 527  
513 697468.8701451613 1025351.2142333334 4 529 572 571 528  
514 697623.5072741936 1025351.2142333334 4 530 573 572 529  
515 697778.1444032259 1025351.2142333334 4 531 574 573 530  
516 697932.7815322581 1025351.2142333334 4 532 575 574 531  
517 698087.4186612903 1025351.2142333334 4 533 576 575 532  
518 698242.0557903226 1025351.2142333334 4 534 577 576 533  
519 698396.6929193549 1025351.2142333334 4 535 578 577 534  
520 698551.3300483872 1025351.2142333334 4 536 579 578 535  
521 698705.9671774195 1025351.2142333334 4 537 580 579 536  
522 698860.6043064516 1025351.2142333334 4 538 581 580 537  
523 699015.2414354839 1025351.2142333334 4 539 582 581 538  
524 694376.1275645162 1025195.3687000001 4 541 584 583 540  
525 694530.7646935484 1025195.3687000001 4 542 585 584 541  
526 694685.4018225807 1025195.3687000001 4 543 586 585 542  
527 694840.0389516129 1025195.3687000001 4 544 587 586 543  
528 694994.6760806452 1025195.3687000001 4 545 588 587 544  
529 695149.3132096775 1025195.3687000001 4 546 589 588 545  
530 695303.9503387096 1025195.3687000001 4 547 590 589 546  
531 695458.5874677419 1025195.3687000001 4 548 591 590 547  
532 695613.2245967742 1025195.3687000001 4 549 592 591 548  
533 695767.8617258065 1025195.3687000001 4 550 593 592 549  
534 695922.4988548388 1025195.3687000001 4 551 594 593 550  
535 696077.1359838711 1025195.3687000001 4 552 595 594 551  
536 696231.7731129032 1025195.3687000001 4 553 596 595 552  
537 696386.4102419355 1025195.3687000001 4 554 597 596 553  
538 696541.0473709678 1025195.3687000001 4 555 598 597 554  
539 696695.6845000001 1025195.3687000001 5 563 564 599 598 555 
540 696850.3216290323 1025195.3687000001 5 567 568 600 599 564 
541 697004.9587580645 1025195.3687000001 4 569 601 600 568  
542 697159.5958870968 1025195.3687000001 4 570 602 601 569  
543 697314.2330161291 1025195.3687000001 4 571 603 602 570  
544 697468.8701451613 1025195.3687000001 4 572 604 603 571  
545 697623.5072741936 1025195.3687000001 4 573 605 604 572  
546 697778.1444032259 1025195.3687000001 4 574 606 605 573  
547 697932.7815322581 1025195.3687000001 4 575 607 606 574  
548 698087.4186612903 1025195.3687000001 4 576 608 607 575  
549 698242.0557903226 1025195.3687000001 4 577 609 608 576  
550 698396.6929193549 1025195.3687000001 4 578 610 609 577  
551 698551.3300483872 1025195.3687000001 4 579 611 610 578  
552 698705.9671774195 1025195.3687000001 4 580 612 611 579  
553 698860.6043064516 1025195.3687000001 4 581 613 612 580  
554 699015.2414354839 1025195.3687000001 4 582 614 613 581  
555 694376.1275645162 1025039.5231666666 4 584 616 615 583  
556 694530.7646935484 1025039.5231666666 4 585 617 616 584  
557 694685.4018225807 1025039.5231666666 4 586 618 617 585  
558 694840.0389516129 1025039.5231666666 4 587 619 618 586  
559 694994.6760806452 1025039.5231666666 4 588 620 619 587  
560 695149.3132096775 1025039.5231666666 4 589 621 620 588  
561 695303.9503387096 1025039.5231666666 4 590 622 621 589  
562 695458.5874677419 1025039.5231666666 4 591 623 622 590  
563 695613.2245967742 1025039.5231666666 4 592 624 623 591  
564 695767.8617258065 1025039.5231666666 4 593 625 624 592  
565 695922.4988548388 1025039.5231666666 4 594 626 625 593  
566 696077.1359838711 1025039.5231666666 4 595 627 626 594  
567 696231.7731129032 1025039.5231666666 4 596 628 627 595  
568 696386.4102419355 1025039.5231666666 4 597 629 628 596  
569 696541.0473709678 1025039.5231666666 4 598 630 629 597  
570 696695.6845 1025039.5231666666 4 599 631 630 598  
571 696850.3216290323 1025039.5231666666 4 600 632 631 599  
572 697004.9587580645 1025039.5231666666 4 601 633 632 600  
573 697159.5958870968 1025039.5231666666 4 602 634 633 601  
574 697314.2330161291 1025039.5231666666 4 603 635 634 602  
575 697468.8701451613 1025039.5231666666 4 604 636 635 603  
576 697623.5072741936 1025039.5231666666 4 605 637 636 604  
577 697778.1444032259 1025039.5231666666 4 606 638 637 605  
578 697932.7815322581 1025039.5231666666 4 607 639 638 606  
579 698087.4186612903 1025039.5231666666 4 608 640 639 607  
580 698242.0557903226 1025039.5231666666 4 609 641 640 608  
581 698396.6929193549 1025039.5231666666 4 610 642 641 609  
582 698551.3300483872 1025039.5231666666 4 611 643 642 610  
583 698705.9671774195 1025039.5231666666 4 612 644 643 611  
584 698860.6043064516 1025039.5231666666 4 613 645 644 612  
585 699015.2414354839 1025039.5231666666 4 614 646 645 613  
586 694376.1275645162 1024883.6776333334 4 616 648 647 615  
587 694530.7646935484 1024883.6776333334 4 617 649 648 616  
588 694685.4018225807 1024883.6776333334 4 618 650 649 617  
589 694840.0389516129 1024883.6776333334 4 619 651 650 618  
590 694994.6760806452 1024883.6776333334 4 620 652 651 619  
591 695149.3132096775 1024883.6776333334 4 621 653 652 620  
592 695303.9503387096 1024883.6776333334 4 622 654 653 621  
593 695458.5874677419 1024883.6776333334 4 623 655 654 622  
594 695613.2245967742 1024883.6776333334 4 624 656 655 623  
595 695767.8617258065 1024883.6776333334 4 625 657 656 624  
596 695922.4988548388 1024883.6776333334 4 626 658 657 625  
597 696077.1359838711 1024883.6776333334 4 627 659 658 626  
598 696231.7731129032 1024883.6776333334 4 628 660 659 627  
599 696386.4102419355 1024883.6776333334 4 629 661 660 628  
600 696541.0473709678 1024883.6776333334 4 630 662 661 629  
601 696695.6845 1024883.6776333334 4 631 663 662 630  
602 696850.3216290323 1024883.6776333334 4 632 664 663 631  
603 697004.9587580645 1024883.6776333334 4 633 665 664 632  
604 697159.5958870968 1024883.6776333334 4 634 666 665 633  
605 697314.2330161291 1024883.6776333334 4 635 667 666 634  
606 697468.8701451613 1024883.6776333334 4 636 668 667 635  
607 697623.5072741936 1024883.6776333334 4 637 669 668 636  
608 697778.1444032259 1024883.6776333334 4 638 670 669 637  
609 697932.7815322581 1024883.6776333334 4 639 671 670 638  
610 698087.4186612903 1024883.6776333334 4 640 672 671 639  
611 698242.0557903226 1024883.6776333334 4 641 673 672 640  
612 698396.6929193549 1024883.6776333334 4 642 674 673 641  
613 698551.3300483872 1024883.6776333334 4 643 675 674 642  
614 698705.9671774195 1024883.6776333334 4 644 676 675 643  
615 698860.6043064516 1024883.6776333334 4 645 677 676 644  
616 699015.2414354839 1024883.6776333334 4 646 678 677 645  
617 694376.1275645162 1024727.8321000001 4 648 680 679 647  
618 694530.7646935484 1024727.8321000001 4 649 681 680 648  
619 694685.4018225807 1024727.8321000001 4 650 682 681 649  
620 694840.0389516129 1024727.8321000001 4 651 683 682 650  
621 694994.6760806452 1024727.8321000001 4 652 684 683 651  
622 695149.3132096775 1024727.8321000001 4 653 685 684 652  
623 695303.9503387096 1024727.8321000001 4 654 686 685 653  
624 695458.5874677419 1024727.8321000001 4 655 687 686 654  
625 695613.2245967742 1024727.8321000001 4 656 688 687 655  
626 695767.8617258065 1024727.8321000001 4 657 689 688 656  
627 695922.4988548388 1024727.8321000001 4 658 690 689 657  
628 696077.1359838711 1024727.8321000001 4 659 691 690 658  
629 696231.7731129032 1024727.8321000001 4 660 692 691 659  
630 696386.4102419355 1024727.8321000001 4 661 693 692 660  
631 696541.0473709678 1024727.8321000001 4 662 694 693 661  
632 696695.6845 1024727.8321000001 4 663 695 694 662  
633 696850.3216290323 1024727.8321000001 4 664 696 695 663  
634 697004.9587580645 1024727.8321000001 4 665 697 696 664  
635 697159.5958870968 1024727.8321000001 4 666 698 697 665  
636 697314.2330161291 1024727.8321000001 4 667 699 698 666  
637 697468.8701451613 1024727.8321000001 4 668 700 699 667  
638 697623.5072741936 1024727.8321000001 4 669 701 700 668  
639 697778.1444032259 1024727.8321000001 4 670 702 701 669  
640 697932.7815322581 1024727.8321000001 4 671 703 702 670  
641 698087.4186612903 1024727.8321000001 4 672 704 703 671  
642 698242.0557903226 1024727.8321000001 4 673 705 704 672  
643 698396.6929193549 1024727.8321000001 4 674 706 705 673  
644 698551.3300483872 1024727.8321000001 4 675 707 706 674  
645 698705.9671774195 1024727.8321000001 4 676 708 707 675  
646 698860.6043064516 1024727.8321000001 4 677 709 708 676  
647 699015.2414354839 1024727.8321000001 4 678 710 709 677  
648 694376.1275645162 1024571.9865666666 4 680 712 711 679  
649 694530.7646935484 1024571.9865666666 4 681 713 712 680  
650 694685.4018225807 1024571.9865666666 4 682 714 713 681  
651 694840.0389516129 1024571.9865666666 4 683 715 714 682  
652 694994.6760806452 1024571.9865666666 4 684 716 715 683  
653 695149.3132096775 1024571.9865666666 4 685 717 716 684  
654 695303.9503387096 1024571.9865666666 4 686 718 717 685  
655 695458.5874677419 1024571.9865666666 4 687 719 718 686  
656 695613.2245967742 1024571.9865666666 4 688 720 719 687  
657 695767.8617258065 1024571.9865666666 4 689 721 720 688  
658 695922.4988548388 1024571.9865666666 4 690 722 721 689  
659 696077.1359838711 1024571.9865666666 4 691 723 722 690  
660 696231.7731129032 1024571.9865666666 4 692 724 723 691  
661 696386.4102419355 1024571.9865666666 4 693 725 724 692  
662 696541.0473709678 1024571.9865666666 4 694 726 725 693  
663 696695.6845 1024571.9865666666 4 695 727 726 694  
664 696850.3216290323 1024571.9865666666 4 696 728 727 695  
665 697004.9587580645 1024571.9865666666 4 697 729 728 696  
666 697159.5958870968 1024571.9865666666 4 698 730 729 697  
667 697314.2330161291 1024571.9865666666 4 699 731 730 698  
668 697468.8701451613 1024571.9865666666 4 700 732 731 699  
669 697623.5072741936 1024571.9865666666 4 701 733 732 700  
670 697778.1444032259 1024571.9865666666 4 702 734 733 701  
671 697932.7815322581 1024571.9865666666 4 703 735 734 702  
672 698087.4186612903 1024571.9865666666 4 704 736 735 703  
673 698242.0557903226 1024571.9865666666 4 705 737 736 704  
674 698396.6929193549 1024571.9865666666 4 706 738 737 705  
675 698551.3300483872 1024571.9865666666 4 707 739 738 706  
676 698705.9671774195 1024571.9865666666 4 708 740 739 707  
677 698860.6043064516 1024571.9865666666 4 709 741 740 708  
678 699015.2414354839 1024571.9865666666 4 710 742 741 709  
679 694376.1275645162 1024416.1410333334 4 712 744 743 711  
680 694530.7646935484 1024416.1410333334 4 713 745 744 712  
681 694685.4018225807 1024416.1410333334 4 714 746 745 713  
682 694840.0389516129 1024416.1410333334 4 715 747 746 714  
683 694994.6760806452 1024416.1410333334 4 716 748 747 715  
684 695149.3132096775 1024416.1410333334 4 717 749 748 716  
685 695303.9503387096 1024416.1410333334 4 718 750 749 717  
686 695458.5874677419 1024416.1410333334 4 719 751 750 718  
687 695613.2245967742 1024416.1410333334 4 720 752 751 719  
688 695767.8617258065 1024416.1410333334 4 721 753 752 720  
689 695922.4988548388 1024416.1410333334 4 722 754 753 721  
690 696077.1359838711 1024416.1410333334 4 723 755 754 722  
691 696231.7731129032 1024416.1410333334 4 724 756 755 723  
692 696386.4102419355 1024416.1410333334 4 725 757 756 724  
693 696541.0473709678 1024416.1410333334 4 726 758 757 725  
694 696695.6845 1024416.1410333334 4 727 759 758 726  
695 696850.3216290323 1024416.1410333334 4 728 760 759 727  
696 697004.9587580645 1024416.1410333334 4 729 761 760 728  
697 697159.5958870968 1024416.1410333334 4 730 762 761 729  
698 697314.2330161291 1024416.1410333334 4 731 763 762 730  
699 697468.8701451613 1024416.1410333334 4 732 764 763 731  
700 697623.5072741936 1024416.1410333334 4 733 765 764 732  
701 697778.1444032259 1024416.1410333334 4 734 766 765 733  
702 697932.7815322581 1024416.1410333334 4 735 767 766 734  
703 698087.4186612903 1024416.1410333334 4 736 768 767 735  
704 698242.0557903226 1024416.1410333334 4 737 769 768 736  
705 698396.6929193549 1024416.1410333334 4 738 770 769 737  
706 698551.3300483872 1024416.1410333334 4 739 771 770 738  
707 698705.9671774195 1024416.1410333334 4 740 772 771 739  
708 698860.6043064516 1024416.1410333334 4 741 773 772 740  
709 699015.2414354839 1024416.1410333334 4 742 774 773 741  
710 694376.1275645162 1024260.2955000001 4 744 776 775 743  
711 694530.7646935484 1024260.2955000001 4 745 777 776 744  
712 694685.4018225807 1024260.2955000001 4 746 778 777 745  
713 694840.0389516129 1024260.2955000001 4 747 779 778 746  
714 694994.6760806452 1024260.2955000001 4 748 780 779 747  
715 695149.3132096775 1024260.2955000001 4 749 781 780 748  
716 695303.9503387096 1024260.2955000001 4 750 782 781 749  
717 695458.5874677419 1024260.2955000001 4 751 783 782 750  
718 695613.2245967742 1024260.2955000001 4 752 784 783 751  
719 695767.8617258065 1024260.2955000001 4 753 785 784 752  
720 695922.4988548388 1024260.2955000001 4 754 786 785 753  
721 696077.1359838711 1024260.2955000001 4 755 787 786 754  
722 696231.7731129032 1024260.2955000001 4 756 788 787 755  
723 696386.4102419355 1024260.2955000001 4 757 789 788 756  
724 696541.0473709678 1024260.2955000001 4 758 790 789 757  
725 696695.6845 1024260.2955000001 4 759 791 790 758  
726 696850.3216290323 1024260.2955000001 4 760 792 791 759  
727 697004.9587580645 1024260.2955000001 4 761 793 792 760  
728 697159.5958870968 1024260.2955000001 4 762 794 793 761  
729 697314.2330161291 1024260.2955000001 4 763 795 794 762  
730 697468.8701451613 1024260.2955000001 4 764 796 795 763  
731 697623.5072741936 1024260.2955000001 4 765 797 796 764  
732 697778.1444032259 1024260.2955000001 4 766 798 797 765  
733 697932.7815322581 1024260.2955000001 4 767 799 798 766  
734 698087.4186612903 1024260.2955000001 4 768 800 799 767  
735 698242.0557903226 1024260.2955000001 4 769 801 800 768  
736 698396.6929193549 1024260.2955000001 4 770 802 801 769  
737 698551.3300483872 1024260.2955000001 4 771 803 802 770  
738 698705.9671774195 1024260.2955000001 4 772 804 803 771  
739 698860.6043064516 1024260.2955000001 4 773 805 804 772  
740 699015.2414354839 1024260.2955000001 4 774 806 805 773  
741 694376.1275645162 1024104.4499666666 4 776 808 807 775  
742 694530.7646935484 1024104.4499666666 4 777 809 808 776  
743 694685.4018225807 1024104.4499666666 4 778 810 809 777  
744 694840.0389516129 1024104.4499666666 4 779 811 810 778  
745 694994.6760806452 1024104.4499666666 4 780 812 811 779  
746 695149.3132096775 1024104.4499666666 4 781 813 812 780  
747 695303.9503387096 1024104.4499666666 4 782 814 813 781  
748 695458.5874677419 1024104.4499666666 4 783 815 814 782  
749 695613.2245967742 1024104.4499666666 4 784 816 815 783  
750 695767.8617258065 1024104.4499666666 4 785 817 816 784  
751 695922.4988548388 1024104.4499666666 4 786 818 817 785  
752 696077.1359838711 1024104.4499666666 4 787 819 818 786  
753 696231.7731129032 1024104.4499666666 4 788 820 819 787  
754 696386.4102419355 1024104.4499666666 4 789 821 820 788  
755 696541.0473709678 1024104.4499666666 4 790 822 821 789  
756 696695.6845 1024104.4499666666 4 791 823 822 790  
757 696850.3216290323 1024104.4499666666 4 792 824 823 791  
758 697004.9587580645 1024104.4499666666 4 793 825 824 792  
759 697159.5958870968 1024104.4499666666 4 794 826 825 793  
760 697314.2330161291 1024104.4499666666 4 795 827 826 794  
761 697468.8701451613 1024104.4499666666 4 796 828 827 795  
762 697623.5072741936 1024104.4499666666 4 797 829 828 796  
763 697778.1444032259 1024104.4499666666 4 798 830 829 797  
764 697932.7815322581 1024104.4499666666 4 799 831 830 798  
765 698087.4186612903 1024104.4499666666 4 800 832 831 799  
766 698242.0557903226 1024104.4499666666 4 801 833 832 800  
767 698396.6929193549 1024104.4499666666 4 802 834 833 801  
768 698551.3300483872 1024104.4499666666 4 803 835 834 802  
769 698705.9671774195 1024104.4499666666 4 804 836 835 803  
770 698860.6043064516 1024104.4499666666 4 805 837 836 804  
771 699015.2414354839 1024104.4499666666 4 806 838 837 805  
772 694376.1275645162 1023948.6044333334 4 808 840 839 807  
773 694530.7646935484 1023948.6044333334 4 809 841 840 808  
774 694685.4018225807 1023948.6044333334 4 810 842 841 809  
775 694840.0389516129 1023948.6044333334 4 811 843 842 810  
776 694994.6760806452 1023948.6044333334 4 812 844 843 811  
777 695149.3132096775 1023948.6044333334 4 813 845 844 812  
778 695303.9503387096 1023948.6044333334 4 814 846 845 813  
779 695458.5874677419 1023948.6044333334 4 815 847 846 814  
780 695613.2245967742 1023948.6044333334 4 816 848 847 815  
781 695767.8617258065 1023948.6044333334 4 817 849 848 816  
782 695922.4988548388 1023948.6044333334 4 818 850 849 817  
783 696077.1359838711 1023948.6044333334 4 819 851 850 818  
784 696231.7731129032 1023948.6044333334 4 820 852 851 819  
785 696386.4102419355 1023948.6044333334 4 821 853 852 820  
786 696541.0473709678 1023948.6044333334 4 822 854 853 821  
787 696695.6845 1023948.6044333334 4 823 855 854 822  
788 696850.3216290323 1023948.6044333334 4 824 856 855 823  
789 697004.9587580645 1023948.6044333334 4 825 857 856 824  
790 697159.5958870968 1023948.6044333334 4 826 858 857 825  
791 697314.2330161291 1023948.6044333334 4 827 859 858 826  
792 697468.8701451613 1023948.6044333334 4 828 860 859 827  
793 697623.5072741936 1023948.6044333334 4 829 861 860 828  
794 697778.1444032259 1023948.6044333334 4 830 862 861 829  
795 697932.7815322581 1023948.6044333334 4 831 863 862 830  
796 698087.4186612903 1023948.6044333334 4 832 864 863 831  
797 698242.0557903226 1023948.6044333334 4 833 865 864 832  
798 698396.6929193549 1023948.6044333334 4 834 866 865 833  
799 698551.3300483872 1023948.6044333334 4 835 867 866 834  
800 698705.9671774195 1023948.6044333334 4 836 868 867 835  
801 698860.6043064516 1023948.6044333334 4 837 869 868 836  
802 699015.2414354839 1023948.6044333334 4 838 870 869 837  
803 694376.1275645162 1023792.7589 4 840 872 871 839  
804 694530.7646935484 1023792.7589 4 841 873 872 840  
805 694685.4018225807 1023792.7589 4 842 874 873 841  
806 694840.0389516129 1023792.7589 4 843 875 874 842  
807 694994.6760806452 1023792.7589 4 844 876 875 843  
808 695149.3132096775 1023792.7589 4 845 877 876 844  
809 695303.9503387096 1023792.7589 4 846 878 877 845  
810 695458.5874677419 1023792.7589 4 847 879 878 846  
811 695613.2245967742 1023792.7589 4 848 880 879 847  
812 695767.8617258065 1023792.7589 4 849 881 880 848  
813 695922.4988548388 1023792.7589 4 850 882 881 849  
814 696077.1359838711 1023792.7589 4 851 883 882 850  
815 696231.7731129032 1023792.7589 4 852 884 883 851  
816 696386.4102419355 1023792.7589 4 853 885 884 852  
817 696541.0473709678 1023792.7589 4 854 886 885 853  
818 696695.6845 1023792.7589 4 855 887 886 854  
819 696850.3216290323 1023792.7589 4 856 888 887 855  
820 697004.9587580645 1023792.7589 4 857 889 888 856  
821 697159.5958870968 1023792.7589 4 858 890 889 857  
822 697314.2330161291 1023792.7589 4 859 891 890 858  
823 697468.8701451613 1023792.7589 4 860 892 891 859  
824 697623.5072741936 1023792.7589 4 861 893 892 860  
825 697778.1444032259 1023792.7589 4 862 894 893 861  
826 697932.7815322581 1023792.7589 4 863 895 894 862  
827 698087.4186612903 1023792.7589 4 864 896 895 863  
828 698242.0557903226 1023792.7589 4 865 897 896 864  
829 698396.6929193549 1023792.7589 4 866 898 897 865  
830 698551.3300483872 1023792.7589 4 867 899 898 866  
831 698705.9671774195 1023792.7589 4 868 900 899 867  
832 698860.6043064516 1023792.7589 4 869 901 900 868  
833 699015.2414354839 1023792.7589 4 870 902 901 869  
834 694376.1275645162 1023636.9133666666 4 872 904 903 871  
835 694530.7646935484 1023636.9133666666 4 873 905 904 872  
836 694685.4018225807 1023636.9133666666 4 874 906 905 873  
837 694840.0389516129 1023636.9133666666 4 875 907 906 874  
838 694994.6760806452 1023636.9133666666 4 876 908 907 875  
839 695149.3132096775 1023636.9133666666 4 877 909 908 876  
840 695303.9503387096 1023636.9133666666 4 878 910 909 877  
841 695458.5874677419 1023636.9133666666 4 879 911 910 878  
842 695613.2245967742 1023636.9133666666 4 880 912 911 879  
843 695767.8617258065 1023636.9133666666 4 881 913 912 880  
844 695922.4988548388 1023636.9133666666 4 882 914 913 881  
845 696077.1359838711 1023636.9133666666 4 883 915 914 882  
846 696231.7731129032 1023636.9133666666 4 884 916 915 883  
847 696386.4102419355 1023636.9133666666 4 885 917 916 884  
848 696541.0473709678 1023636.9133666666 4 886 918 917 885  
849 696695.6845 1023636.9133666666 4 887 919 918 886  
850 696850.3216290323 1023636.9133666666 4 888 920 919 887  
851 697004.9587580645 1023636.9133666666 4 889 921 920 888  
852 697159.5958870968 1023636.9133666666 4 890 922 921 889  
853 697314.2330161291 1023636.9133666666 4 891 923 922 890  
854 697468.8701451613 1023636.9133666666 4 892 924 923 891  
855 697623.5072741936 1023636.9133666666 4 893 925 924 892  
856 697778.1444032259 1023636.9133666666 4 894 926 925 893  
857 697932.7815322581 1023636.9133666666 4 895 927 926 894  
858 698087.4186612903 1023636.9133666666 4 896 928 927 895  
859 698242.0557903226 1023636.9133666666 4 897 929 928 896  
860 698396.6929193549 1023636.9133666666 4 898 930 929 897  
861 698551.3300483872 1023636.9133666666 4 899 931 930 898  
862 698705.9671774195 1023636.9133666666 4 900 932 931 899  
863 698860.6043064516 1023636.9133666666 4 901 933 932 900  
864 699015.2414354839 1023636.9133666666 4 902 934 933 901  
865 694376.1275645162 1023481.0678333334 4 904 936 935 903  
866 694530.7646935484 1023481.0678333334 4 905 937 936 904  
867 694685.4018225807 1023481.0678333334 4 906 938 937 905  
868 694840.0389516129 1023481.0678333334 4 907 939 938 906  
869 694994.6760806452 1023481.0678333334 4 908 940 939 907  
870 695149.3132096775 1023481.0678333334 4 909 941 940 908  
871 695303.9503387096 1023481.0678333334 4 910 942 941 909  
872 695458.5874677419 1023481.0678333334 4 911 943 942 910  
873 695613.2245967742 1023481.0678333334 4 912 944 943 911  
874 695767.8617258065 1023481.0678333334 4 913 945 944 912  
875 695922.4988548388 1023481.0678333334 4 914 946 945 913  
876 696077.1359838711 1023481.0678333334 4 915 947 946 914  
877 696231.7731129032 1023481.0678333334 4 916 948 947 915  
878 696386.4102419355 1023481.0678333334 4 917 949 948 916  
879 696541.0473709678 1023481.0678333334 4 918 950 949 917  
880 696695.6845 1023481.0678333334 4 919 951 950 918  
881 696850.3216290323 1023481.0678333334 4 920 952 951 919  
882 697004.9587580645 1023481.0678333334 4 921 953 952 920  
883 697159.5958870968 1023481.0678333334 4 922 954 953 921  
884 697314.2330161291 1023481.0678333334 4 923 955 954 922  
885 697468.8701451613 1023481.0678333334 4 924 956 955 923  
886 697623.5072741936 1023481.0678333334 4 925 957 956 924  
887 697778.1444032259 1023481.0678333334 4 926 958 957 925  
888 697932.7815322581 1023481.0678333334 4 927 959 958 926  
889 698087.4186612903 1023481.0678333334 4 928 960 959 927  
890 698242.0557903226 1023481.0678333334 4 929 961 960 928  
891 698396.6929193549 1023481.0678333334 4 930 962 961 929  
892 698551.3300483872 1023481.0678333334 4 931 963 962 930  
893 698705.9671774195 1023481.0678333334 4 932 964 963 931  
894 698860.6043064516 1023481.0678333334 4 933 965 964 932  
895 699015.2414354839 1023481.0678333334 4 934 966 965 933  
896 694376.1275645162 1023325.2223 4 936 968 967 935  
897 694530.7646935484 1023325.2223 4 937 969 968 936  
898 694685.4018225807 1023325.2223 4 938 970 969 937  
899 694840.0389516129 1023325.2223 4 939 971 970 938  
900 694994.6760806452 1023325.2223 4 940 972 971 939  
901 695149.3132096775 1023325.2223 4 941 973 972 940  
902 695303.9503387096 1023325.2223 4 942 974 973 941  
903 695458.5874677419 1023325.2223 4 943 975 974 942  
904 695613.2245967742 1023325.2223 4 944 976 975 943  
905 695767.8617258065 1023325.2223 4 945 977 976 944  
906 695922.4988548388 1023325.2223 4 946 978 977 945  
907 696077.1359838711 1023325.2223 4 947 979 978 946  
908 696231.7731129032 1023325.2223 4 948 980 979 947  
909 696386.4102419355 1023325.2223 4 949 981 980 948  
910 696541.0473709678 1023325.2223 4 950 982 981 949  
911 696695.6845 1023325.2223 4 951 983 982 950  
912 696850.3216290323 1023325.2223 4 952 984 983 951  
913 697004.9587580645 1023325.2223 4 953 985 984 952  
914 697159.5958870968 1023325.2223 4 954 986 985 953  
915 697314.2330161291 1023325.2223 4 955 987 986 954  
916 697468.8701451613 1023325.2223 4 956 988 987 955  
917 697623.5072741936 1023325.2223 4 957 989 988 956  
918 697778.1444032259 1023325.2223 4 958 990 989 957  
919 697932.7815322581 1023325.2223 4 959 991 990 958  
920 698087.4186612903 1023325.2223 4 960 992 991 959  
921 698242.0557903226 1023325.2223 4 961 993 992 960  
922 698396.6929193549 1023325.2223 4 962 994 993 961  
923 698551.3300483872 1023325.2223 4 963 995 994 962  
924 698705.9671774195 1023325.2223 4 964 996 995 963  
925 698860.6043064516 1023325.2223 4 965 997 996 964  
926 699015.2414354839 1023325.2223 4 966 998 997 965  
927 694376.1275645162 1023169.3767666667 4 968 1000 999 967  
928 694530.7646935484 1023169.3767666667 4 969 1001 1000 968  
929 694685.4018225807 1023169.3767666667 4 970 1002 1001 969  
930 694840.0389516129 1023169.3767666667 4 971 1003 1002 970  
931 694994.6760806452 1023169.3767666667 4 972 1004 1003 971  
932 695149.3132096775 1023169.3767666667 4 973 1005 1004 972  
933 695303.9503387096 1023169.3767666667 4 974 1006 1005 973  
934 695458.5874677419 1023169.3767666667 4 975 1007 1006 974  
935 695613.2245967742 1023169.3767666667 4 976 1008 1007 975  
936 695767.8617258065 1023169.3767666667 4 977 1009 1008 976  
937 695922.4988548388 1023169.3767666667 4 978 1010 1009 977  
938 696077.1359838711 1023169.3767666667 4 979 1011 1010 978  
939 696231.7731129032 1023169.3767666667 4 980 1012 1011 979  
940 696386.4102419355 1023169.3767666667 4 981 1013 1012 980  
941 696541.0473709678 1023169.3767666667 4 982 1014 1013 981  
942 696695.6845 1023169.3767666667 4 983 1015 1014 982  
943 696850.3216290323 1023169.3767666667 4 984 1016 1015 983  
944 697004.9587580645 1023169.3767666667 4 985 1017 1016 984  
945 697159.5958870968 1023169.3767666667 4 986 1018 1017 985  
946 697314.2330161291 1023169.3767666667 4 987 1019 1018 986  
947 697468.8701451613 1023169.3767666667 4 988 1020 1019 987  
948 697623.5072741936 1023169.3767666667 4 989 1021 1020 988  
949 697778.1444032259 1023169.3767666667 4 990 1022 1021 989  
950 697932.7815322581 1023169.3767666667 4 991 1023 1022 990  
951 698087.4186612903 1023169.3767666667 4 992 1024 1023 991  
952 698242.0557903226 1023169.3767666667 4 993 1025 1024 992  
953 698396.6929193549 1023169.3767666667 4 994 1026 1025 993  
954 698551.3300483872 1023169.3767666667 4 995 1027 1026 994  
955 698705.9671774195 1023169.3767666667 4 996 1028 1027 995  
956 698860.6043064516 1023169.3767666667 4 997 1029 1028 996  
957 699015.2414354839 1023169.3767666667 4 998 1030 1029 997  
