2 1 33.043038589533 838072.934824464 0.02043 26.5 0.0 
2 32 33.0737244306066 1558462.26128169 0.02043 26.5 0.0 
2 63 33.1136343183034 1558462.26128285 0.02043 26.5 0.0 
2 94 33.1535442060002 1558462.26128285 0.02043 26.5 0.0 
2 125 33.1934540936969 1558462.26128285 0.02043 26.5 0.0 
2 156 33.2333639813937 1558462.26128169 0.02043 26.5 0.0 
2 187 33.2732738690905 1558462.26128285 0.02043 26.5 0.0 
2 218 33.3131837567873 1558462.26128285 0.02043 26.5 0.0 
2 249 33.3530936444841 1558462.26128169 0.02043 26.5 0.0 
2 280 33.3930035321808 1558462.26128285 0.02043 26.5 0.0 
2 311 33.4329134198776 1558462.26128285 0.02043 26.5 0.0 
2 342 33.4728233075744 1558462.26128169 0.02043 26.5 0.0 
2 373 33.5127331952712 1558462.26128285 0.02043 26.5 0.0 
2 404 33.552643082968 1558462.26128285 0.02043 26.5 0.0 
2 435 33.5836067057159 859767.421137307 0.02043 26.5 0.0 
2 31 32.0904657736095 900786.691800257 0.02043 26.5 0.0 
2 30 32.1512899917641 1546397.73033443 0.02043 26.5 0.0 
2 29 32.2281607270081 1546397.73033327 0.02043 26.5 0.0 
2 28 32.3050314622521 1546397.73033443 0.02043 26.5 0.0 
2 27 32.3819021974962 1546397.73033444 0.02043 26.5 0.0 
2 26 32.4587729327402 1546397.73033443 0.02043 26.5 0.0 
2 25 32.5356436679843 1546397.73033327 0.02043 26.5 0.0 
2 24 32.6125144032283 1546397.73033444 0.02043 26.5 0.0 
2 23 32.6893851384723 1546397.73033443 0.02043 26.5 0.0 
2 22 32.7662558737164 1546397.73033444 0.02043 26.5 0.0 
2 21 32.8431266089604 1546397.73033443 0.02043 26.5 0.0 
2 20 32.9199973442045 1546397.73033327 0.02043 26.5 0.0 
2 19 32.9968680794485 1546397.73033444 0.02043 26.5 0.0 
2 18 33.0737388146925 1546397.73033443 0.02043 26.5 0.0 
2 17 33.1506095499366 1546397.73033443 0.02043 26.5 0.0 
2 16 33.2099070741639 839362.119326778 0.02043 26.5 0.0 
2 957 32.9579657034346 793002.980710612 0.02043 26.5 0.0 
2 926 32.9576359064094 1558470.36254446 0.02043 26.5 0.0 
2 895 32.9571987516434 1558470.36254562 0.02043 26.5 0.0 
2 864 32.9567615968775 1558470.36254562 0.02043 26.5 0.0 
2 833 32.9563244421115 1558470.36254446 0.02043 26.5 0.0 
2 802 32.9558872873456 1558470.36254562 0.02043 26.5 0.0 
2 771 32.9554501325796 1558470.36254562 0.02043 26.5 0.0 
2 740 32.9550129778136 1558470.36254562 0.02043 26.5 0.0 
2 709 32.9545758230477 1558470.36254446 0.02043 26.5 0.0 
2 678 32.9541386682817 1558470.36254563 0.02043 26.5 0.0 
2 647 32.9537015135158 1558470.36254562 0.02043 26.5 0.0 
2 616 32.9532643587498 1558470.36254446 0.02043 26.5 0.0 
2 585 32.9528272039839 1558470.36254562 0.02043 26.5 0.0 
2 554 32.9523900492179 1558470.36254562 0.02043 26.5 0.0 
2 523 32.9519528944519 1558470.36254446 0.02043 26.5 0.0 
2 483 32.9516363893037 698231.06914262 0.02043 26.5 0.0 
2 927 32.93201205561 934462.350052176 0.02043 26.5 0.0 
2 928 32.9424591496719 1546373.04399086 0.02043 26.5 0.0 
2 929 32.9554830727296 1546373.04398969 0.02043 26.5 0.0 
2 930 32.9685069957873 1546373.04399086 0.02043 26.5 0.0 
2 931 32.9815309188449 1546373.04399086 0.02043 26.5 0.0 
2 932 32.9945548419026 1546373.04399086 0.02043 26.5 0.0 
2 933 33.0075787649603 1546373.0439897 0.02043 26.5 0.0 
2 934 33.0206026880179 1546373.04399086 0.02043 26.5 0.0 
2 935 33.0336266110756 1546373.04399086 0.02043 26.5 0.0 
2 936 33.0466505341333 1546373.04399086 0.02043 26.5 0.0 
2 937 33.0596744571909 1546373.04399086 0.02043 26.5 0.0 
2 938 33.0726983802486 1546373.0439897 0.02043 26.5 0.0 
2 939 33.0857223033063 1546373.04399086 0.02043 26.5 0.0 
2 940 33.0987462263639 1546373.04399086 0.02043 26.5 0.0 
2 941 33.1117701494216 1546373.04399086 0.02043 26.5 0.0 
2 942 33.1212564400906 706303.682223875 0.02043 26.5 0.0 
2 435 33.5845959423497 698694.840145542 0.02043 26.5 0.0 
2 484 33.5522277982575 1558462.26128169 0.02043 26.5 0.0 
2 524 33.5075303946043 1558462.26128285 0.02043 26.5 0.0 
2 555 33.4628329909512 1558462.26128285 0.02043 26.5 0.0 
2 586 33.4181355872981 1558462.26128169 0.02043 26.5 0.0 
2 617 33.373438183645 1558462.26128285 0.02043 26.5 0.0 
2 648 33.3287407799918 1558462.26128285 0.02043 26.5 0.0 
2 679 33.2840433763387 1558462.26128169 0.02043 26.5 0.0 
2 710 33.2393459726856 1558462.26128285 0.02043 26.5 0.0 
2 741 33.1946485690325 1558462.26128285 0.02043 26.5 0.0 
2 772 33.1499511653793 1558462.26128285 0.02043 26.5 0.0 
2 803 33.1052537617262 1558462.26128169 0.02043 26.5 0.0 
2 834 33.0605563580731 1558462.26128285 0.02043 26.5 0.0 
2 865 33.01585895442 1558462.26128285 0.02043 26.5 0.0 
2 896 32.9711615507668 1558462.26128169 0.02043 26.5 0.0 
2 927 32.9384448860086 722998.547333626 0.02043 26.5 0.0 
2 16 33.2277394006129 707035.611006496 0.02043 26.5 0.0 
2 15 33.2180828568878 1546397.73033443 0.02043 26.5 0.0 
2 14 33.2048294297502 1546397.73033444 0.02043 26.5 0.0 
2 13 33.1915760026127 1546397.73033443 0.02043 26.5 0.0 
2 12 33.1783225754751 1546397.73033327 0.02043 26.5 0.0 
2 11 33.1650691483376 1546397.73033444 0.02043 26.5 0.0 
2 10 33.1518157212001 1546397.73033443 0.02043 26.5 0.0 
2 9 33.1385622940625 1546397.73033444 0.02043 26.5 0.0 
2 8 33.125308866925 1546397.73033443 0.02043 26.5 0.0 
2 7 33.1120554397874 1546397.73033327 0.02043 26.5 0.0 
2 6 33.0988020126499 1546397.73033444 0.02043 26.5 0.0 
2 5 33.0855485855123 1546397.73033443 0.02043 26.5 0.0 
2 4 33.0722951583748 1546397.73033443 0.02043 26.5 0.0 
2 3 33.0590417312373 1546397.73033327 0.02043 26.5 0.0 
2 2 33.0457883040997 1546397.73033443 0.02043 26.5 0.0 
2 1 33.0357346414193 799706.562414698 0.02043 26.5 0.0 
2 483 32.9344451837082 860239.293403004 0.02043 26.5 0.0 
2 434 32.8863845144772 1558470.36254563 0.02043 26.5 0.0 
2 403 32.8244497316755 1558470.36254562 0.02043 26.5 0.0 
2 372 32.7625149488739 1558470.36254446 0.02043 26.5 0.0 
2 341 32.7005801660723 1558470.36254562 0.02043 26.5 0.0 
2 310 32.6386453832706 1558470.36254562 0.02043 26.5 0.0 
2 279 32.576710600469 1558470.36254446 0.02043 26.5 0.0 
2 248 32.5147758176674 1558470.36254563 0.02043 26.5 0.0 
2 217 32.4528410348657 1558470.36254562 0.02043 26.5 0.0 
2 186 32.3909062520641 1558470.36254446 0.02043 26.5 0.0 
2 155 32.3289714692625 1558470.36254562 0.02043 26.5 0.0 
2 124 32.2670366864609 1558470.36254562 0.02043 26.5 0.0 
2 93 32.2051019036592 1558470.36254563 0.02043 26.5 0.0 
2 62 32.1431671208576 1558470.36254446 0.02043 26.5 0.0 
2 31 32.0901383262669 1110266.04025697 0.02043 26.5 0.0 
2 942 33.1212212744076 840069.361765821 0.02043 26.5 0.0 
2 943 33.1126719969396 1546373.04399086 0.02043 26.5 0.0 
2 944 33.1015924316502 1546373.04399086 0.02043 26.5 0.0 
2 945 33.0905128663608 1546373.04399086 0.02043 26.5 0.0 
2 946 33.0794333010714 1546373.0439897 0.02043 26.5 0.0 
2 947 33.068353735782 1546373.04399086 0.02043 26.5 0.0 
2 948 33.0572741704926 1546373.04399086 0.02043 26.5 0.0 
2 949 33.0461946052032 1546373.04399086 0.02043 26.5 0.0 
2 950 33.0351150399138 1546373.04399086 0.02043 26.5 0.0 
2 951 33.0240354746244 1546373.0439897 0.02043 26.5 0.0 
2 952 33.012955909335 1546373.04399086 0.02043 26.5 0.0 
2 953 33.0018763440456 1546373.04399086 0.02043 26.5 0.0 
2 954 32.9907967787562 1546373.04399086 0.02043 26.5 0.0 
2 955 32.9797172134669 1546373.0439897 0.02043 26.5 0.0 
2 956 32.9686376481775 1546373.04399086 0.02043 26.5 0.0 
2 957 32.9605873943048 700772.085034537 0.02043 26.5 0.0 
3 1 52.7263661686971 838072.934824464 0.024 25.5 0.0 
3 32 52.7832913143841 1558462.26128169 0.024 25.5 0.0 
3 63 52.8573279414407 1558462.26128285 0.024 25.5 0.0 
3 94 52.9313645684974 1558462.26128285 0.024 25.5 0.0 
3 125 53.0054011955541 1558462.26128285 0.024 25.5 0.0 
3 156 53.0794378226108 1558462.26128169 0.024 25.5 0.0 
3 187 53.1534744496674 1558462.26128285 0.024 25.5 0.0 
3 218 53.2275110767241 1558462.26128285 0.024 25.5 0.0 
3 249 53.3015477037808 1558462.26128169 0.024 25.5 0.0 
3 280 53.3755843308374 1558462.26128285 0.024 25.5 0.0 
3 311 53.4496209578941 1558462.26128285 0.024 25.5 0.0 
3 342 53.5236575849508 1558462.26128169 0.024 25.5 0.0 
3 373 53.5976942120074 1558462.26128285 0.024 25.5 0.0 
3 404 53.6717308390641 1558462.26128285 0.024 25.5 0.0 
3 435 53.7291712961039 859767.421137307 0.024 25.5 0.0 
3 31 52.8260722015688 900786.691800257 0.024 25.5 0.0 
3 30 52.8849636263095 1546397.73033443 0.024 25.5 0.0 
3 29 52.9593916626532 1546397.73033327 0.024 25.5 0.0 
3 28 53.0338196989968 1546397.73033443 0.024 25.5 0.0 
3 27 53.1082477353405 1546397.73033444 0.024 25.5 0.0 
3 26 53.1826757716842 1546397.73033443 0.024 25.5 0.0 
3 25 53.2571038080278 1546397.73033327 0.024 25.5 0.0 
3 24 53.3315318443715 1546397.73033444 0.024 25.5 0.0 
3 23 53.4059598807152 1546397.73033443 0.024 25.5 0.0 
3 22 53.4803879170589 1546397.73033444 0.024 25.5 0.0 
3 21 53.5548159534025 1546397.73033443 0.024 25.5 0.0 
3 20 53.6292439897462 1546397.73033327 0.024 25.5 0.0 
3 19 53.7036720260898 1546397.73033444 0.024 25.5 0.0 
3 18 53.7781000624335 1546397.73033443 0.024 25.5 0.0 
3 17 53.8525280987772 1546397.73033443 0.024 25.5 0.0 
3 16 53.9099413428976 839362.119326778 0.024 25.5 0.0 
3 957 53.017320183709 793002.980710612 0.024 25.5 0.0 
3 926 53.0647924606582 1558470.36254446 0.024 25.5 0.0 
3 895 53.1277182317541 1558470.36254562 0.024 25.5 0.0 
3 864 53.19064400285 1558470.36254562 0.024 25.5 0.0 
3 833 53.2535697739458 1558470.36254446 0.024 25.5 0.0 
3 802 53.3164955450417 1558470.36254562 0.024 25.5 0.0 
3 771 53.3794213161376 1558470.36254562 0.024 25.5 0.0 
3 740 53.4423470872335 1558470.36254562 0.024 25.5 0.0 
3 709 53.5052728583294 1558470.36254446 0.024 25.5 0.0 
3 678 53.5681986294253 1558470.36254563 0.024 25.5 0.0 
3 647 53.6311244005212 1558470.36254562 0.024 25.5 0.0 
3 616 53.6940501716171 1558470.36254446 0.024 25.5 0.0 
3 585 53.756975942713 1558470.36254562 0.024 25.5 0.0 
3 554 53.8199017138088 1558470.36254562 0.024 25.5 0.0 
3 523 53.8828274849047 1558470.36254446 0.024 25.5 0.0 
3 483 53.9283864769571 698231.06914262 0.024 25.5 0.0 
3 927 52.9655515862729 934462.350052176 0.024 25.5 0.0 
3 928 53.0288648953413 1546373.04399086 0.024 25.5 0.0 
3 929 53.1077947547785 1546373.04398969 0.024 25.5 0.0 
3 930 53.1867246142156 1546373.04399086 0.024 25.5 0.0 
3 931 53.2656544736527 1546373.04399086 0.024 25.5 0.0 
3 932 53.3445843330899 1546373.04399086 0.024 25.5 0.0 
3 933 53.423514192527 1546373.0439897 0.024 25.5 0.0 
3 934 53.5024440519641 1546373.04399086 0.024 25.5 0.0 
3 935 53.5813739114013 1546373.04399086 0.024 25.5 0.0 
3 936 53.6603037708384 1546373.04399086 0.024 25.5 0.0 
3 937 53.7392336302756 1546373.04399086 0.024 25.5 0.0 
3 938 53.8181634897127 1546373.0439897 0.024 25.5 0.0 
3 939 53.8970933491498 1546373.04399086 0.024 25.5 0.0 
3 940 53.9760232085869 1546373.04399086 0.024 25.5 0.0 
3 941 54.0549530680241 1546373.04399086 0.024 25.5 0.0 
3 942 54.1124435481021 706303.682223875 0.024 25.5 0.0 
3 435 53.7374491898675 698694.840145542 0.024 25.5 0.0 
3 484 53.6982167839804 1558462.26128169 0.024 25.5 0.0 
3 524 53.6440404717017 1558462.26128285 0.024 25.5 0.0 
3 555 53.589864159423 1558462.26128285 0.024 25.5 0.0 
3 586 53.5356878471443 1558462.26128169 0.024 25.5 0.0 
3 617 53.4815115348656 1558462.26128285 0.024 25.5 0.0 
3 648 53.4273352225869 1558462.26128285 0.024 25.5 0.0 
3 679 53.3731589103082 1558462.26128169 0.024 25.5 0.0 
3 710 53.3189825980295 1558462.26128285 0.024 25.5 0.0 
3 741 53.2648062857508 1558462.26128285 0.024 25.5 0.0 
3 772 53.2106299734721 1558462.26128285 0.024 25.5 0.0 
3 803 53.1564536611934 1558462.26128169 0.024 25.5 0.0 
3 834 53.1022773489148 1558462.26128285 0.024 25.5 0.0 
3 865 53.0481010366361 1558462.26128285 0.024 25.5 0.0 
3 896 52.9939247243574 1558462.26128169 0.024 25.5 0.0 
3 927 52.9542698875706 722998.547333626 0.024 25.5 0.0 
3 16 53.9114591340043 707035.611006496 0.024 25.5 0.0 
3 15 53.8519184722872 1546397.73033443 0.024 25.5 0.0 
3 14 53.770200018537 1546397.73033444 0.024 25.5 0.0 
3 13 53.6884815647867 1546397.73033443 0.024 25.5 0.0 
3 12 53.6067631110365 1546397.73033327 0.024 25.5 0.0 
3 11 53.5250446572863 1546397.73033444 0.024 25.5 0.0 
3 10 53.4433262035361 1546397.73033443 0.024 25.5 0.0 
3 9 53.3616077497858 1546397.73033444 0.024 25.5 0.0 
3 8 53.2798892960356 1546397.73033443 0.024 25.5 0.0 
3 7 53.1981708422854 1546397.73033327 0.024 25.5 0.0 
3 6 53.1164523885351 1546397.73033444 0.024 25.5 0.0 
3 5 53.0347339347849 1546397.73033443 0.024 25.5 0.0 
3 4 52.9530154810347 1546397.73033443 0.024 25.5 0.0 
3 3 52.8712970272844 1546397.73033327 0.024 25.5 0.0 
3 2 52.7895785735342 1546397.73033443 0.024 25.5 0.0 
3 1 52.7275893415988 799706.562414698 0.024 25.5 0.0 
3 483 53.9204627785052 860239.293403004 0.024 25.5 0.0 
3 434 53.8585503370735 1558470.36254563 0.024 25.5 0.0 
3 403 53.7787650641228 1558470.36254562 0.024 25.5 0.0 
3 372 53.6989797911722 1558470.36254446 0.024 25.5 0.0 
3 341 53.6191945182215 1558470.36254562 0.024 25.5 0.0 
3 310 53.5394092452709 1558470.36254562 0.024 25.5 0.0 
3 279 53.4596239723202 1558470.36254446 0.024 25.5 0.0 
3 248 53.3798386993696 1558470.36254563 0.024 25.5 0.0 
3 217 53.3000534264189 1558470.36254562 0.024 25.5 0.0 
3 186 53.2202681534683 1558470.36254446 0.024 25.5 0.0 
3 155 53.1404828805177 1558470.36254562 0.024 25.5 0.0 
3 124 53.060697607567 1558470.36254562 0.024 25.5 0.0 
3 93 52.9809123346163 1558470.36254563 0.024 25.5 0.0 
3 62 52.9011270616657 1558470.36254446 0.024 25.5 0.0 
3 31 52.8328146100952 1110266.04025697 0.024 25.5 0.0 
3 942 54.1100169924428 840069.361765821 0.024 25.5 0.0 
3 943 54.0519172981656 1546373.04399086 0.024 25.5 0.0 
3 944 53.9766221216488 1546373.04399086 0.024 25.5 0.0 
3 945 53.901326945132 1546373.04399086 0.024 25.5 0.0 
3 946 53.8260317686152 1546373.0439897 0.024 25.5 0.0 
3 947 53.7507365920984 1546373.04399086 0.024 25.5 0.0 
3 948 53.6754414155816 1546373.04399086 0.024 25.5 0.0 
3 949 53.6001462390648 1546373.04399086 0.024 25.5 0.0 
3 950 53.524851062548 1546373.04399086 0.024 25.5 0.0 
3 951 53.4495558860313 1546373.0439897 0.024 25.5 0.0 
3 952 53.3742607095145 1546373.04399086 0.024 25.5 0.0 
3 953 53.2989655329977 1546373.04399086 0.024 25.5 0.0 
3 954 53.2236703564809 1546373.04399086 0.024 25.5 0.0 
3 955 53.1483751799641 1546373.0439897 0.024 25.5 0.0 
3 956 53.0730800034473 1546373.04399086 0.024 25.5 0.0 
3 957 53.0183716037483 700772.085034537 0.024 25.5 0.0 
4 1 51.6448558757399 838072.934824464 0.0277 27 0.0 
4 32 51.6918320010699 1558462.26128169 0.0277 27 0.0 
4 63 51.7529289702504 1558462.26128285 0.0277 27 0.0 
4 94 51.8140259394308 1558462.26128285 0.0277 27 0.0 
4 125 51.8751229086113 1558462.26128285 0.0 0.0 0.0 
1 1 0.0 1.0 0.0277 27 0.0 
4 156 51.9362198777918 1558462.26128169 0.0 0.0 0.0 
1 1 0.0 1.0 0.0277 27 0.0 
4 187 51.9973168469722 1558462.26128285 0.0 0.0 0.0 
1 1 0.0 1.0 0.0277 27 0.0 
4 218 52.0584138161527 1558462.26128285 0.0 0.0 0.0 
1 1 0.0 1.0 0.0277 27 0.0 
4 249 52.1195107853331 1558462.26128169 0.0 0.0 0.0 
1 1 0.0 1.0 0.0277 27 0.0 
4 280 52.1806077545136 1558462.26128285 0.0 0.0 0.0 
1 1 0.0 1.0 0.0277 27 0.0 
4 311 52.241704723694 1558462.26128285 0.0 0.0 0.0 
1 1 0.0 1.0 0.0277 27 0.0 
4 342 52.3028016928745 1558462.26128169 0.0 0.0 0.0 
1 1 0.0 1.0 0.0277 27 0.0 
4 373 52.3638986620549 1558462.26128285 0.0 0.0 0.0 
1 1 0.0 1.0 0.0277 27 0.0 
4 404 52.4249956312354 1558462.26128285 0.0 0.0 0.0 
1 1 0.0 1.0 0.0277 27 0.0 
4 435 52.4723970050282 859767.421137307 0.0 0.0 0.0 
1 1 0.0 1.0 0.0277 27 0.0 
4 31 51.7180146351184 900786.691800257 0.0 0.0 0.0 
1 1 0.0 1.0 0.0277 27 0.0 
4 30 51.7640550905367 1546397.73033443 0.0 0.0 0.0 
1 1 0.0 1.0 0.0277 27 0.0 
4 29 51.8222418419056 1546397.73033327 0.0 0.0 0.0 
1 1 0.0 1.0 0.0277 27 0.0 
4 28 51.8804285932745 1546397.73033443 0.0 0.0 0.0 
1 1 0.0 1.0 0.0277 27 0.0 
4 27 51.9386153446435 1546397.73033444 0.0 0.0 0.0 
1 1 0.0 1.0 0.0277 27 0.0 
4 26 51.9968020960124 1546397.73033443 0.0 0.0 0.0 
1 1 0.0 1.0 0.0277 27 0.0 
4 25 52.0549888473814 1546397.73033327 0.0 0.0 0.0 
1 1 0.0 1.0 0.0277 27 0.0 
4 24 52.1131755987503 1546397.73033444 0.0 0.0 0.0 
1 1 0.0 1.0 0.0277 27 0.0 
4 23 52.1713623501192 1546397.73033443 0.0 0.0 0.0 
1 1 0.0 1.0 0.0277 27 0.0 
4 22 52.2295491014882 1546397.73033444 0.0 0.0 0.0 
1 1 0.0 1.0 0.0277 27 0.0 
4 21 52.2877358528571 1546397.73033443 0.0 0.0 0.0 
1 1 0.0 1.0 0.0277 27 0.0 
4 20 52.3459226042261 1546397.73033327 0.0 0.0 0.0 
1 1 0.0 1.0 0.0277 27 0.0 
4 19 52.404109355595 1546397.73033444 0.0 0.0 0.0 
1 1 0.0 1.0 0.0277 27 0.0 
4 18 52.462296106964 1546397.73033443 0.0 0.0 0.0 
1 1 0.0 1.0 0.0277 27 0.0 
4 17 52.5204828583329 1546397.73033443 0.0 0.0 0.0 
1 1 0.0 1.0 0.0277 27 0.0 
4 16 52.5653676937395 839362.119326778 0.0 0.0 0.0 
1 1 0.0 1.0 0.0277 27 0.0 
4 957 51.812023760738 793002.980710612 0.0 0.0 0.0 
1 1 0.0 1.0 0.0277 27 0.0 
4 926 51.8487074235092 1558470.36254446 0.0 0.0 0.0 
1 1 0.0 1.0 0.0277 27 0.0 
4 895 51.8973325983447 1558470.36254562 0.0 0.0 0.0 
1 1 0.0 1.0 0.0277 27 0.0 
4 864 51.9459577731802 1558470.36254562 0.0 0.0 0.0 
1 1 0.0 1.0 0.0277 27 0.0 
4 833 51.9945829480158 1558470.36254446 0.0 0.0 0.0 
1 1 0.0 1.0 0.0277 27 0.0 
4 802 52.0432081228513 1558470.36254562 0.0 0.0 0.0 
1 1 0.0 1.0 0.0277 27 0.0 
4 771 52.0918332976868 1558470.36254562 0.0 0.0 0.0 
1 1 0.0 1.0 0.0277 27 0.0 
4 740 52.1404584725224 1558470.36254562 0.0 0.0 0.0 
1 1 0.0 1.0 0.0277 27 0.0 
4 709 52.1890836473579 1558470.36254446 0.0 0.0 0.0 
1 1 0.0 1.0 0.0277 27 0.0 
4 678 52.2377088221934 1558470.36254563 0.0 0.0 0.0 
1 1 0.0 1.0 0.0277 27 0.0 
4 647 52.286333997029 1558470.36254562 0.0 0.0 0.0 
1 1 0.0 1.0 0.0277 27 0.0 
4 616 52.3349591718645 1558470.36254446 0.0 0.0 0.0 
1 1 0.0 1.0 0.0277 27 0.0 
4 585 52.3835843467 1558470.36254562 0.0 0.0 0.0 
1 1 0.0 1.0 0.0277 27 0.0 
4 554 52.4322095215355 1558470.36254562 0.0 0.0 0.0 
1 1 0.0 1.0 0.0277 27 0.0 
4 523 52.4808346963711 1558470.36254446 0.0 0.0 0.0 
1 1 0.0 1.0 0.0277 27 0.0 
4 483 52.5160398899713 698231.06914262 0.0 0.0 0.0 
1 1 0.0 1.0 0.0277 27 0.0 
4 927 51.7516644665265 934462.350052176 0.0 0.0 0.0 
1 1 0.0 1.0 0.0277 27 0.0 
4 928 51.8001381263736 1546373.04399086 0.0 0.0 0.0 
1 1 0.0 1.0 0.0277 27 0.0 
4 929 51.860568061476 1546373.04398969 0.0 0.0 0.0 
1 1 0.0 1.0 0.0277 27 0.0 
4 930 51.9209979965785 1546373.04399086 0.0 0.0 0.0 
1 1 0.0 1.0 0.0277 27 0.0 
4 931 51.981427931681 1546373.04399086 0.0 0.0 0.0 
1 1 0.0 1.0 0.0277 27 0.0 
4 932 52.0418578667835 1546373.04399086 0.0 0.0 0.0 
1 1 0.0 1.0 0.0277 27 0.0 
4 933 52.102287801886 1546373.0439897 0.0 0.0 0.0 
1 1 0.0 1.0 0.0277 27 0.0 
4 934 52.1627177369885 1546373.04399086 0.0 0.0 0.0 
1 1 0.0 1.0 0.0277 27 0.0 
4 935 52.223147672091 1546373.04399086 0.0 0.0 0.0 
1 1 0.0 1.0 0.0277 27 0.0 
4 936 52.2835776071935 1546373.04399086 0.0 0.0 0.0 
1 1 0.0 1.0 0.0277 27 0.0 
4 937 52.344007542296 1546373.04399086 0.0 0.0 0.0 
1 1 0.0 1.0 0.0277 27 0.0 
4 938 52.4044374773985 1546373.0439897 0.0 0.0 0.0 
1 1 0.0 1.0 0.0277 27 0.0 
4 939 52.464867412501 1546373.04399086 0.0 0.0 0.0 
1 1 0.0 1.0 0.0277 27 0.0 
4 940 52.5252973476035 1546373.04399086 0.0 0.0 0.0 
1 1 0.0 1.0 0.0277 27 0.0 
4 941 52.585727282706 1546373.04399086 0.0 0.0 0.0 
1 1 0.0 1.0 0.0277 27 0.0 
4 942 52.6297428935902 706303.682223875 0.0 0.0 0.0 
1 1 0.0 1.0 0.0277 27 0.0 
4 435 52.4778880044687 698694.840145542 0.0 0.0 0.0 
1 1 0.0 1.0 0.0277 27 0.0 
4 484 52.4411830387403 1558462.26128169 0.0 0.0 0.0 
1 1 0.0 1.0 0.0277 27 0.0 
4 524 52.3904968868076 1558462.26128285 0.0 0.0 0.0 
1 1 0.0 1.0 0.0277 27 0.0 
4 555 52.339810734875 1558462.26128285 0.0 0.0 0.0 
1 1 0.0 1.0 0.0277 27 0.0 
4 586 52.2891245829424 1558462.26128169 0.0 0.0 0.0 
1 1 0.0 1.0 0.0277 27 0.0 
4 617 52.2384384310097 1558462.26128285 0.0 0.0 0.0 
1 1 0.0 1.0 0.0277 27 0.0 
4 648 52.1877522790771 1558462.26128285 0.0 0.0 0.0 
1 1 0.0 1.0 0.0277 27 0.0 
4 679 52.1370661271445 1558462.26128169 0.0 0.0 0.0 
1 1 0.0 1.0 0.0277 27 0.0 
4 710 52.0863799752119 1558462.26128285 0.0 0.0 0.0 
1 1 0.0 1.0 0.0277 27 0.0 
4 741 52.0356938232792 1558462.26128285 0.0 0.0 0.0 
1 1 0.0 1.0 0.0277 27 0.0 
4 772 51.9850076713466 1558462.26128285 0.0 0.0 0.0 
1 1 0.0 1.0 0.0277 27 0.0 
4 803 51.9343215194139 1558462.26128169 0.0 0.0 0.0 
1 1 0.0 1.0 0.0277 27 0.0 
4 834 51.8836353674813 1558462.26128285 0.0 0.0 0.0 
1 1 0.0 1.0 0.0277 27 0.0 
4 865 51.8329492155487 1558462.26128285 0.0 0.0 0.0 
1 1 0.0 1.0 0.0277 27 0.0 
4 896 51.7822630636161 1558462.26128169 0.0 0.0 0.0 
1 1 0.0 1.0 0.0277 27 0.0 
4 927 51.7451628809403 722998.547333626 0.0 0.0 0.0 
1 1 0.0 1.0 0.0277 27 0.0 
4 16 52.5666142049037 707035.611006496 0.0 0.0 0.0 
1 1 0.0 1.0 0.0277 27 0.0 
4 15 52.5202571734924 1546397.73033443 0.0 0.0 0.0 
1 1 0.0 1.0 0.0277 27 0.0 
4 14 52.4566330077856 1546397.73033444 0.0 0.0 0.0 
1 1 0.0 1.0 0.0277 27 0.0 
4 13 52.3930088420787 1546397.73033443 0.0 0.0 0.0 
1 1 0.0 1.0 0.0277 27 0.0 
4 12 52.3293846763719 1546397.73033327 0.0 0.0 0.0 
1 1 0.0 1.0 0.0277 27 0.0 
4 11 52.265760510665 1546397.73033444 0.0 0.0 0.0 
1 1 0.0 1.0 0.0277 27 0.0 
4 10 52.2021363449582 1546397.73033443 0.0 0.0 0.0 
1 1 0.0 1.0 0.0277 27 0.0 
4 9 52.1385121792513 1546397.73033444 0.0 0.0 0.0 
1 1 0.0 1.0 0.0277 27 0.0 
4 8 52.0748880135444 1546397.73033443 0.0 0.0 0.0 
1 1 0.0 1.0 0.0277 27 0.0 
4 7 52.0112638478376 1546397.73033327 0.0 0.0 0.0 
1 1 0.0 1.0 0.0277 27 0.0 
4 6 51.9476396821307 1546397.73033444 0.0 0.0 0.0 
1 1 0.0 1.0 0.0277 27 0.0 
4 5 51.8840155164239 1546397.73033443 0.0 0.0 0.0 
1 1 0.0 1.0 0.0277 27 0.0 
4 4 51.820391350717 1546397.73033443 0.0 0.0 0.0 
1 1 0.0 1.0 0.0277 27 0.0 
4 3 51.7567671850101 1546397.73033327 0.0 0.0 0.0 
1 1 0.0 1.0 0.0277 27 0.0 
4 2 51.6931430193033 1546397.73033443 0.0 0.0 0.0 
1 1 0.0 1.0 0.0277 27 0.0 
4 1 51.6448795857249 799706.562414698 0.0 0.0 0.0 
1 1 0.0 1.0 0.0277 27 0.0 
4 483 52.5109536014672 860239.293403004 0.0 0.0 0.0 
1 1 0.0 1.0 0.0277 27 0.0 
4 434 52.4660262107208 1558470.36254563 0.0 0.0 0.0 
1 1 0.0 1.0 0.0277 27 0.0 
4 403 52.4081292186015 1558470.36254562 0.0 0.0 0.0 
1 1 0.0 1.0 0.0277 27 0.0 
4 372 52.3502322264822 1558470.36254446 0.0 0.0 0.0 
1 1 0.0 1.0 0.0277 27 0.0 
4 341 52.2923352343629 1558470.36254562 0.0 0.0 0.0 
1 1 0.0 1.0 0.0277 27 0.0 
4 310 52.2344382422435 1558470.36254562 0.0 0.0 0.0 
1 1 0.0 1.0 0.0277 27 0.0 
4 279 52.1765412501242 1558470.36254446 0.0 0.0 0.0 
1 1 0.0 1.0 0.0277 27 0.0 
4 248 52.1186442580049 1558470.36254563 0.0 0.0 0.0 
1 1 0.0 1.0 0.0277 27 0.0 
4 217 52.0607472658856 1558470.36254562 0.0 0.0 0.0 
1 1 0.0 1.0 0.0277 27 0.0 
4 186 52.0028502737663 1558470.36254446 0.0 0.0 0.0 
1 1 0.0 1.0 0.0277 27 0.0 
4 155 51.944953281647 1558470.36254562 0.0 0.0 0.0 
1 1 0.0 1.0 0.0277 27 0.0 
4 124 51.8870562895277 1558470.36254562 0.0 0.0 0.0 
1 1 0.0 1.0 0.0277 27 0.0 
4 93 51.8291592974083 1558470.36254563 0.0 0.0 0.0 
1 1 0.0 1.0 0.0277 27 0.0 
4 62 51.771262305289 1558470.36254446 0.0 0.0 0.0 
1 1 0.0 1.0 0.0277 27 0.0 
4 31 51.721690682307 1110266.04025697 0.0 0.0 0.0 
1 1 0.0 1.0 0.0277 27 0.0 
4 942 52.6282583948222 840069.361765821 0.0 0.0 0.0 
1 1 0.0 1.0 0.0277 27 0.0 
4 943 52.5848368478075 1546373.04399086 0.0 0.0 0.0 
1 1 0.0 1.0 0.0277 27 0.0 
4 944 52.5285640379799 1546373.04399086 0.0 0.0 0.0 
1 1 0.0 1.0 0.0277 27 0.0 
4 945 52.4722912281522 1546373.04399086 0.0 0.0 0.0 
1 1 0.0 1.0 0.0277 27 0.0 
4 946 52.4160184183246 1546373.0439897 0.0 0.0 0.0 
1 1 0.0 1.0 0.0277 27 0.0 
4 947 52.359745608497 1546373.04399086 0.0 0.0 0.0 
1 1 0.0 1.0 0.0277 27 0.0 
4 948 52.3034727986693 1546373.04399086 0.0 0.0 0.0 
1 1 0.0 1.0 0.0277 27 0.0 
4 949 52.2471999888417 1546373.04399086 0.0 0.0 0.0 
1 1 0.0 1.0 0.0277 27 0.0 
4 950 52.190927179014 1546373.04399086 0.0 0.0 0.0 
1 1 0.0 1.0 0.0277 27 0.0 
4 951 52.1346543691864 1546373.0439897 0.0 0.0 0.0 
1 1 0.0 1.0 0.0277 27 0.0 
4 952 52.0783815593588 1546373.04399086 0.0 0.0 0.0 
1 1 0.0 1.0 0.0277 27 0.0 
4 953 52.0221087495311 1546373.04399086 0.0 0.0 0.0 
1 1 0.0 1.0 0.0277 27 0.0 
4 954 51.9658359397035 1546373.04399086 0.0 0.0 0.0 
1 1 0.0 1.0 0.0277 27 0.0 
4 955 51.9095631298759 1546373.0439897 0.0 0.0 0.0 
1 1 0.0 1.0 0.0277 27 0.0 
4 956 51.8532903200482 1546373.04399086 0.0 0.0 0.0 
1 1 0.0 1.0 0.0277 27 0.0 
4 957 51.8124033002595 700772.085034537 0.0 0.0 0.0 
1 1 0.0 1.0 0.0277 27 0.0 
