1 1 13.81579971 0.0 0.0 0.0 
1 2 13.81579971 0.0 0.0 0.0 
1 3 13.81579971 0.0 0.0 0.0 
1 4 13.81579971 0.0 0.0 0.0 
1 5 13.81579971 0.0 0.0 0.0 
1 6 13.81579971 0.0 0.0 0.0 
1 7 13.81579971 0.0 0.0 0.0 
1 8 13.81579971 0.0 0.0 0.0 
1 9 13.81579971 0.0 0.0 0.0 
1 10 13.81579971 0.0 0.0 0.0 
1 11 13.81579971 0.0 0.0 0.0 
1 12 13.81579971 0.0 0.0 0.0 
1 13 13.81579971 0.0 0.0 0.0 
1 14 13.81579971 0.0 0.0 0.0 
1 15 13.81579971 0.0 0.0 0.0 
1 16 13.81579971 0.0 0.0 0.0 
1 17 13.81579971 0.0 0.0 0.0 
1 18 13.81579971 0.0 0.0 0.0 
1 19 13.81579971 0.0 0.0 0.0 
1 20 13.81579971 0.0 0.0 0.0 
1 21 13.81579971 0.0 0.0 0.0 
1 22 13.81579971 0.0 0.0 0.0 
1 23 13.81579971 0.0 0.0 0.0 
1 24 13.81579971 0.0 0.0 0.0 
1 25 13.81579971 0.0 0.0 0.0 
1 26 13.81579971 0.0 0.0 0.0 
1 27 13.81579971 0.0 0.0 0.0 
1 28 13.81579971 0.0 0.0 0.0 
1 29 13.81579971 0.0 0.0 0.0 
1 30 13.81579971 0.0 0.0 0.0 
1 31 13.81579971 0.0 0.0 0.0 
1 32 13.81579971 0.0 0.0 0.0 
1 33 13.81579971 0.0 0.0 0.0 
1 34 13.81579971 0.0 0.0 0.0 
1 35 13.81579971 0.0 0.0 0.0 
1 36 13.81579971 0.0 0.0 0.0 
1 37 13.81579971 0.0 0.0 0.0 
1 38 13.81579971 0.0 0.0 0.0 
1 39 13.81579971 0.0 0.0 0.0 
1 40 13.81579971 0.0 0.0 0.0 
1 41 13.81579971 0.0 0.0 0.0 
1 42 13.81579971 0.0 0.0 0.0 
1 43 13.81579971 0.0 0.0 0.0 
1 44 13.81579971 0.0 0.0 0.0 
1 45 13.81579971 0.0 0.0 0.0 
1 46 13.81579971 0.0 0.0 0.0 
1 47 13.81579971 0.0 0.0 0.0 
1 48 13.81579971 0.0 0.0 0.0 
1 49 13.81579971 0.0 0.0 0.0 
1 50 13.81579971 0.0 0.0 0.0 
1 51 13.81579971 0.0 0.0 0.0 
1 52 13.81579971 0.0 0.0 0.0 
1 53 13.81579971 0.0 0.0 0.0 
1 54 13.81579971 0.0 0.0 0.0 
1 55 13.81579971 0.0 0.0 0.0 
1 56 13.81579971 0.0 0.0 0.0 
1 57 13.81579971 0.0 0.0 0.0 
1 58 13.81579971 0.0 0.0 0.0 
1 59 13.81579971 0.0 0.0 0.0 
1 60 13.81579971 0.0 0.0 0.0 
1 61 13.81579971 0.0 0.0 0.0 
1 62 13.81579971 0.0 0.0 0.0 
1 63 13.81579971 0.0 0.0 0.0 
1 64 13.81579971 0.0 0.0 0.0 
1 65 13.81579971 0.0 0.0 0.0 
1 66 13.81579971 0.0 0.0 0.0 
1 67 13.81579971 0.0 0.0 0.0 
1 68 13.81579971 0.0 0.0 0.0 
1 69 13.81579971 0.0 0.0 0.0 
1 70 13.81579971 0.0 0.0 0.0 
1 71 13.81579971 0.0 0.0 0.0 
1 72 13.81579971 0.0 0.0 0.0 
1 73 13.81579971 0.0 0.0 0.0 
1 74 13.81579971 0.0 0.0 0.0 
1 75 13.81579971 0.0 0.0 0.0 
1 76 13.81579971 0.0 0.0 0.0 
1 77 13.81579971 0.0 0.0 0.0 
1 78 13.81579971 0.0 0.0 0.0 
1 79 13.81579971 0.0 0.0 0.0 
1 80 13.81579971 0.0 0.0 0.0 
1 81 13.81579971 0.0 0.0 0.0 
1 82 13.81579971 0.0 0.0 0.0 
1 83 13.81579971 0.0 0.0 0.0 
1 84 13.81579971 0.0 0.0 0.0 
1 85 13.81579971 0.0 0.0 0.0 
1 86 13.81579971 0.0 0.0 0.0 
1 87 13.81579971 0.0 0.0 0.0 
1 88 13.81579971 0.0 0.0 0.0 
1 89 13.81579971 0.0 0.0 0.0 
1 90 13.81579971 0.0 0.0 0.0 
1 91 13.81579971 0.0 0.0 0.0 
1 92 13.81579971 0.0 0.0 0.0 
1 93 13.81579971 0.0 0.0 0.0 
1 94 13.81579971 0.0 0.0 0.0 
1 95 13.81579971 0.0 0.0 0.0 
1 96 13.81579971 0.0 0.0 0.0 
1 97 13.81579971 0.0 0.0 0.0 
1 98 13.81579971 0.0 0.0 0.0 
1 99 13.81579971 0.0 0.0 0.0 
1 100 13.81579971 0.0 0.0 0.0 
1 101 13.81579971 0.0 0.0 0.0 
1 102 13.81579971 0.0 0.0 0.0 
1 103 13.81579971 0.0 0.0 0.0 
1 104 13.81579971 0.0 0.0 0.0 
1 105 13.81579971 0.0 0.0 0.0 
1 106 13.81579971 0.0 0.0 0.0 
1 107 13.81579971 0.0 0.0 0.0 
1 108 13.81579971 0.0 0.0 0.0 
1 109 13.81579971 0.0 0.0 0.0 
1 110 13.81579971 0.0 0.0 0.0 
1 111 13.81579971 0.0 0.0 0.0 
1 112 13.81579971 0.0 0.0 0.0 
1 113 13.81579971 0.0 0.0 0.0 
1 114 13.81579971 0.0 0.0 0.0 
1 115 13.81579971 0.0 0.0 0.0 
1 116 13.81579971 0.0 0.0 0.0 
1 117 13.81579971 0.0 0.0 0.0 
1 118 13.81579971 0.0 0.0 0.0 
1 119 13.81579971 0.0 0.0 0.0 
1 120 13.81579971 0.0 0.0 0.0 
1 121 13.81579971 0.0 0.0 0.0 
1 122 13.81579971 0.0 0.0 0.0 
1 123 13.81579971 0.0 0.0 0.0 
1 124 13.81579971 0.0 0.0 0.0 
1 125 13.81579971 0.0 0.0 0.0 
1 126 13.81579971 0.0 0.0 0.0 
1 127 13.81579971 0.0 0.0 0.0 
1 128 13.81579971 0.0 0.0 0.0 
1 129 13.81579971 0.0 0.0 0.0 
1 130 13.81579971 0.0 0.0 0.0 
1 131 13.81579971 0.0 0.0 0.0 
1 132 13.81579971 0.0 0.0 0.0 
1 133 13.81579971 0.0 0.0 0.0 
1 134 13.81579971 0.0 0.0 0.0 
1 135 13.81579971 0.0 0.0 0.0 
1 136 13.81579971 0.0 0.0 0.0 
1 137 13.81579971 0.0 0.0 0.0 
1 138 13.81579971 0.0 0.0 0.0 
1 139 13.81579971 0.0 0.0 0.0 
1 140 13.81579971 0.0 0.0 0.0 
1 141 13.81579971 0.0 0.0 0.0 
1 142 13.81579971 0.0 0.0 0.0 
1 143 13.81579971 0.0 0.0 0.0 
1 144 13.81579971 0.0 0.0 0.0 
1 145 13.81579971 0.0 0.0 0.0 
1 146 13.81579971 0.0 0.0 0.0 
1 147 13.81579971 0.0 0.0 0.0 
1 148 13.81579971 0.0 0.0 0.0 
1 149 13.81579971 0.0 0.0 0.0 
1 150 13.81579971 0.0 0.0 0.0 
1 151 13.81579971 0.0 0.0 0.0 
1 152 13.81579971 0.0 0.0 0.0 
1 153 13.81579971 0.0 0.0 0.0 
1 154 13.81579971 0.0 0.0 0.0 
1 155 13.81579971 0.0 0.0 0.0 
1 156 13.81579971 0.0 0.0 0.0 
1 157 13.81579971 0.0 0.0 0.0 
1 158 13.81579971 0.0 0.0 0.0 
1 159 13.81579971 0.0 0.0 0.0 
1 160 13.81579971 0.0 0.0 0.0 
1 161 13.81579971 0.0 0.0 0.0 
1 162 13.81579971 0.0 0.0 0.0 
1 163 13.81579971 0.0 0.0 0.0 
1 164 13.81579971 0.0 0.0 0.0 
1 165 13.81579971 0.0 0.0 0.0 
1 166 13.81579971 0.0 0.0 0.0 
1 167 13.81579971 0.0 0.0 0.0 
1 168 13.81579971 0.0 0.0 0.0 
1 169 13.81579971 0.0 0.0 0.0 
1 170 13.81579971 0.0 0.0 0.0 
1 171 13.81579971 0.0 0.0 0.0 
1 172 13.81579971 0.0 0.0 0.0 
1 173 13.81579971 0.0 0.0 0.0 
1 174 13.81579971 0.0 0.0 0.0 
1 175 13.81579971 0.0 0.0 0.0 
1 176 13.81579971 0.0 0.0 0.0 
1 177 13.81579971 0.0 0.0 0.0 
1 178 13.81579971 0.0 0.0 0.0 
1 179 13.81579971 0.0 0.0 0.0 
1 180 13.81579971 0.0 0.0 0.0 
1 181 13.81579971 0.0 0.0 0.0 
1 182 13.81579971 0.0 0.0 0.0 
1 183 13.81579971 0.0 0.0 0.0 
1 184 13.81579971 0.0 0.0 0.0 
1 185 13.81579971 0.0 0.0 0.0 
1 186 13.81579971 0.0 0.0 0.0 
1 187 13.81579971 0.0 0.0 0.0 
1 188 13.81579971 0.0 0.0 0.0 
1 189 13.81579971 0.0 0.0 0.0 
1 190 13.81579971 0.0 0.0 0.0 
1 191 13.81579971 0.0 0.0 0.0 
1 192 13.81579971 0.0 0.0 0.0 
1 193 13.81579971 0.0 0.0 0.0 
1 194 13.81579971 0.0 0.0 0.0 
1 195 13.81579971 0.0 0.0 0.0 
1 196 13.81579971 0.0 0.0 0.0 
1 197 13.81579971 0.0 0.0 0.0 
1 198 13.81579971 0.0 0.0 0.0 
1 199 13.81579971 0.0 0.0 0.0 
1 200 13.81579971 0.0 0.0 0.0 
1 201 13.81579971 0.0 0.0 0.0 
1 202 13.81579971 0.0 0.0 0.0 
1 203 13.81579971 0.0 0.0 0.0 
1 204 13.81579971 0.0 0.0 0.0 
1 205 13.81579971 0.0 0.0 0.0 
1 206 13.81579971 0.0 0.0 0.0 
1 207 13.81579971 0.0 0.0 0.0 
1 208 13.81579971 0.0 0.0 0.0 
1 209 13.81579971 0.0 0.0 0.0 
1 210 13.81579971 0.0 0.0 0.0 
1 211 13.81579971 0.0 0.0 0.0 
1 212 13.81579971 0.0 0.0 0.0 
1 213 13.81579971 0.0 0.0 0.0 
1 214 13.81579971 0.0 0.0 0.0 
1 215 13.81579971 0.0 0.0 0.0 
1 216 13.81579971 0.0 0.0 0.0 
1 217 13.81579971 0.0 0.0 0.0 
1 218 13.81579971 0.0 0.0 0.0 
1 219 13.81579971 0.0 0.0 0.0 
1 220 13.81579971 0.0 0.0 0.0 
1 221 13.81579971 0.0 0.0 0.0 
1 222 13.81579971 0.0 0.0 0.0 
1 223 13.81579971 0.0 0.0 0.0 
1 224 13.81579971 0.0 0.0 0.0 
1 225 13.81579971 0.0 0.0 0.0 
1 226 13.81579971 0.0 0.0 0.0 
1 227 13.81579971 0.0 0.0 0.0 
1 228 13.81579971 0.0 0.0 0.0 
1 229 13.81579971 0.0 0.0 0.0 
1 230 13.81579971 0.0 0.0 0.0 
1 231 13.81579971 0.0 0.0 0.0 
1 232 13.81579971 0.0 0.0 0.0 
1 233 13.81579971 0.0 0.0 0.0 
1 234 13.81579971 0.0 0.0 0.0 
1 235 13.81579971 0.0 0.0 0.0 
1 236 13.81579971 0.0 0.0 0.0 
1 237 13.81579971 0.0 0.0 0.0 
1 238 13.81579971 0.0 0.0 0.0 
1 239 13.81579971 0.0 0.0 0.0 
1 240 13.81579971 0.0 0.0 0.0 
1 241 13.81579971 0.0 0.0 0.0 
1 242 13.81579971 0.0 0.0 0.0 
1 243 13.81579971 0.0 0.0 0.0 
1 244 13.81579971 0.0 0.0 0.0 
1 245 13.81579971 0.0 0.0 0.0 
1 246 13.81579971 0.0 0.0 0.0 
1 247 13.81579971 0.0 0.0 0.0 
1 248 13.81579971 0.0 0.0 0.0 
1 249 13.81579971 0.0 0.0 0.0 
1 250 13.81579971 0.0 0.0 0.0 
1 251 13.81579971 0.0 0.0 0.0 
1 252 13.81579971 0.0 0.0 0.0 
1 253 13.81579971 0.0 0.0 0.0 
1 254 13.81579971 0.0 0.0 0.0 
1 255 13.81579971 0.0 0.0 0.0 
1 256 13.81579971 0.0 0.0 0.0 
1 257 13.81579971 0.0 0.0 0.0 
1 258 13.81579971 0.0 0.0 0.0 
1 259 13.81579971 0.0 0.0 0.0 
1 260 13.81579971 0.0 0.0 0.0 
1 261 13.81579971 0.0 0.0 0.0 
1 262 13.81579971 0.0 0.0 0.0 
1 263 13.81579971 0.0 0.0 0.0 
1 264 13.81579971 0.0 0.0 0.0 
1 265 13.81579971 0.0 0.0 0.0 
1 266 13.81579971 0.0 0.0 0.0 
1 267 13.81579971 0.0 0.0 0.0 
1 268 13.81579971 0.0 0.0 0.0 
1 269 13.81579971 0.0 0.0 0.0 
1 270 13.81579971 0.0 0.0 0.0 
1 271 13.81579971 0.0 0.0 0.0 
1 272 13.81579971 0.0 0.0 0.0 
1 273 13.81579971 0.0 0.0 0.0 
1 274 13.81579971 0.0 0.0 0.0 
1 275 13.81579971 0.0 0.0 0.0 
1 276 13.81579971 0.0 0.0 0.0 
1 277 13.81579971 0.0 0.0 0.0 
1 278 13.81579971 0.0 0.0 0.0 
1 279 13.81579971 0.0 0.0 0.0 
1 280 13.81579971 0.0 0.0 0.0 
1 281 13.81579971 0.0 0.0 0.0 
1 282 13.81579971 0.0 0.0 0.0 
1 283 13.81579971 0.0 0.0 0.0 
1 284 13.81579971 0.0 0.0 0.0 
1 285 13.81579971 0.0 0.0 0.0 
1 286 13.81579971 0.0 0.0 0.0 
1 287 13.81579971 0.0 0.0 0.0 
1 288 13.81579971 0.0 0.0 0.0 
1 289 13.81579971 0.0 0.0 0.0 
1 290 13.81579971 0.0 0.0 0.0 
1 291 13.81579971 0.0 0.0 0.0 
1 292 13.81579971 0.0 0.0 0.0 
1 293 13.81579971 0.0 0.0 0.0 
1 294 13.81579971 0.0 0.0 0.0 
1 295 13.81579971 0.0 0.0 0.0 
1 296 13.81579971 0.0 0.0 0.0 
1 297 13.81579971 0.0 0.0 0.0 
1 298 13.81579971 0.0 0.0 0.0 
1 299 13.81579971 0.0 0.0 0.0 
1 300 13.81579971 0.0 0.0 0.0 
1 301 13.81579971 0.0 0.0 0.0 
1 302 13.81579971 0.0 0.0 0.0 
1 303 13.81579971 0.0 0.0 0.0 
1 304 13.81579971 0.0 0.0 0.0 
1 305 13.81579971 0.0 0.0 0.0 
1 306 13.81579971 0.0 0.0 0.0 
1 307 13.81579971 0.0 0.0 0.0 
1 308 13.81579971 0.0 0.0 0.0 
1 309 13.81579971 0.0 0.0 0.0 
1 310 13.81579971 0.0 0.0 0.0 
1 311 13.81579971 0.0 0.0 0.0 
1 312 13.81579971 0.0 0.0 0.0 
1 313 13.81579971 0.0 0.0 0.0 
1 314 13.81579971 0.0 0.0 0.0 
1 315 13.81579971 0.0 0.0 0.0 
1 316 13.81579971 0.0 0.0 0.0 
1 317 13.81579971 0.0 0.0 0.0 
1 318 13.81579971 0.0 0.0 0.0 
1 319 13.81579971 0.0 0.0 0.0 
1 320 13.81579971 0.0 0.0 0.0 
1 321 13.81579971 0.0 0.0 0.0 
1 322 13.81579971 0.0 0.0 0.0 
1 323 13.81579971 0.0 0.0 0.0 
1 324 13.81579971 0.0 0.0 0.0 
1 325 13.81579971 0.0 0.0 0.0 
1 326 13.81579971 0.0 0.0 0.0 
1 327 13.81579971 0.0 0.0 0.0 
1 328 13.81579971 0.0 0.0 0.0 
1 329 13.81579971 0.0 0.0 0.0 
1 330 13.81579971 0.0 0.0 0.0 
1 331 13.81579971 0.0 0.0 0.0 
1 332 13.81579971 0.0 0.0 0.0 
1 333 13.81579971 0.0 0.0 0.0 
1 334 13.81579971 0.0 0.0 0.0 
1 335 13.81579971 0.0 0.0 0.0 
1 336 13.81579971 0.0 0.0 0.0 
1 337 13.81579971 0.0 0.0 0.0 
1 338 13.81579971 0.0 0.0 0.0 
1 339 13.81579971 0.0 0.0 0.0 
1 340 13.81579971 0.0 0.0 0.0 
1 341 13.81579971 0.0 0.0 0.0 
1 342 13.81579971 0.0 0.0 0.0 
1 343 13.81579971 0.0 0.0 0.0 
1 344 13.81579971 0.0 0.0 0.0 
1 345 13.81579971 0.0 0.0 0.0 
1 346 13.81579971 0.0 0.0 0.0 
1 347 13.81579971 0.0 0.0 0.0 
1 348 13.81579971 0.0 0.0 0.0 
1 349 13.81579971 0.0 0.0 0.0 
1 350 13.81579971 0.0 0.0 0.0 
1 351 13.81579971 0.0 0.0 0.0 
1 352 13.81579971 0.0 0.0 0.0 
1 353 13.81579971 0.0 0.0 0.0 
1 354 13.81579971 0.0 0.0 0.0 
1 355 13.81579971 0.0 0.0 0.0 
1 356 13.81579971 0.0 0.0 0.0 
1 357 13.81579971 0.0 0.0 0.0 
1 358 13.81579971 0.0 0.0 0.0 
1 359 13.81579971 0.0 0.0 0.0 
1 360 13.81579971 0.0 0.0 0.0 
1 361 13.81579971 0.0 0.0 0.0 
1 362 13.81579971 0.0 0.0 0.0 
1 363 13.81579971 0.0 0.0 0.0 
1 364 13.81579971 0.0 0.0 0.0 
1 365 13.81579971 0.0 0.0 0.0 
1 366 13.81579971 0.0 0.0 0.0 
1 367 13.81579971 0.0 0.0 0.0 
1 368 13.81579971 0.0 0.0 0.0 
1 369 13.81579971 0.0 0.0 0.0 
1 370 13.81579971 0.0 0.0 0.0 
1 371 13.81579971 0.0 0.0 0.0 
1 372 13.81579971 0.0 0.0 0.0 
1 373 13.81579971 0.0 0.0 0.0 
1 374 13.81579971 0.0 0.0 0.0 
1 375 13.81579971 0.0 0.0 0.0 
1 376 13.81579971 0.0 0.0 0.0 
1 377 13.81579971 0.0 0.0 0.0 
1 378 13.81579971 0.0 0.0 0.0 
1 379 13.81579971 0.0 0.0 0.0 
1 380 13.81579971 0.0 0.0 0.0 
1 381 13.81579971 0.0 0.0 0.0 
1 382 13.81579971 0.0 0.0 0.0 
1 383 13.81579971 0.0 0.0 0.0 
1 384 13.81579971 0.0 0.0 0.0 
1 385 13.81579971 0.0 0.0 0.0 
1 386 13.81579971 0.0 0.0 0.0 
1 387 13.81579971 0.0 0.0 0.0 
1 388 13.81579971 0.0 0.0 0.0 
1 389 13.81579971 0.0 0.0 0.0 
1 390 13.81579971 0.0 0.0 0.0 
1 391 13.81579971 0.0 0.0 0.0 
1 392 13.81579971 0.0 0.0 0.0 
1 393 13.81579971 0.0 0.0 0.0 
1 394 13.81579971 0.0 0.0 0.0 
1 395 13.81579971 0.0 0.0 0.0 
1 396 13.81579971 0.0 0.0 0.0 
1 397 13.81579971 0.0 0.0 0.0 
1 398 13.81579971 0.0 0.0 0.0 
1 399 13.81579971 0.0 0.0 0.0 
1 400 13.81579971 0.0 0.0 0.0 
1 401 13.81579971 0.0 0.0 0.0 
1 402 13.81579971 0.0 0.0 0.0 
1 403 13.81579971 0.0 0.0 0.0 
1 404 13.81579971 0.0 0.0 0.0 
1 405 13.81579971 0.0 0.0 0.0 
1 406 13.81579971 0.0 0.0 0.0 
1 407 13.81579971 0.0 0.0 0.0 
1 408 13.81579971 0.0 0.0 0.0 
1 409 13.81579971 0.0 0.0 0.0 
1 410 13.81579971 0.0 0.0 0.0 
1 411 13.81579971 0.0 0.0 0.0 
1 412 13.81579971 0.0 0.0 0.0 
1 413 13.81579971 0.0 0.0 0.0 
1 414 13.81579971 0.0 0.0 0.0 
1 415 13.81579971 0.0 0.0 0.0 
1 416 13.81579971 0.0 0.0 0.0 
1 417 13.81579971 0.0 0.0 0.0 
1 418 13.81579971 0.0 0.0 0.0 
1 419 13.81579971 0.0 0.0 0.0 
1 420 13.81579971 0.0 0.0 0.0 
1 421 13.81579971 0.0 0.0 0.0 
1 422 13.81579971 0.0 0.0 0.0 
1 423 13.81579971 0.0 0.0 0.0 
1 424 13.81579971 0.0 0.0 0.0 
1 425 13.81579971 0.0 0.0 0.0 
1 426 13.81579971 0.0 0.0 0.0 
1 427 13.81579971 0.0 0.0 0.0 
1 428 13.81579971 0.0 0.0 0.0 
1 429 13.81579971 0.0 0.0 0.0 
1 430 13.81579971 0.0 0.0 0.0 
1 431 13.81579971 0.0 0.0 0.0 
1 432 13.81579971 0.0 0.0 0.0 
1 433 13.81579971 0.0 0.0 0.0 
1 434 13.81579971 0.0 0.0 0.0 
1 435 13.81579971 0.0 0.0 0.0 
1 436 13.81579971 0.0 0.0 0.0 
1 437 13.81579971 0.0 0.0 0.0 
1 438 13.81579971 0.0 0.0 0.0 
1 439 13.81579971 0.0 0.0 0.0 
1 440 13.81579971 0.0 0.0 0.0 
1 441 13.81579971 0.0 0.0 0.0 
1 442 13.81579971 0.0 0.0 0.0 
1 443 13.81579971 0.0 0.0 0.0 
1 444 13.81579971 0.0 0.0 0.0 
1 445 13.81579971 0.0 0.0 0.0 
1 446 13.81579971 0.0 0.0 0.0 
1 447 13.81579971 0.0 0.0 0.0 
1 448 13.81579971 0.0 0.0 0.0 
1 449 13.81579971 0.0 0.0 0.0 
1 450 13.81579971 0.0 0.0 0.0 
1 451 13.81579971 0.0 0.0 0.0 
1 452 13.81579971 0.0 0.0 0.0 
1 453 13.81579971 0.0 0.0 0.0 
1 454 13.81579971 0.0 0.0 0.0 
1 455 13.81579971 0.0 0.0 0.0 
1 456 13.81579971 0.0 0.0 0.0 
1 457 13.81579971 0.0 0.0 0.0 
1 458 13.81579971 0.0 0.0 0.0 
1 459 13.81579971 0.0 0.0 0.0 
1 460 13.81579971 0.0 0.0 0.0 
1 461 13.81579971 0.0 0.0 0.0 
1 462 13.81579971 0.0 0.0 0.0 
1 463 13.81579971 0.0 0.0 0.0 
1 464 13.81579971 0.0 0.0 0.0 
1 465 13.81579971 0.0 0.0 0.0 
1 466 13.81579971 0.0 0.0 0.0 
1 467 13.81579971 0.0 0.0 0.0 
1 468 13.81579971 0.0 0.0 0.0 
1 469 13.81579971 0.0 0.0 0.0 
1 470 13.81579971 0.0 0.0 0.0 
1 471 13.81579971 0.0 0.0 0.0 
1 472 13.81579971 0.0 0.0 0.0 
1 473 13.81579971 0.0 0.0 0.0 
1 474 13.81579971 0.0 0.0 0.0 
1 475 13.81579971 0.0 0.0 0.0 
1 476 13.81579971 0.0 0.0 0.0 
1 477 13.81579971 0.0 0.0 0.0 
1 478 13.81579971 0.0 0.0 0.0 
1 479 13.81579971 0.0 0.0 0.0 
1 480 13.81579971 0.0 0.0 0.0 
1 481 13.81579971 0.0 0.0 0.0 
1 482 13.81579971 0.0 0.0 0.0 
1 483 13.81579971 0.0 0.0 0.0 
1 484 13.81579971 0.0 0.0 0.0 
1 485 13.81579971 0.0 0.0 0.0 
1 486 13.81579971 0.0 0.0 0.0 
1 487 13.81579971 0.0 0.0 0.0 
1 488 13.81579971 0.0 0.0 0.0 
1 489 13.81579971 0.0 0.0 0.0 
1 490 13.81579971 0.0 0.0 0.0 
1 491 13.81579971 0.0 0.0 0.0 
1 492 13.81579971 0.0 0.0 0.0 
1 493 13.81579971 0.0 0.0 0.0 
1 494 13.81579971 0.0 0.0 0.0 
1 495 13.81579971 0.0 0.0 0.0 
1 496 13.81579971 0.0 0.0 0.0 
1 497 13.81579971 0.0 0.0 0.0 
1 498 13.81579971 0.0 0.0 0.0 
1 499 13.81579971 0.0 0.0 0.0 
1 500 13.81579971 0.0 0.0 0.0 
1 501 13.81579971 0.0 0.0 0.0 
1 502 13.81579971 0.0 0.0 0.0 
1 503 13.81579971 0.0 0.0 0.0 
1 504 13.81579971 0.0 0.0 0.0 
1 505 13.81579971 0.0 0.0 0.0 
1 506 13.81579971 0.0 0.0 0.0 
1 507 13.81579971 0.0 0.0 0.0 
1 508 13.81579971 0.0 0.0 0.0 
1 509 13.81579971 0.0 0.0 0.0 
1 510 13.81579971 0.0 0.0 0.0 
1 511 13.81579971 0.0 0.0 0.0 
1 512 13.81579971 0.0 0.0 0.0 
1 513 13.81579971 0.0 0.0 0.0 
1 514 13.81579971 0.0 0.0 0.0 
1 515 13.81579971 0.0 0.0 0.0 
1 516 13.81579971 0.0 0.0 0.0 
1 517 13.81579971 0.0 0.0 0.0 
1 518 13.81579971 0.0 0.0 0.0 
1 519 13.81579971 0.0 0.0 0.0 
1 520 13.81579971 0.0 0.0 0.0 
1 521 13.81579971 0.0 0.0 0.0 
1 522 13.81579971 0.0 0.0 0.0 
1 523 13.81579971 0.0 0.0 0.0 
1 524 13.81579971 0.0 0.0 0.0 
1 525 13.81579971 0.0 0.0 0.0 
1 526 13.81579971 0.0 0.0 0.0 
1 527 13.81579971 0.0 0.0 0.0 
1 528 13.81579971 0.0 0.0 0.0 
1 529 13.81579971 0.0 0.0 0.0 
1 530 13.81579971 0.0 0.0 0.0 
1 531 13.81579971 0.0 0.0 0.0 
1 532 13.81579971 0.0 0.0 0.0 
1 533 13.81579971 0.0 0.0 0.0 
1 534 13.81579971 0.0 0.0 0.0 
1 535 13.81579971 0.0 0.0 0.0 
1 536 13.81579971 0.0 0.0 0.0 
1 537 13.81579971 0.0 0.0 0.0 
1 538 13.81579971 0.0 0.0 0.0 
1 539 13.81579971 0.0 0.0 0.0 
1 540 13.81579971 0.0 0.0 0.0 
1 541 13.81579971 0.0 0.0 0.0 
1 542 13.81579971 0.0 0.0 0.0 
1 543 13.81579971 0.0 0.0 0.0 
1 544 13.81579971 0.0 0.0 0.0 
1 545 13.81579971 0.0 0.0 0.0 
1 546 13.81579971 0.0 0.0 0.0 
1 547 13.81579971 0.0 0.0 0.0 
1 548 13.81579971 0.0 0.0 0.0 
1 549 13.81579971 0.0 0.0 0.0 
1 550 13.81579971 0.0 0.0 0.0 
1 551 13.81579971 0.0 0.0 0.0 
1 552 13.81579971 0.0 0.0 0.0 
1 553 13.81579971 0.0 0.0 0.0 
1 554 13.81579971 0.0 0.0 0.0 
1 555 13.81579971 0.0 0.0 0.0 
1 556 13.81579971 0.0 0.0 0.0 
1 557 13.81579971 0.0 0.0 0.0 
1 558 13.81579971 0.0 0.0 0.0 
1 559 13.81579971 0.0 0.0 0.0 
1 560 13.81579971 0.0 0.0 0.0 
1 561 13.81579971 0.0 0.0 0.0 
1 562 13.81579971 0.0 0.0 0.0 
1 563 13.81579971 0.0 0.0 0.0 
1 564 13.81579971 0.0 0.0 0.0 
1 565 13.81579971 0.0 0.0 0.0 
1 566 13.81579971 0.0 0.0 0.0 
1 567 13.81579971 0.0 0.0 0.0 
1 568 13.81579971 0.0 0.0 0.0 
1 569 13.81579971 0.0 0.0 0.0 
1 570 13.81579971 0.0 0.0 0.0 
1 571 13.81579971 0.0 0.0 0.0 
1 572 13.81579971 0.0 0.0 0.0 
1 573 13.81579971 0.0 0.0 0.0 
1 574 13.81579971 0.0 0.0 0.0 
1 575 13.81579971 0.0 0.0 0.0 
1 576 13.81579971 0.0 0.0 0.0 
1 577 13.81579971 0.0 0.0 0.0 
1 578 13.81579971 0.0 0.0 0.0 
1 579 13.81579971 0.0 0.0 0.0 
1 580 13.81579971 0.0 0.0 0.0 
1 581 13.81579971 0.0 0.0 0.0 
1 582 13.81579971 0.0 0.0 0.0 
1 583 13.81579971 0.0 0.0 0.0 
1 584 13.81579971 0.0 0.0 0.0 
1 585 13.81579971 0.0 0.0 0.0 
1 586 13.81579971 0.0 0.0 0.0 
1 587 13.81579971 0.0 0.0 0.0 
1 588 13.81579971 0.0 0.0 0.0 
1 589 13.81579971 0.0 0.0 0.0 
1 590 13.81579971 0.0 0.0 0.0 
1 591 13.81579971 0.0 0.0 0.0 
1 592 13.81579971 0.0 0.0 0.0 
1 593 13.81579971 0.0 0.0 0.0 
1 594 13.81579971 0.0 0.0 0.0 
1 595 13.81579971 0.0 0.0 0.0 
1 596 13.81579971 0.0 0.0 0.0 
1 597 13.81579971 0.0 0.0 0.0 
1 598 13.81579971 0.0 0.0 0.0 
1 599 13.81579971 0.0 0.0 0.0 
1 600 13.81579971 0.0 0.0 0.0 
1 601 13.81579971 0.0 0.0 0.0 
1 602 13.81579971 0.0 0.0 0.0 
1 603 13.81579971 0.0 0.0 0.0 
1 604 13.81579971 0.0 0.0 0.0 
1 605 13.81579971 0.0 0.0 0.0 
1 606 13.81579971 0.0 0.0 0.0 
1 607 13.81579971 0.0 0.0 0.0 
1 608 13.81579971 0.0 0.0 0.0 
1 609 13.81579971 0.0 0.0 0.0 
1 610 13.81579971 0.0 0.0 0.0 
1 611 13.81579971 0.0 0.0 0.0 
1 612 13.81579971 0.0 0.0 0.0 
1 613 13.81579971 0.0 0.0 0.0 
1 614 13.81579971 0.0 0.0 0.0 
1 615 13.81579971 0.0 0.0 0.0 
1 616 13.81579971 0.0 0.0 0.0 
1 617 13.81579971 0.0 0.0 0.0 
1 618 13.81579971 0.0 0.0 0.0 
1 619 13.81579971 0.0 0.0 0.0 
1 620 13.81579971 0.0 0.0 0.0 
1 621 13.81579971 0.0 0.0 0.0 
1 622 13.81579971 0.0 0.0 0.0 
1 623 13.81579971 0.0 0.0 0.0 
1 624 13.81579971 0.0 0.0 0.0 
1 625 13.81579971 0.0 0.0 0.0 
1 626 13.81579971 0.0 0.0 0.0 
1 627 13.81579971 0.0 0.0 0.0 
1 628 13.81579971 0.0 0.0 0.0 
1 629 13.81579971 0.0 0.0 0.0 
1 630 13.81579971 0.0 0.0 0.0 
1 631 13.81579971 0.0 0.0 0.0 
1 632 13.81579971 0.0 0.0 0.0 
1 633 13.81579971 0.0 0.0 0.0 
1 634 13.81579971 0.0 0.0 0.0 
1 635 13.81579971 0.0 0.0 0.0 
1 636 13.81579971 0.0 0.0 0.0 
1 637 13.81579971 0.0 0.0 0.0 
1 638 13.81579971 0.0 0.0 0.0 
1 639 13.81579971 0.0 0.0 0.0 
1 640 13.81579971 0.0 0.0 0.0 
1 641 13.81579971 0.0 0.0 0.0 
1 642 13.81579971 0.0 0.0 0.0 
1 643 13.81579971 0.0 0.0 0.0 
1 644 13.81579971 0.0 0.0 0.0 
1 645 13.81579971 0.0 0.0 0.0 
1 646 13.81579971 0.0 0.0 0.0 
1 647 13.81579971 0.0 0.0 0.0 
1 648 13.81579971 0.0 0.0 0.0 
1 649 13.81579971 0.0 0.0 0.0 
1 650 13.81579971 0.0 0.0 0.0 
1 651 13.81579971 0.0 0.0 0.0 
1 652 13.81579971 0.0 0.0 0.0 
1 653 13.81579971 0.0 0.0 0.0 
1 654 13.81579971 0.0 0.0 0.0 
1 655 13.81579971 0.0 0.0 0.0 
1 656 13.81579971 0.0 0.0 0.0 
1 657 13.81579971 0.0 0.0 0.0 
1 658 13.81579971 0.0 0.0 0.0 
1 659 13.81579971 0.0 0.0 0.0 
1 660 13.81579971 0.0 0.0 0.0 
1 661 13.81579971 0.0 0.0 0.0 
1 662 13.81579971 0.0 0.0 0.0 
1 663 13.81579971 0.0 0.0 0.0 
1 664 13.81579971 0.0 0.0 0.0 
1 665 13.81579971 0.0 0.0 0.0 
1 666 13.81579971 0.0 0.0 0.0 
1 667 13.81579971 0.0 0.0 0.0 
1 668 13.81579971 0.0 0.0 0.0 
1 669 13.81579971 0.0 0.0 0.0 
1 670 13.81579971 0.0 0.0 0.0 
1 671 13.81579971 0.0 0.0 0.0 
1 672 13.81579971 0.0 0.0 0.0 
1 673 13.81579971 0.0 0.0 0.0 
1 674 13.81579971 0.0 0.0 0.0 
1 675 13.81579971 0.0 0.0 0.0 
1 676 13.81579971 0.0 0.0 0.0 
1 677 13.81579971 0.0 0.0 0.0 
1 678 13.81579971 0.0 0.0 0.0 
1 679 13.81579971 0.0 0.0 0.0 
1 680 13.81579971 0.0 0.0 0.0 
1 681 13.81579971 0.0 0.0 0.0 
1 682 13.81579971 0.0 0.0 0.0 
1 683 13.81579971 0.0 0.0 0.0 
1 684 13.81579971 0.0 0.0 0.0 
1 685 13.81579971 0.0 0.0 0.0 
1 686 13.81579971 0.0 0.0 0.0 
1 687 13.81579971 0.0 0.0 0.0 
1 688 13.81579971 0.0 0.0 0.0 
1 689 13.81579971 0.0 0.0 0.0 
1 690 13.81579971 0.0 0.0 0.0 
1 691 13.81579971 0.0 0.0 0.0 
1 692 13.81579971 0.0 0.0 0.0 
1 693 13.81579971 0.0 0.0 0.0 
1 694 13.81579971 0.0 0.0 0.0 
1 695 13.81579971 0.0 0.0 0.0 
1 696 13.81579971 0.0 0.0 0.0 
1 697 13.81579971 0.0 0.0 0.0 
1 698 13.81579971 0.0 0.0 0.0 
1 699 13.81579971 0.0 0.0 0.0 
1 700 13.81579971 0.0 0.0 0.0 
1 701 13.81579971 0.0 0.0 0.0 
1 702 13.81579971 0.0 0.0 0.0 
1 703 13.81579971 0.0 0.0 0.0 
1 704 13.81579971 0.0 0.0 0.0 
1 705 13.81579971 0.0 0.0 0.0 
1 706 13.81579971 0.0 0.0 0.0 
1 707 13.81579971 0.0 0.0 0.0 
1 708 13.81579971 0.0 0.0 0.0 
1 709 13.81579971 0.0 0.0 0.0 
1 710 13.81579971 0.0 0.0 0.0 
1 711 13.81579971 0.0 0.0 0.0 
1 712 13.81579971 0.0 0.0 0.0 
1 713 13.81579971 0.0 0.0 0.0 
1 714 13.81579971 0.0 0.0 0.0 
1 715 13.81579971 0.0 0.0 0.0 
1 716 13.81579971 0.0 0.0 0.0 
1 717 13.81579971 0.0 0.0 0.0 
1 718 13.81579971 0.0 0.0 0.0 
1 719 13.81579971 0.0 0.0 0.0 
1 720 13.81579971 0.0 0.0 0.0 
1 721 13.81579971 0.0 0.0 0.0 
1 722 13.81579971 0.0 0.0 0.0 
1 723 13.81579971 0.0 0.0 0.0 
1 724 13.81579971 0.0 0.0 0.0 
1 725 13.81579971 0.0 0.0 0.0 
1 726 13.81579971 0.0 0.0 0.0 
1 727 13.81579971 0.0 0.0 0.0 
1 728 13.81579971 0.0 0.0 0.0 
1 729 13.81579971 0.0 0.0 0.0 
1 730 13.81579971 0.0 0.0 0.0 
1 731 13.81579971 0.0 0.0 0.0 
1 732 13.81579971 0.0 0.0 0.0 
1 733 13.81579971 0.0 0.0 0.0 
1 734 13.81579971 0.0 0.0 0.0 
1 735 13.81579971 0.0 0.0 0.0 
1 736 13.81579971 0.0 0.0 0.0 
1 737 13.81579971 0.0 0.0 0.0 
1 738 13.81579971 0.0 0.0 0.0 
1 739 13.81579971 0.0 0.0 0.0 
1 740 13.81579971 0.0 0.0 0.0 
1 741 13.81579971 0.0 0.0 0.0 
1 742 13.81579971 0.0 0.0 0.0 
1 743 13.81579971 0.0 0.0 0.0 
1 744 13.81579971 0.0 0.0 0.0 
1 745 13.81579971 0.0 0.0 0.0 
1 746 13.81579971 0.0 0.0 0.0 
1 747 13.81579971 0.0 0.0 0.0 
1 748 13.81579971 0.0 0.0 0.0 
1 749 13.81579971 0.0 0.0 0.0 
1 750 13.81579971 0.0 0.0 0.0 
1 751 13.81579971 0.0 0.0 0.0 
1 752 13.81579971 0.0 0.0 0.0 
1 753 13.81579971 0.0 0.0 0.0 
1 754 13.81579971 0.0 0.0 0.0 
1 755 13.81579971 0.0 0.0 0.0 
1 756 13.81579971 0.0 0.0 0.0 
1 757 13.81579971 0.0 0.0 0.0 
1 758 13.81579971 0.0 0.0 0.0 
1 759 13.81579971 0.0 0.0 0.0 
1 760 13.81579971 0.0 0.0 0.0 
1 761 13.81579971 0.0 0.0 0.0 
1 762 13.81579971 0.0 0.0 0.0 
1 763 13.81579971 0.0 0.0 0.0 
1 764 13.81579971 0.0 0.0 0.0 
1 765 13.81579971 0.0 0.0 0.0 
1 766 13.81579971 0.0 0.0 0.0 
1 767 13.81579971 0.0 0.0 0.0 
1 768 13.81579971 0.0 0.0 0.0 
1 769 13.81579971 0.0 0.0 0.0 
1 770 13.81579971 0.0 0.0 0.0 
1 771 13.81579971 0.0 0.0 0.0 
1 772 13.81579971 0.0 0.0 0.0 
1 773 13.81579971 0.0 0.0 0.0 
1 774 13.81579971 0.0 0.0 0.0 
1 775 13.81579971 0.0 0.0 0.0 
1 776 13.81579971 0.0 0.0 0.0 
1 777 13.81579971 0.0 0.0 0.0 
1 778 13.81579971 0.0 0.0 0.0 
1 779 13.81579971 0.0 0.0 0.0 
1 780 13.81579971 0.0 0.0 0.0 
1 781 13.81579971 0.0 0.0 0.0 
1 782 13.81579971 0.0 0.0 0.0 
1 783 13.81579971 0.0 0.0 0.0 
1 784 13.81579971 0.0 0.0 0.0 
1 785 13.81579971 0.0 0.0 0.0 
1 786 13.81579971 0.0 0.0 0.0 
1 787 13.81579971 0.0 0.0 0.0 
1 788 13.81579971 0.0 0.0 0.0 
1 789 13.81579971 0.0 0.0 0.0 
1 790 13.81579971 0.0 0.0 0.0 
1 791 13.81579971 0.0 0.0 0.0 
1 792 13.81579971 0.0 0.0 0.0 
1 793 13.81579971 0.0 0.0 0.0 
1 794 13.81579971 0.0 0.0 0.0 
1 795 13.81579971 0.0 0.0 0.0 
1 796 13.81579971 0.0 0.0 0.0 
1 797 13.81579971 0.0 0.0 0.0 
1 798 13.81579971 0.0 0.0 0.0 
1 799 13.81579971 0.0 0.0 0.0 
1 800 13.81579971 0.0 0.0 0.0 
1 801 13.81579971 0.0 0.0 0.0 
1 802 13.81579971 0.0 0.0 0.0 
1 803 13.81579971 0.0 0.0 0.0 
1 804 13.81579971 0.0 0.0 0.0 
1 805 13.81579971 0.0 0.0 0.0 
1 806 13.81579971 0.0 0.0 0.0 
1 807 13.81579971 0.0 0.0 0.0 
1 808 13.81579971 0.0 0.0 0.0 
1 809 13.81579971 0.0 0.0 0.0 
1 810 13.81579971 0.0 0.0 0.0 
1 811 13.81579971 0.0 0.0 0.0 
1 812 13.81579971 0.0 0.0 0.0 
1 813 13.81579971 0.0 0.0 0.0 
1 814 13.81579971 0.0 0.0 0.0 
1 815 13.81579971 0.0 0.0 0.0 
1 816 13.81579971 0.0 0.0 0.0 
1 817 13.81579971 0.0 0.0 0.0 
1 818 13.81579971 0.0 0.0 0.0 
1 819 13.81579971 0.0 0.0 0.0 
1 820 13.81579971 0.0 0.0 0.0 
1 821 13.81579971 0.0 0.0 0.0 
1 822 13.81579971 0.0 0.0 0.0 
1 823 13.81579971 0.0 0.0 0.0 
1 824 13.81579971 0.0 0.0 0.0 
1 825 13.81579971 0.0 0.0 0.0 
1 826 13.81579971 0.0 0.0 0.0 
1 827 13.81579971 0.0 0.0 0.0 
1 828 13.81579971 0.0 0.0 0.0 
1 829 13.81579971 0.0 0.0 0.0 
1 830 13.81579971 0.0 0.0 0.0 
1 831 13.81579971 0.0 0.0 0.0 
1 832 13.81579971 0.0 0.0 0.0 
1 833 13.81579971 0.0 0.0 0.0 
1 834 13.81579971 0.0 0.0 0.0 
1 835 13.81579971 0.0 0.0 0.0 
1 836 13.81579971 0.0 0.0 0.0 
1 837 13.81579971 0.0 0.0 0.0 
1 838 13.81579971 0.0 0.0 0.0 
1 839 13.81579971 0.0 0.0 0.0 
1 840 13.81579971 0.0 0.0 0.0 
1 841 13.81579971 0.0 0.0 0.0 
1 842 13.81579971 0.0 0.0 0.0 
1 843 13.81579971 0.0 0.0 0.0 
1 844 13.81579971 0.0 0.0 0.0 
1 845 13.81579971 0.0 0.0 0.0 
1 846 13.81579971 0.0 0.0 0.0 
1 847 13.81579971 0.0 0.0 0.0 
1 848 13.81579971 0.0 0.0 0.0 
1 849 13.81579971 0.0 0.0 0.0 
1 850 13.81579971 0.0 0.0 0.0 
1 851 13.81579971 0.0 0.0 0.0 
1 852 13.81579971 0.0 0.0 0.0 
1 853 13.81579971 0.0 0.0 0.0 
1 854 13.81579971 0.0 0.0 0.0 
1 855 13.81579971 0.0 0.0 0.0 
1 856 13.81579971 0.0 0.0 0.0 
1 857 13.81579971 0.0 0.0 0.0 
1 858 13.81579971 0.0 0.0 0.0 
1 859 13.81579971 0.0 0.0 0.0 
1 860 13.81579971 0.0 0.0 0.0 
1 861 13.81579971 0.0 0.0 0.0 
1 862 13.81579971 0.0 0.0 0.0 
1 863 13.81579971 0.0 0.0 0.0 
1 864 13.81579971 0.0 0.0 0.0 
1 865 13.81579971 0.0 0.0 0.0 
1 866 13.81579971 0.0 0.0 0.0 
1 867 13.81579971 0.0 0.0 0.0 
1 868 13.81579971 0.0 0.0 0.0 
1 869 13.81579971 0.0 0.0 0.0 
1 870 13.81579971 0.0 0.0 0.0 
1 871 13.81579971 0.0 0.0 0.0 
1 872 13.81579971 0.0 0.0 0.0 
1 873 13.81579971 0.0 0.0 0.0 
1 874 13.81579971 0.0 0.0 0.0 
1 875 13.81579971 0.0 0.0 0.0 
1 876 13.81579971 0.0 0.0 0.0 
1 877 13.81579971 0.0 0.0 0.0 
1 878 13.81579971 0.0 0.0 0.0 
1 879 13.81579971 0.0 0.0 0.0 
1 880 13.81579971 0.0 0.0 0.0 
1 881 13.81579971 0.0 0.0 0.0 
1 882 13.81579971 0.0 0.0 0.0 
1 883 13.81579971 0.0 0.0 0.0 
1 884 13.81579971 0.0 0.0 0.0 
1 885 13.81579971 0.0 0.0 0.0 
1 886 13.81579971 0.0 0.0 0.0 
1 887 13.81579971 0.0 0.0 0.0 
1 888 13.81579971 0.0 0.0 0.0 
1 889 13.81579971 0.0 0.0 0.0 
1 890 13.81579971 0.0 0.0 0.0 
1 891 13.81579971 0.0 0.0 0.0 
1 892 13.81579971 0.0 0.0 0.0 
1 893 13.81579971 0.0 0.0 0.0 
1 894 13.81579971 0.0 0.0 0.0 
1 895 13.81579971 0.0 0.0 0.0 
1 896 13.81579971 0.0 0.0 0.0 
1 897 13.81579971 0.0 0.0 0.0 
1 898 13.81579971 0.0 0.0 0.0 
1 899 13.81579971 0.0 0.0 0.0 
1 900 13.81579971 0.0 0.0 0.0 
1 901 13.81579971 0.0 0.0 0.0 
1 902 13.81579971 0.0 0.0 0.0 
1 903 13.81579971 0.0 0.0 0.0 
1 904 13.81579971 0.0 0.0 0.0 
1 905 13.81579971 0.0 0.0 0.0 
1 906 13.81579971 0.0 0.0 0.0 
1 907 13.81579971 0.0 0.0 0.0 
1 908 13.81579971 0.0 0.0 0.0 
1 909 13.81579971 0.0 0.0 0.0 
1 910 13.81579971 0.0 0.0 0.0 
1 911 13.81579971 0.0 0.0 0.0 
1 912 13.81579971 0.0 0.0 0.0 
1 913 13.81579971 0.0 0.0 0.0 
1 914 13.81579971 0.0 0.0 0.0 
1 915 13.81579971 0.0 0.0 0.0 
1 916 13.81579971 0.0 0.0 0.0 
1 917 13.81579971 0.0 0.0 0.0 
1 918 13.81579971 0.0 0.0 0.0 
1 919 13.81579971 0.0 0.0 0.0 
1 920 13.81579971 0.0 0.0 0.0 
1 921 13.81579971 0.0 0.0 0.0 
1 922 13.81579971 0.0 0.0 0.0 
1 923 13.81579971 0.0 0.0 0.0 
1 924 13.81579971 0.0 0.0 0.0 
1 925 13.81579971 0.0 0.0 0.0 
1 926 13.81579971 0.0 0.0 0.0 
1 927 13.81579971 0.0 0.0 0.0 
1 928 13.81579971 0.0 0.0 0.0 
1 929 13.81579971 0.0 0.0 0.0 
1 930 13.81579971 0.0 0.0 0.0 
1 931 13.81579971 0.0 0.0 0.0 
1 932 13.81579971 0.0 0.0 0.0 
1 933 13.81579971 0.0 0.0 0.0 
1 934 13.81579971 0.0 0.0 0.0 
1 935 13.81579971 0.0 0.0 0.0 
1 936 13.81579971 0.0 0.0 0.0 
1 937 13.81579971 0.0 0.0 0.0 
1 938 13.81579971 0.0 0.0 0.0 
1 939 13.81579971 0.0 0.0 0.0 
1 940 13.81579971 0.0 0.0 0.0 
1 941 13.81579971 0.0 0.0 0.0 
1 942 13.81579971 0.0 0.0 0.0 
1 943 13.81579971 0.0 0.0 0.0 
1 944 13.81579971 0.0 0.0 0.0 
1 945 13.81579971 0.0 0.0 0.0 
1 946 13.81579971 0.0 0.0 0.0 
1 947 13.81579971 0.0 0.0 0.0 
1 948 13.81579971 0.0 0.0 0.0 
1 949 13.81579971 0.0 0.0 0.0 
1 950 13.81579971 0.0 0.0 0.0 
1 951 13.81579971 0.0 0.0 0.0 
1 952 13.81579971 0.0 0.0 0.0 
1 953 13.81579971 0.0 0.0 0.0 
1 954 13.81579971 0.0 0.0 0.0 
1 955 13.81579971 0.0 0.0 0.0 
1 956 13.81579971 0.0 0.0 0.0 
1 957 13.81579971 0.0 0.0 0.0 
5 1 45.7419156276923 0.0 0.0 0.0 
5 2 45.7419156276923 0.0 0.0 0.0 
5 3 45.7419156276923 0.0 0.0 0.0 
5 4 45.7419156276923 0.0 0.0 0.0 
5 5 45.7419156276923 0.0 0.0 0.0 
5 6 45.7419156276923 0.0 0.0 0.0 
5 7 45.7419156276923 0.0 0.0 0.0 
5 8 45.7419156276923 0.0 0.0 0.0 
5 9 45.7419156276923 0.0 0.0 0.0 
5 10 45.7419156276923 0.0 0.0 0.0 
5 11 45.7419156276923 0.0 0.0 0.0 
5 12 45.7419156276923 0.0 0.0 0.0 
5 13 45.7419156276923 0.0 0.0 0.0 
5 14 45.7419156276923 0.0 0.0 0.0 
5 15 45.7419156276923 0.0 0.0 0.0 
5 16 45.7419156276923 0.0 0.0 0.0 
5 17 45.7419156276923 0.0 0.0 0.0 
5 18 45.7419156276923 0.0 0.0 0.0 
5 19 45.7419156276923 0.0 0.0 0.0 
5 20 45.7419156276923 0.0 0.0 0.0 
5 21 45.7419156276923 0.0 0.0 0.0 
5 22 45.7419156276923 0.0 0.0 0.0 
5 23 45.7419156276923 0.0 0.0 0.0 
5 24 45.7419156276923 0.0 0.0 0.0 
5 25 45.7419156276923 0.0 0.0 0.0 
5 26 45.7419156276923 0.0 0.0 0.0 
5 27 45.7419156276923 0.0 0.0 0.0 
5 28 45.7419156276923 0.0 0.0 0.0 
5 29 45.7419156276923 0.0 0.0 0.0 
5 30 45.7419156276923 0.0 0.0 0.0 
5 31 45.7419156276923 0.0 0.0 0.0 
5 32 45.7419156276923 0.0 0.0 0.0 
5 33 45.7419156276923 0.0 0.0 0.0 
5 34 45.7419156276923 0.0 0.0 0.0 
5 35 45.7419156276923 0.0 0.0 0.0 
5 36 45.7419156276923 0.0 0.0 0.0 
5 37 45.7419156276923 0.0 0.0 0.0 
5 38 45.7419156276923 0.0 0.0 0.0 
5 39 45.7419156276923 0.0 0.0 0.0 
5 40 45.7419156276923 0.0 0.0 0.0 
5 41 45.7419156276923 0.0 0.0 0.0 
5 42 45.7419156276923 0.0 0.0 0.0 
5 43 45.7419156276923 0.0 0.0 0.0 
5 44 45.7419156276923 0.0 0.0 0.0 
5 45 45.7419156276923 0.0 0.0 0.0 
5 46 45.7419156276923 0.0 0.0 0.0 
5 47 45.7419156276923 0.0 0.0 0.0 
5 48 45.7419156276923 0.0 0.0 0.0 
5 49 45.7419156276923 0.0 0.0 0.0 
5 50 45.7419156276923 0.0 0.0 0.0 
5 51 45.7419156276923 0.0 0.0 0.0 
5 52 45.7419156276923 0.0 0.0 0.0 
5 53 45.7419156276923 0.0 0.0 0.0 
5 54 45.7419156276923 0.0 0.0 0.0 
5 55 45.7419156276923 0.0 0.0 0.0 
5 56 45.7419156276923 0.0 0.0 0.0 
5 57 45.7419156276923 0.0 0.0 0.0 
5 58 45.7419156276923 0.0 0.0 0.0 
5 59 45.7419156276923 0.0 0.0 0.0 
5 60 45.7419156276923 0.0 0.0 0.0 
5 61 45.7419156276923 0.0 0.0 0.0 
5 62 45.7419156276923 0.0 0.0 0.0 
5 63 45.7419156276923 0.0 0.0 0.0 
5 64 45.7419156276923 0.0 0.0 0.0 
5 65 45.7419156276923 0.0 0.0 0.0 
5 66 45.7419156276923 0.0 0.0 0.0 
5 67 45.7419156276923 0.0 0.0 0.0 
5 68 45.7419156276923 0.0 0.0 0.0 
5 69 45.7419156276923 0.0 0.0 0.0 
5 70 45.7419156276923 0.0 0.0 0.0 
5 71 45.7419156276923 0.0 0.0 0.0 
5 72 45.7419156276923 0.0 0.0 0.0 
5 73 45.7419156276923 0.0 0.0 0.0 
5 74 45.7419156276923 0.0 0.0 0.0 
5 75 45.7419156276923 0.0 0.0 0.0 
5 76 45.7419156276923 0.0 0.0 0.0 
5 77 45.7419156276923 0.0 0.0 0.0 
5 78 45.7419156276923 0.0 0.0 0.0 
5 79 45.7419156276923 0.0 0.0 0.0 
5 80 45.7419156276923 0.0 0.0 0.0 
5 81 45.7419156276923 0.0 0.0 0.0 
5 82 45.7419156276923 0.0 0.0 0.0 
5 83 45.7419156276923 0.0 0.0 0.0 
5 84 45.7419156276923 0.0 0.0 0.0 
5 85 45.7419156276923 0.0 0.0 0.0 
5 86 45.7419156276923 0.0 0.0 0.0 
5 87 45.7419156276923 0.0 0.0 0.0 
5 88 45.7419156276923 0.0 0.0 0.0 
5 89 45.7419156276923 0.0 0.0 0.0 
5 90 45.7419156276923 0.0 0.0 0.0 
5 91 45.7419156276923 0.0 0.0 0.0 
5 92 45.7419156276923 0.0 0.0 0.0 
5 93 45.7419156276923 0.0 0.0 0.0 
5 94 45.7419156276923 0.0 0.0 0.0 
5 95 45.7419156276923 0.0 0.0 0.0 
5 96 45.7419156276923 0.0 0.0 0.0 
5 97 45.7419156276923 0.0 0.0 0.0 
5 98 45.7419156276923 0.0 0.0 0.0 
5 99 45.7419156276923 0.0 0.0 0.0 
5 100 45.7419156276923 0.0 0.0 0.0 
5 101 45.7419156276923 0.0 0.0 0.0 
5 102 45.7419156276923 0.0 0.0 0.0 
5 103 45.7419156276923 0.0 0.0 0.0 
5 104 45.7419156276923 0.0 0.0 0.0 
5 105 45.7419156276923 0.0 0.0 0.0 
5 106 45.7419156276923 0.0 0.0 0.0 
5 107 45.7419156276923 0.0 0.0 0.0 
5 108 45.7419156276923 0.0 0.0 0.0 
5 109 45.7419156276923 0.0 0.0 0.0 
5 110 45.7419156276923 0.0 0.0 0.0 
5 111 45.7419156276923 0.0 0.0 0.0 
5 112 45.7419156276923 0.0 0.0 0.0 
5 113 45.7419156276923 0.0 0.0 0.0 
5 114 45.7419156276923 0.0 0.0 0.0 
5 115 45.7419156276923 0.0 0.0 0.0 
5 116 45.7419156276923 0.0 0.0 0.0 
5 117 45.7419156276923 0.0 0.0 0.0 
5 118 45.7419156276923 0.0 0.0 0.0 
5 119 45.7419156276923 0.0 0.0 0.0 
5 120 45.7419156276923 0.0 0.0 0.0 
5 121 45.7419156276923 0.0 0.0 0.0 
5 122 45.7419156276923 0.0 0.0 0.0 
5 123 45.7419156276923 0.0 0.0 0.0 
5 124 45.7419156276923 0.0 0.0 0.0 
5 125 45.7419156276923 0.0 0.0 0.0 
5 126 45.7419156276923 0.0 0.0 0.0 
5 127 45.7419156276923 0.0 0.0 0.0 
5 128 45.7419156276923 0.0 0.0 0.0 
5 129 45.7419156276923 0.0 0.0 0.0 
5 130 45.7419156276923 0.0 0.0 0.0 
5 131 45.7419156276923 0.0 0.0 0.0 
5 132 45.7419156276923 0.0 0.0 0.0 
5 133 45.7419156276923 0.0 0.0 0.0 
5 134 45.7419156276923 0.0 0.0 0.0 
5 135 45.7419156276923 0.0 0.0 0.0 
5 136 45.7419156276923 0.0 0.0 0.0 
5 137 45.7419156276923 0.0 0.0 0.0 
5 138 45.7419156276923 0.0 0.0 0.0 
5 139 45.7419156276923 0.0 0.0 0.0 
5 140 45.7419156276923 0.0 0.0 0.0 
5 141 45.7419156276923 0.0 0.0 0.0 
5 142 45.7419156276923 0.0 0.0 0.0 
5 143 45.7419156276923 0.0 0.0 0.0 
5 144 45.7419156276923 0.0 0.0 0.0 
5 145 45.7419156276923 0.0 0.0 0.0 
5 146 45.7419156276923 0.0 0.0 0.0 
5 147 45.7419156276923 0.0 0.0 0.0 
5 148 45.7419156276923 0.0 0.0 0.0 
5 149 45.7419156276923 0.0 0.0 0.0 
5 150 45.7419156276923 0.0 0.0 0.0 
5 151 45.7419156276923 0.0 0.0 0.0 
5 152 45.7419156276923 0.0 0.0 0.0 
5 153 45.7419156276923 0.0 0.0 0.0 
5 154 45.7419156276923 0.0 0.0 0.0 
5 155 45.7419156276923 0.0 0.0 0.0 
5 156 45.7419156276923 0.0 0.0 0.0 
5 157 45.7419156276923 0.0 0.0 0.0 
5 158 45.7419156276923 0.0 0.0 0.0 
5 159 45.7419156276923 0.0 0.0 0.0 
5 160 45.7419156276923 0.0 0.0 0.0 
5 161 45.7419156276923 0.0 0.0 0.0 
5 162 45.7419156276923 0.0 0.0 0.0 
5 163 45.7419156276923 0.0 0.0 0.0 
5 164 45.7419156276923 0.0 0.0 0.0 
5 165 45.7419156276923 0.0 0.0 0.0 
5 166 45.7419156276923 0.0 0.0 0.0 
5 167 45.7419156276923 0.0 0.0 0.0 
5 168 45.7419156276923 0.0 0.0 0.0 
5 169 45.7419156276923 0.0 0.0 0.0 
5 170 45.7419156276923 0.0 0.0 0.0 
5 171 45.7419156276923 0.0 0.0 0.0 
5 172 45.7419156276923 0.0 0.0 0.0 
5 173 45.7419156276923 0.0 0.0 0.0 
5 174 45.7419156276923 0.0 0.0 0.0 
5 175 45.7419156276923 0.0 0.0 0.0 
5 176 45.7419156276923 0.0 0.0 0.0 
5 177 45.7419156276923 0.0 0.0 0.0 
5 178 45.7419156276923 0.0 0.0 0.0 
5 179 45.7419156276923 0.0 0.0 0.0 
5 180 45.7419156276923 0.0 0.0 0.0 
5 181 45.7419156276923 0.0 0.0 0.0 
5 182 45.7419156276923 0.0 0.0 0.0 
5 183 45.7419156276923 0.0 0.0 0.0 
5 184 45.7419156276923 0.0 0.0 0.0 
5 185 45.7419156276923 0.0 0.0 0.0 
5 186 45.7419156276923 0.0 0.0 0.0 
5 187 45.7419156276923 0.0 0.0 0.0 
5 188 45.7419156276923 0.0 0.0 0.0 
5 189 45.7419156276923 0.0 0.0 0.0 
5 190 45.7419156276923 0.0 0.0 0.0 
5 191 45.7419156276923 0.0 0.0 0.0 
5 192 45.7419156276923 0.0 0.0 0.0 
5 193 45.7419156276923 0.0 0.0 0.0 
5 194 45.7419156276923 0.0 0.0 0.0 
5 195 45.7419156276923 0.0 0.0 0.0 
5 196 45.7419156276923 0.0 0.0 0.0 
5 197 45.7419156276923 0.0 0.0 0.0 
5 198 45.7419156276923 0.0 0.0 0.0 
5 199 45.7419156276923 0.0 0.0 0.0 
5 200 45.7419156276923 0.0 0.0 0.0 
5 201 45.7419156276923 0.0 0.0 0.0 
5 202 45.7419156276923 0.0 0.0 0.0 
5 203 45.7419156276923 0.0 0.0 0.0 
5 204 45.7419156276923 0.0 0.0 0.0 
5 205 45.7419156276923 0.0 0.0 0.0 
5 206 45.7419156276923 0.0 0.0 0.0 
5 207 45.7419156276923 0.0 0.0 0.0 
5 208 45.7419156276923 0.0 0.0 0.0 
5 209 45.7419156276923 0.0 0.0 0.0 
5 210 45.7419156276923 0.0 0.0 0.0 
5 211 45.7419156276923 0.0 0.0 0.0 
5 212 45.7419156276923 0.0 0.0 0.0 
5 213 45.7419156276923 0.0 0.0 0.0 
5 214 45.7419156276923 0.0 0.0 0.0 
5 215 45.7419156276923 0.0 0.0 0.0 
5 216 45.7419156276923 0.0 0.0 0.0 
5 217 45.7419156276923 0.0 0.0 0.0 
5 218 45.7419156276923 0.0 0.0 0.0 
5 219 45.7419156276923 0.0 0.0 0.0 
5 220 45.7419156276923 0.0 0.0 0.0 
5 221 45.7419156276923 0.0 0.0 0.0 
5 222 45.7419156276923 0.0 0.0 0.0 
5 223 45.7419156276923 0.0 0.0 0.0 
5 224 45.7419156276923 0.0 0.0 0.0 
5 225 45.7419156276923 0.0 0.0 0.0 
5 226 45.7419156276923 0.0 0.0 0.0 
5 227 45.7419156276923 0.0 0.0 0.0 
5 228 45.7419156276923 0.0 0.0 0.0 
5 229 45.7419156276923 0.0 0.0 0.0 
5 230 45.7419156276923 0.0 0.0 0.0 
5 231 45.7419156276923 0.0 0.0 0.0 
5 232 45.7419156276923 0.0 0.0 0.0 
5 233 45.7419156276923 0.0 0.0 0.0 
5 234 45.7419156276923 0.0 0.0 0.0 
5 235 45.7419156276923 0.0 0.0 0.0 
5 236 45.7419156276923 0.0 0.0 0.0 
5 237 45.7419156276923 0.0 0.0 0.0 
5 238 45.7419156276923 0.0 0.0 0.0 
5 239 45.7419156276923 0.0 0.0 0.0 
5 240 45.7419156276923 0.0 0.0 0.0 
5 241 45.7419156276923 0.0 0.0 0.0 
5 242 45.7419156276923 0.0 0.0 0.0 
5 243 45.7419156276923 0.0 0.0 0.0 
5 244 45.7419156276923 0.0 0.0 0.0 
5 245 45.7419156276923 0.0 0.0 0.0 
5 246 45.7419156276923 0.0 0.0 0.0 
5 247 45.7419156276923 0.0 0.0 0.0 
5 248 45.7419156276923 0.0 0.0 0.0 
5 249 45.7419156276923 0.0 0.0 0.0 
5 250 45.7419156276923 0.0 0.0 0.0 
5 251 45.7419156276923 0.0 0.0 0.0 
5 252 45.7419156276923 0.0 0.0 0.0 
5 253 45.7419156276923 0.0 0.0 0.0 
5 254 45.7419156276923 0.0 0.0 0.0 
5 255 45.7419156276923 0.0 0.0 0.0 
5 256 45.7419156276923 0.0 0.0 0.0 
5 257 45.7419156276923 0.0 0.0 0.0 
5 258 45.7419156276923 0.0 0.0 0.0 
5 259 45.7419156276923 0.0 0.0 0.0 
5 260 45.7419156276923 0.0 0.0 0.0 
5 261 45.7419156276923 0.0 0.0 0.0 
5 262 45.7419156276923 0.0 0.0 0.0 
5 263 45.7419156276923 0.0 0.0 0.0 
5 264 45.7419156276923 0.0 0.0 0.0 
5 265 45.7419156276923 0.0 0.0 0.0 
5 266 45.7419156276923 0.0 0.0 0.0 
5 267 45.7419156276923 0.0 0.0 0.0 
5 268 45.7419156276923 0.0 0.0 0.0 
5 269 45.7419156276923 0.0 0.0 0.0 
5 270 45.7419156276923 0.0 0.0 0.0 
5 271 45.7419156276923 0.0 0.0 0.0 
5 272 45.7419156276923 0.0 0.0 0.0 
5 273 45.7419156276923 0.0 0.0 0.0 
5 274 45.7419156276923 0.0 0.0 0.0 
5 275 45.7419156276923 0.0 0.0 0.0 
5 276 45.7419156276923 0.0 0.0 0.0 
5 277 45.7419156276923 0.0 0.0 0.0 
5 278 45.7419156276923 0.0 0.0 0.0 
5 279 45.7419156276923 0.0 0.0 0.0 
5 280 45.7419156276923 0.0 0.0 0.0 
5 281 45.7419156276923 0.0 0.0 0.0 
5 282 45.7419156276923 0.0 0.0 0.0 
5 283 45.7419156276923 0.0 0.0 0.0 
5 284 45.7419156276923 0.0 0.0 0.0 
5 285 45.7419156276923 0.0 0.0 0.0 
5 286 45.7419156276923 0.0 0.0 0.0 
5 287 45.7419156276923 0.0 0.0 0.0 
5 288 45.7419156276923 0.0 0.0 0.0 
5 289 45.7419156276923 0.0 0.0 0.0 
5 290 45.7419156276923 0.0 0.0 0.0 
5 291 45.7419156276923 0.0 0.0 0.0 
5 292 45.7419156276923 0.0 0.0 0.0 
5 293 45.7419156276923 0.0 0.0 0.0 
5 294 45.7419156276923 0.0 0.0 0.0 
5 295 45.7419156276923 0.0 0.0 0.0 
5 296 45.7419156276923 0.0 0.0 0.0 
5 297 45.7419156276923 0.0 0.0 0.0 
5 298 45.7419156276923 0.0 0.0 0.0 
5 299 45.7419156276923 0.0 0.0 0.0 
5 300 45.7419156276923 0.0 0.0 0.0 
5 301 45.7419156276923 0.0 0.0 0.0 
5 302 45.7419156276923 0.0 0.0 0.0 
5 303 45.7419156276923 0.0 0.0 0.0 
5 304 45.7419156276923 0.0 0.0 0.0 
5 305 45.7419156276923 0.0 0.0 0.0 
5 306 45.7419156276923 0.0 0.0 0.0 
5 307 45.7419156276923 0.0 0.0 0.0 
5 308 45.7419156276923 0.0 0.0 0.0 
5 309 45.7419156276923 0.0 0.0 0.0 
5 310 45.7419156276923 0.0 0.0 0.0 
5 311 45.7419156276923 0.0 0.0 0.0 
5 312 45.7419156276923 0.0 0.0 0.0 
5 313 45.7419156276923 0.0 0.0 0.0 
5 314 45.7419156276923 0.0 0.0 0.0 
5 315 45.7419156276923 0.0 0.0 0.0 
5 316 45.7419156276923 0.0 0.0 0.0 
5 317 45.7419156276923 0.0 0.0 0.0 
5 318 45.7419156276923 0.0 0.0 0.0 
5 319 45.7419156276923 0.0 0.0 0.0 
5 320 45.7419156276923 0.0 0.0 0.0 
5 321 45.7419156276923 0.0 0.0 0.0 
5 322 45.7419156276923 0.0 0.0 0.0 
5 323 45.7419156276923 0.0 0.0 0.0 
5 324 45.7419156276923 0.0 0.0 0.0 
5 325 45.7419156276923 0.0 0.0 0.0 
5 326 45.7419156276923 0.0 0.0 0.0 
5 327 45.7419156276923 0.0 0.0 0.0 
5 328 45.7419156276923 0.0 0.0 0.0 
5 329 45.7419156276923 0.0 0.0 0.0 
5 330 45.7419156276923 0.0 0.0 0.0 
5 331 45.7419156276923 0.0 0.0 0.0 
5 332 45.7419156276923 0.0 0.0 0.0 
5 333 45.7419156276923 0.0 0.0 0.0 
5 334 45.7419156276923 0.0 0.0 0.0 
5 335 45.7419156276923 0.0 0.0 0.0 
5 336 45.7419156276923 0.0 0.0 0.0 
5 337 45.7419156276923 0.0 0.0 0.0 
5 338 45.7419156276923 0.0 0.0 0.0 
5 339 45.7419156276923 0.0 0.0 0.0 
5 340 45.7419156276923 0.0 0.0 0.0 
5 341 45.7419156276923 0.0 0.0 0.0 
5 342 45.7419156276923 0.0 0.0 0.0 
5 343 45.7419156276923 0.0 0.0 0.0 
5 344 45.7419156276923 0.0 0.0 0.0 
5 345 45.7419156276923 0.0 0.0 0.0 
5 346 45.7419156276923 0.0 0.0 0.0 
5 347 45.7419156276923 0.0 0.0 0.0 
5 348 45.7419156276923 0.0 0.0 0.0 
5 349 45.7419156276923 0.0 0.0 0.0 
5 350 45.7419156276923 0.0 0.0 0.0 
5 351 45.7419156276923 0.0 0.0 0.0 
5 352 45.7419156276923 0.0 0.0 0.0 
5 353 45.7419156276923 0.0 0.0 0.0 
5 354 45.7419156276923 0.0 0.0 0.0 
5 355 45.7419156276923 0.0 0.0 0.0 
5 356 45.7419156276923 0.0 0.0 0.0 
5 357 45.7419156276923 0.0 0.0 0.0 
5 358 45.7419156276923 0.0 0.0 0.0 
5 359 45.7419156276923 0.0 0.0 0.0 
5 360 45.7419156276923 0.0 0.0 0.0 
5 361 45.7419156276923 0.0 0.0 0.0 
5 362 45.7419156276923 0.0 0.0 0.0 
5 363 45.7419156276923 0.0 0.0 0.0 
5 364 45.7419156276923 0.0 0.0 0.0 
5 365 45.7419156276923 0.0 0.0 0.0 
5 366 45.7419156276923 0.0 0.0 0.0 
5 367 45.7419156276923 0.0 0.0 0.0 
5 368 45.7419156276923 0.0 0.0 0.0 
5 369 45.7419156276923 0.0 0.0 0.0 
5 370 45.7419156276923 0.0 0.0 0.0 
5 371 45.7419156276923 0.0 0.0 0.0 
5 372 45.7419156276923 0.0 0.0 0.0 
5 373 45.7419156276923 0.0 0.0 0.0 
5 374 45.7419156276923 0.0 0.0 0.0 
5 375 45.7419156276923 0.0 0.0 0.0 
5 376 45.7419156276923 0.0 0.0 0.0 
5 377 45.7419156276923 0.0 0.0 0.0 
5 378 45.7419156276923 0.0 0.0 0.0 
5 379 45.7419156276923 0.0 0.0 0.0 
5 380 45.7419156276923 0.0 0.0 0.0 
5 381 45.7419156276923 0.0 0.0 0.0 
5 382 45.7419156276923 0.0 0.0 0.0 
5 383 45.7419156276923 0.0 0.0 0.0 
5 384 45.7419156276923 0.0 0.0 0.0 
5 385 45.7419156276923 0.0 0.0 0.0 
5 386 45.7419156276923 0.0 0.0 0.0 
5 387 45.7419156276923 0.0 0.0 0.0 
5 388 45.7419156276923 0.0 0.0 0.0 
5 389 45.7419156276923 0.0 0.0 0.0 
5 390 45.7419156276923 0.0 0.0 0.0 
5 391 45.7419156276923 0.0 0.0 0.0 
5 392 45.7419156276923 0.0 0.0 0.0 
5 393 45.7419156276923 0.0 0.0 0.0 
5 394 45.7419156276923 0.0 0.0 0.0 
5 395 45.7419156276923 0.0 0.0 0.0 
5 396 45.7419156276923 0.0 0.0 0.0 
5 397 45.7419156276923 0.0 0.0 0.0 
5 398 45.7419156276923 0.0 0.0 0.0 
5 399 45.7419156276923 0.0 0.0 0.0 
5 400 45.7419156276923 0.0 0.0 0.0 
5 401 45.7419156276923 0.0 0.0 0.0 
5 402 45.7419156276923 0.0 0.0 0.0 
5 403 45.7419156276923 0.0 0.0 0.0 
5 404 45.7419156276923 0.0 0.0 0.0 
5 405 45.7419156276923 0.0 0.0 0.0 
5 406 45.7419156276923 0.0 0.0 0.0 
5 407 45.7419156276923 0.0 0.0 0.0 
5 408 45.7419156276923 0.0 0.0 0.0 
5 409 45.7419156276923 0.0 0.0 0.0 
5 410 45.7419156276923 0.0 0.0 0.0 
5 411 45.7419156276923 0.0 0.0 0.0 
5 412 45.7419156276923 0.0 0.0 0.0 
5 413 45.7419156276923 0.0 0.0 0.0 
5 414 45.7419156276923 0.0 0.0 0.0 
5 415 45.7419156276923 0.0 0.0 0.0 
5 416 45.7419156276923 0.0 0.0 0.0 
5 417 45.7419156276923 0.0 0.0 0.0 
5 418 45.7419156276923 0.0 0.0 0.0 
5 419 45.7419156276923 0.0 0.0 0.0 
5 420 45.7419156276923 0.0 0.0 0.0 
5 421 45.7419156276923 0.0 0.0 0.0 
5 422 45.7419156276923 0.0 0.0 0.0 
5 423 45.7419156276923 0.0 0.0 0.0 
5 424 45.7419156276923 0.0 0.0 0.0 
5 425 45.7419156276923 0.0 0.0 0.0 
5 426 45.7419156276923 0.0 0.0 0.0 
5 427 45.7419156276923 0.0 0.0 0.0 
5 428 45.7419156276923 0.0 0.0 0.0 
5 429 45.7419156276923 0.0 0.0 0.0 
5 430 45.7419156276923 0.0 0.0 0.0 
5 431 45.7419156276923 0.0 0.0 0.0 
5 432 45.7419156276923 0.0 0.0 0.0 
5 433 45.7419156276923 0.0 0.0 0.0 
5 434 45.7419156276923 0.0 0.0 0.0 
5 435 45.7419156276923 0.0 0.0 0.0 
5 436 45.7419156276923 0.0 0.0 0.0 
5 437 45.7419156276923 0.0 0.0 0.0 
5 438 45.7419156276923 0.0 0.0 0.0 
5 439 45.7419156276923 0.0 0.0 0.0 
5 440 45.7419156276923 0.0 0.0 0.0 
5 441 45.7419156276923 0.0 0.0 0.0 
5 442 45.7419156276923 0.0 0.0 0.0 
5 443 45.7419156276923 0.0 0.0 0.0 
5 444 45.7419156276923 0.0 0.0 0.0 
5 445 45.7419156276923 0.0 0.0 0.0 
5 446 45.7419156276923 0.0 0.0 0.0 
5 447 45.7419156276923 0.0 0.0 0.0 
5 448 45.7419156276923 0.0 0.0 0.0 
5 449 45.7419156276923 0.0 0.0 0.0 
5 450 45.7419156276923 0.0 0.0 0.0 
5 451 45.7419156276923 0.0 0.0 0.0 
5 452 45.7419156276923 0.0 0.0 0.0 
5 453 45.7419156276923 0.0 0.0 0.0 
5 454 45.7419156276923 0.0 0.0 0.0 
5 455 45.7419156276923 0.0 0.0 0.0 
5 456 45.7419156276923 0.0 0.0 0.0 
5 457 45.7419156276923 0.0 0.0 0.0 
5 458 45.7419156276923 0.0 0.0 0.0 
5 459 45.7419156276923 0.0 0.0 0.0 
5 460 45.7419156276923 0.0 0.0 0.0 
5 461 45.7419156276923 0.0 0.0 0.0 
5 462 45.7419156276923 0.0 0.0 0.0 
5 463 45.7419156276923 0.0 0.0 0.0 
5 464 45.7419156276923 0.0 0.0 0.0 
5 465 45.7419156276923 0.0 0.0 0.0 
5 466 45.7419156276923 0.0 0.0 0.0 
5 467 45.7419156276923 0.0 0.0 0.0 
5 468 45.7419156276923 0.0 0.0 0.0 
5 469 45.7419156276923 0.0 0.0 0.0 
5 470 45.7419156276923 0.0 0.0 0.0 
5 471 45.7419156276923 0.0 0.0 0.0 
5 472 45.7419156276923 0.0 0.0 0.0 
5 473 45.7419156276923 0.0 0.0 0.0 
5 474 45.7419156276923 0.0 0.0 0.0 
5 475 45.7419156276923 0.0 0.0 0.0 
5 476 45.7419156276923 0.0 0.0 0.0 
5 477 45.7419156276923 0.0 0.0 0.0 
5 478 45.7419156276923 0.0 0.0 0.0 
5 479 45.7419156276923 0.0 0.0 0.0 
5 480 45.7419156276923 0.0 0.0 0.0 
5 481 45.7419156276923 0.0 0.0 0.0 
5 482 45.7419156276923 0.0 0.0 0.0 
5 483 45.7419156276923 0.0 0.0 0.0 
5 484 45.7419156276923 0.0 0.0 0.0 
5 485 45.7419156276923 0.0 0.0 0.0 
5 486 45.7419156276923 0.0 0.0 0.0 
5 487 45.7419156276923 0.0 0.0 0.0 
5 488 45.7419156276923 0.0 0.0 0.0 
5 489 45.7419156276923 0.0 0.0 0.0 
5 490 45.7419156276923 0.0 0.0 0.0 
5 491 45.7419156276923 0.0 0.0 0.0 
5 492 45.7419156276923 0.0 0.0 0.0 
5 493 45.7419156276923 0.0 0.0 0.0 
5 494 45.7419156276923 0.0 0.0 0.0 
5 495 45.7419156276923 0.0 0.0 0.0 
5 496 45.7419156276923 0.0 0.0 0.0 
5 497 45.7419156276923 0.0 0.0 0.0 
5 498 45.7419156276923 0.0 0.0 0.0 
5 499 45.7419156276923 0.0 0.0 0.0 
5 500 45.7419156276923 0.0 0.0 0.0 
5 501 45.7419156276923 0.0 0.0 0.0 
5 502 45.7419156276923 0.0 0.0 0.0 
5 503 45.7419156276923 0.0 0.0 0.0 
5 504 45.7419156276923 0.0 0.0 0.0 
5 505 45.7419156276923 0.0 0.0 0.0 
5 506 45.7419156276923 0.0 0.0 0.0 
5 507 45.7419156276923 0.0 0.0 0.0 
5 508 45.7419156276923 0.0 0.0 0.0 
5 509 45.7419156276923 0.0 0.0 0.0 
5 510 45.7419156276923 0.0 0.0 0.0 
5 511 45.7419156276923 0.0 0.0 0.0 
5 512 45.7419156276923 0.0 0.0 0.0 
5 513 45.7419156276923 0.0 0.0 0.0 
5 514 45.7419156276923 0.0 0.0 0.0 
5 515 45.7419156276923 0.0 0.0 0.0 
5 516 45.7419156276923 0.0 0.0 0.0 
5 517 45.7419156276923 0.0 0.0 0.0 
5 518 45.7419156276923 0.0 0.0 0.0 
5 519 45.7419156276923 0.0 0.0 0.0 
5 520 45.7419156276923 0.0 0.0 0.0 
5 521 45.7419156276923 0.0 0.0 0.0 
5 522 45.7419156276923 0.0 0.0 0.0 
5 523 45.7419156276923 0.0 0.0 0.0 
5 524 45.7419156276923 0.0 0.0 0.0 
5 525 45.7419156276923 0.0 0.0 0.0 
5 526 45.7419156276923 0.0 0.0 0.0 
5 527 45.7419156276923 0.0 0.0 0.0 
5 528 45.7419156276923 0.0 0.0 0.0 
5 529 45.7419156276923 0.0 0.0 0.0 
5 530 45.7419156276923 0.0 0.0 0.0 
5 531 45.7419156276923 0.0 0.0 0.0 
5 532 45.7419156276923 0.0 0.0 0.0 
5 533 45.7419156276923 0.0 0.0 0.0 
5 534 45.7419156276923 0.0 0.0 0.0 
5 535 45.7419156276923 0.0 0.0 0.0 
5 536 45.7419156276923 0.0 0.0 0.0 
5 537 45.7419156276923 0.0 0.0 0.0 
5 538 45.7419156276923 0.0 0.0 0.0 
5 539 45.7419156276923 0.0 0.0 0.0 
5 540 45.7419156276923 0.0 0.0 0.0 
5 541 45.7419156276923 0.0 0.0 0.0 
5 542 45.7419156276923 0.0 0.0 0.0 
5 543 45.7419156276923 0.0 0.0 0.0 
5 544 45.7419156276923 0.0 0.0 0.0 
5 545 45.7419156276923 0.0 0.0 0.0 
5 546 45.7419156276923 0.0 0.0 0.0 
5 547 45.7419156276923 0.0 0.0 0.0 
5 548 45.7419156276923 0.0 0.0 0.0 
5 549 45.7419156276923 0.0 0.0 0.0 
5 550 45.7419156276923 0.0 0.0 0.0 
5 551 45.7419156276923 0.0 0.0 0.0 
5 552 45.7419156276923 0.0 0.0 0.0 
5 553 45.7419156276923 0.0 0.0 0.0 
5 554 45.7419156276923 0.0 0.0 0.0 
5 555 45.7419156276923 0.0 0.0 0.0 
5 556 45.7419156276923 0.0 0.0 0.0 
5 557 45.7419156276923 0.0 0.0 0.0 
5 558 45.7419156276923 0.0 0.0 0.0 
5 559 45.7419156276923 0.0 0.0 0.0 
5 560 45.7419156276923 0.0 0.0 0.0 
5 561 45.7419156276923 0.0 0.0 0.0 
5 562 45.7419156276923 0.0 0.0 0.0 
5 563 45.7419156276923 0.0 0.0 0.0 
5 564 45.7419156276923 0.0 0.0 0.0 
5 565 45.7419156276923 0.0 0.0 0.0 
5 566 45.7419156276923 0.0 0.0 0.0 
5 567 45.7419156276923 0.0 0.0 0.0 
5 568 45.7419156276923 0.0 0.0 0.0 
5 569 45.7419156276923 0.0 0.0 0.0 
5 570 45.7419156276923 0.0 0.0 0.0 
5 571 45.7419156276923 0.0 0.0 0.0 
5 572 45.7419156276923 0.0 0.0 0.0 
5 573 45.7419156276923 0.0 0.0 0.0 
5 574 45.7419156276923 0.0 0.0 0.0 
5 575 45.7419156276923 0.0 0.0 0.0 
5 576 45.7419156276923 0.0 0.0 0.0 
5 577 45.7419156276923 0.0 0.0 0.0 
5 578 45.7419156276923 0.0 0.0 0.0 
5 579 45.7419156276923 0.0 0.0 0.0 
5 580 45.7419156276923 0.0 0.0 0.0 
5 581 45.7419156276923 0.0 0.0 0.0 
5 582 45.7419156276923 0.0 0.0 0.0 
5 583 45.7419156276923 0.0 0.0 0.0 
5 584 45.7419156276923 0.0 0.0 0.0 
5 585 45.7419156276923 0.0 0.0 0.0 
5 586 45.7419156276923 0.0 0.0 0.0 
5 587 45.7419156276923 0.0 0.0 0.0 
5 588 45.7419156276923 0.0 0.0 0.0 
5 589 45.7419156276923 0.0 0.0 0.0 
5 590 45.7419156276923 0.0 0.0 0.0 
5 591 45.7419156276923 0.0 0.0 0.0 
5 592 45.7419156276923 0.0 0.0 0.0 
5 593 45.7419156276923 0.0 0.0 0.0 
5 594 45.7419156276923 0.0 0.0 0.0 
5 595 45.7419156276923 0.0 0.0 0.0 
5 596 45.7419156276923 0.0 0.0 0.0 
5 597 45.7419156276923 0.0 0.0 0.0 
5 598 45.7419156276923 0.0 0.0 0.0 
5 599 45.7419156276923 0.0 0.0 0.0 
5 600 45.7419156276923 0.0 0.0 0.0 
5 601 45.7419156276923 0.0 0.0 0.0 
5 602 45.7419156276923 0.0 0.0 0.0 
5 603 45.7419156276923 0.0 0.0 0.0 
5 604 45.7419156276923 0.0 0.0 0.0 
5 605 45.7419156276923 0.0 0.0 0.0 
5 606 45.7419156276923 0.0 0.0 0.0 
5 607 45.7419156276923 0.0 0.0 0.0 
5 608 45.7419156276923 0.0 0.0 0.0 
5 609 45.7419156276923 0.0 0.0 0.0 
5 610 45.7419156276923 0.0 0.0 0.0 
5 611 45.7419156276923 0.0 0.0 0.0 
5 612 45.7419156276923 0.0 0.0 0.0 
5 613 45.7419156276923 0.0 0.0 0.0 
5 614 45.7419156276923 0.0 0.0 0.0 
5 615 45.7419156276923 0.0 0.0 0.0 
5 616 45.7419156276923 0.0 0.0 0.0 
5 617 45.7419156276923 0.0 0.0 0.0 
5 618 45.7419156276923 0.0 0.0 0.0 
5 619 45.7419156276923 0.0 0.0 0.0 
5 620 45.7419156276923 0.0 0.0 0.0 
5 621 45.7419156276923 0.0 0.0 0.0 
5 622 45.7419156276923 0.0 0.0 0.0 
5 623 45.7419156276923 0.0 0.0 0.0 
5 624 45.7419156276923 0.0 0.0 0.0 
5 625 45.7419156276923 0.0 0.0 0.0 
5 626 45.7419156276923 0.0 0.0 0.0 
5 627 45.7419156276923 0.0 0.0 0.0 
5 628 45.7419156276923 0.0 0.0 0.0 
5 629 45.7419156276923 0.0 0.0 0.0 
5 630 45.7419156276923 0.0 0.0 0.0 
5 631 45.7419156276923 0.0 0.0 0.0 
5 632 45.7419156276923 0.0 0.0 0.0 
5 633 45.7419156276923 0.0 0.0 0.0 
5 634 45.7419156276923 0.0 0.0 0.0 
5 635 45.7419156276923 0.0 0.0 0.0 
5 636 45.7419156276923 0.0 0.0 0.0 
5 637 45.7419156276923 0.0 0.0 0.0 
5 638 45.7419156276923 0.0 0.0 0.0 
5 639 45.7419156276923 0.0 0.0 0.0 
5 640 45.7419156276923 0.0 0.0 0.0 
5 641 45.7419156276923 0.0 0.0 0.0 
5 642 45.7419156276923 0.0 0.0 0.0 
5 643 45.7419156276923 0.0 0.0 0.0 
5 644 45.7419156276923 0.0 0.0 0.0 
5 645 45.7419156276923 0.0 0.0 0.0 
5 646 45.7419156276923 0.0 0.0 0.0 
5 647 45.7419156276923 0.0 0.0 0.0 
5 648 45.7419156276923 0.0 0.0 0.0 
5 649 45.7419156276923 0.0 0.0 0.0 
5 650 45.7419156276923 0.0 0.0 0.0 
5 651 45.7419156276923 0.0 0.0 0.0 
5 652 45.7419156276923 0.0 0.0 0.0 
5 653 45.7419156276923 0.0 0.0 0.0 
5 654 45.7419156276923 0.0 0.0 0.0 
5 655 45.7419156276923 0.0 0.0 0.0 
5 656 45.7419156276923 0.0 0.0 0.0 
5 657 45.7419156276923 0.0 0.0 0.0 
5 658 45.7419156276923 0.0 0.0 0.0 
5 659 45.7419156276923 0.0 0.0 0.0 
5 660 45.7419156276923 0.0 0.0 0.0 
5 661 45.7419156276923 0.0 0.0 0.0 
5 662 45.7419156276923 0.0 0.0 0.0 
5 663 45.7419156276923 0.0 0.0 0.0 
5 664 45.7419156276923 0.0 0.0 0.0 
5 665 45.7419156276923 0.0 0.0 0.0 
5 666 45.7419156276923 0.0 0.0 0.0 
5 667 45.7419156276923 0.0 0.0 0.0 
5 668 45.7419156276923 0.0 0.0 0.0 
5 669 45.7419156276923 0.0 0.0 0.0 
5 670 45.7419156276923 0.0 0.0 0.0 
5 671 45.7419156276923 0.0 0.0 0.0 
5 672 45.7419156276923 0.0 0.0 0.0 
5 673 45.7419156276923 0.0 0.0 0.0 
5 674 45.7419156276923 0.0 0.0 0.0 
5 675 45.7419156276923 0.0 0.0 0.0 
5 676 45.7419156276923 0.0 0.0 0.0 
5 677 45.7419156276923 0.0 0.0 0.0 
5 678 45.7419156276923 0.0 0.0 0.0 
5 679 45.7419156276923 0.0 0.0 0.0 
5 680 45.7419156276923 0.0 0.0 0.0 
5 681 45.7419156276923 0.0 0.0 0.0 
5 682 45.7419156276923 0.0 0.0 0.0 
5 683 45.7419156276923 0.0 0.0 0.0 
5 684 45.7419156276923 0.0 0.0 0.0 
5 685 45.7419156276923 0.0 0.0 0.0 
5 686 45.7419156276923 0.0 0.0 0.0 
5 687 45.7419156276923 0.0 0.0 0.0 
5 688 45.7419156276923 0.0 0.0 0.0 
5 689 45.7419156276923 0.0 0.0 0.0 
5 690 45.7419156276923 0.0 0.0 0.0 
5 691 45.7419156276923 0.0 0.0 0.0 
5 692 45.7419156276923 0.0 0.0 0.0 
5 693 45.7419156276923 0.0 0.0 0.0 
5 694 45.7419156276923 0.0 0.0 0.0 
5 695 45.7419156276923 0.0 0.0 0.0 
5 696 45.7419156276923 0.0 0.0 0.0 
5 697 45.7419156276923 0.0 0.0 0.0 
5 698 45.7419156276923 0.0 0.0 0.0 
5 699 45.7419156276923 0.0 0.0 0.0 
5 700 45.7419156276923 0.0 0.0 0.0 
5 701 45.7419156276923 0.0 0.0 0.0 
5 702 45.7419156276923 0.0 0.0 0.0 
5 703 45.7419156276923 0.0 0.0 0.0 
5 704 45.7419156276923 0.0 0.0 0.0 
5 705 45.7419156276923 0.0 0.0 0.0 
5 706 45.7419156276923 0.0 0.0 0.0 
5 707 45.7419156276923 0.0 0.0 0.0 
5 708 45.7419156276923 0.0 0.0 0.0 
5 709 45.7419156276923 0.0 0.0 0.0 
5 710 45.7419156276923 0.0 0.0 0.0 
5 711 45.7419156276923 0.0 0.0 0.0 
5 712 45.7419156276923 0.0 0.0 0.0 
5 713 45.7419156276923 0.0 0.0 0.0 
5 714 45.7419156276923 0.0 0.0 0.0 
5 715 45.7419156276923 0.0 0.0 0.0 
5 716 45.7419156276923 0.0 0.0 0.0 
5 717 45.7419156276923 0.0 0.0 0.0 
5 718 45.7419156276923 0.0 0.0 0.0 
5 719 45.7419156276923 0.0 0.0 0.0 
5 720 45.7419156276923 0.0 0.0 0.0 
5 721 45.7419156276923 0.0 0.0 0.0 
5 722 45.7419156276923 0.0 0.0 0.0 
5 723 45.7419156276923 0.0 0.0 0.0 
5 724 45.7419156276923 0.0 0.0 0.0 
5 725 45.7419156276923 0.0 0.0 0.0 
5 726 45.7419156276923 0.0 0.0 0.0 
5 727 45.7419156276923 0.0 0.0 0.0 
5 728 45.7419156276923 0.0 0.0 0.0 
5 729 45.7419156276923 0.0 0.0 0.0 
5 730 45.7419156276923 0.0 0.0 0.0 
5 731 45.7419156276923 0.0 0.0 0.0 
5 732 45.7419156276923 0.0 0.0 0.0 
5 733 45.7419156276923 0.0 0.0 0.0 
5 734 45.7419156276923 0.0 0.0 0.0 
5 735 45.7419156276923 0.0 0.0 0.0 
5 736 45.7419156276923 0.0 0.0 0.0 
5 737 45.7419156276923 0.0 0.0 0.0 
5 738 45.7419156276923 0.0 0.0 0.0 
5 739 45.7419156276923 0.0 0.0 0.0 
5 740 45.7419156276923 0.0 0.0 0.0 
5 741 45.7419156276923 0.0 0.0 0.0 
5 742 45.7419156276923 0.0 0.0 0.0 
5 743 45.7419156276923 0.0 0.0 0.0 
5 744 45.7419156276923 0.0 0.0 0.0 
5 745 45.7419156276923 0.0 0.0 0.0 
5 746 45.7419156276923 0.0 0.0 0.0 
5 747 45.7419156276923 0.0 0.0 0.0 
5 748 45.7419156276923 0.0 0.0 0.0 
5 749 45.7419156276923 0.0 0.0 0.0 
5 750 45.7419156276923 0.0 0.0 0.0 
5 751 45.7419156276923 0.0 0.0 0.0 
5 752 45.7419156276923 0.0 0.0 0.0 
5 753 45.7419156276923 0.0 0.0 0.0 
5 754 45.7419156276923 0.0 0.0 0.0 
5 755 45.7419156276923 0.0 0.0 0.0 
5 756 45.7419156276923 0.0 0.0 0.0 
5 757 45.7419156276923 0.0 0.0 0.0 
5 758 45.7419156276923 0.0 0.0 0.0 
5 759 45.7419156276923 0.0 0.0 0.0 
5 760 45.7419156276923 0.0 0.0 0.0 
5 761 45.7419156276923 0.0 0.0 0.0 
5 762 45.7419156276923 0.0 0.0 0.0 
5 763 45.7419156276923 0.0 0.0 0.0 
5 764 45.7419156276923 0.0 0.0 0.0 
5 765 45.7419156276923 0.0 0.0 0.0 
5 766 45.7419156276923 0.0 0.0 0.0 
5 767 45.7419156276923 0.0 0.0 0.0 
5 768 45.7419156276923 0.0 0.0 0.0 
5 769 45.7419156276923 0.0 0.0 0.0 
5 770 45.7419156276923 0.0 0.0 0.0 
5 771 45.7419156276923 0.0 0.0 0.0 
5 772 45.7419156276923 0.0 0.0 0.0 
5 773 45.7419156276923 0.0 0.0 0.0 
5 774 45.7419156276923 0.0 0.0 0.0 
5 775 45.7419156276923 0.0 0.0 0.0 
5 776 45.7419156276923 0.0 0.0 0.0 
5 777 45.7419156276923 0.0 0.0 0.0 
5 778 45.7419156276923 0.0 0.0 0.0 
5 779 45.7419156276923 0.0 0.0 0.0 
5 780 45.7419156276923 0.0 0.0 0.0 
5 781 45.7419156276923 0.0 0.0 0.0 
5 782 45.7419156276923 0.0 0.0 0.0 
5 783 45.7419156276923 0.0 0.0 0.0 
5 784 45.7419156276923 0.0 0.0 0.0 
5 785 45.7419156276923 0.0 0.0 0.0 
5 786 45.7419156276923 0.0 0.0 0.0 
5 787 45.7419156276923 0.0 0.0 0.0 
5 788 45.7419156276923 0.0 0.0 0.0 
5 789 45.7419156276923 0.0 0.0 0.0 
5 790 45.7419156276923 0.0 0.0 0.0 
5 791 45.7419156276923 0.0 0.0 0.0 
5 792 45.7419156276923 0.0 0.0 0.0 
5 793 45.7419156276923 0.0 0.0 0.0 
5 794 45.7419156276923 0.0 0.0 0.0 
5 795 45.7419156276923 0.0 0.0 0.0 
5 796 45.7419156276923 0.0 0.0 0.0 
5 797 45.7419156276923 0.0 0.0 0.0 
5 798 45.7419156276923 0.0 0.0 0.0 
5 799 45.7419156276923 0.0 0.0 0.0 
5 800 45.7419156276923 0.0 0.0 0.0 
5 801 45.7419156276923 0.0 0.0 0.0 
5 802 45.7419156276923 0.0 0.0 0.0 
5 803 45.7419156276923 0.0 0.0 0.0 
5 804 45.7419156276923 0.0 0.0 0.0 
5 805 45.7419156276923 0.0 0.0 0.0 
5 806 45.7419156276923 0.0 0.0 0.0 
5 807 45.7419156276923 0.0 0.0 0.0 
5 808 45.7419156276923 0.0 0.0 0.0 
5 809 45.7419156276923 0.0 0.0 0.0 
5 810 45.7419156276923 0.0 0.0 0.0 
5 811 45.7419156276923 0.0 0.0 0.0 
5 812 45.7419156276923 0.0 0.0 0.0 
5 813 45.7419156276923 0.0 0.0 0.0 
5 814 45.7419156276923 0.0 0.0 0.0 
5 815 45.7419156276923 0.0 0.0 0.0 
5 816 45.7419156276923 0.0 0.0 0.0 
5 817 45.7419156276923 0.0 0.0 0.0 
5 818 45.7419156276923 0.0 0.0 0.0 
5 819 45.7419156276923 0.0 0.0 0.0 
5 820 45.7419156276923 0.0 0.0 0.0 
5 821 45.7419156276923 0.0 0.0 0.0 
5 822 45.7419156276923 0.0 0.0 0.0 
5 823 45.7419156276923 0.0 0.0 0.0 
5 824 45.7419156276923 0.0 0.0 0.0 
5 825 45.7419156276923 0.0 0.0 0.0 
5 826 45.7419156276923 0.0 0.0 0.0 
5 827 45.7419156276923 0.0 0.0 0.0 
5 828 45.7419156276923 0.0 0.0 0.0 
5 829 45.7419156276923 0.0 0.0 0.0 
5 830 45.7419156276923 0.0 0.0 0.0 
5 831 45.7419156276923 0.0 0.0 0.0 
5 832 45.7419156276923 0.0 0.0 0.0 
5 833 45.7419156276923 0.0 0.0 0.0 
5 834 45.7419156276923 0.0 0.0 0.0 
5 835 45.7419156276923 0.0 0.0 0.0 
5 836 45.7419156276923 0.0 0.0 0.0 
5 837 45.7419156276923 0.0 0.0 0.0 
5 838 45.7419156276923 0.0 0.0 0.0 
5 839 45.7419156276923 0.0 0.0 0.0 
5 840 45.7419156276923 0.0 0.0 0.0 
5 841 45.7419156276923 0.0 0.0 0.0 
5 842 45.7419156276923 0.0 0.0 0.0 
5 843 45.7419156276923 0.0 0.0 0.0 
5 844 45.7419156276923 0.0 0.0 0.0 
5 845 45.7419156276923 0.0 0.0 0.0 
5 846 45.7419156276923 0.0 0.0 0.0 
5 847 45.7419156276923 0.0 0.0 0.0 
5 848 45.7419156276923 0.0 0.0 0.0 
5 849 45.7419156276923 0.0 0.0 0.0 
5 850 45.7419156276923 0.0 0.0 0.0 
5 851 45.7419156276923 0.0 0.0 0.0 
5 852 45.7419156276923 0.0 0.0 0.0 
5 853 45.7419156276923 0.0 0.0 0.0 
5 854 45.7419156276923 0.0 0.0 0.0 
5 855 45.7419156276923 0.0 0.0 0.0 
5 856 45.7419156276923 0.0 0.0 0.0 
5 857 45.7419156276923 0.0 0.0 0.0 
5 858 45.7419156276923 0.0 0.0 0.0 
5 859 45.7419156276923 0.0 0.0 0.0 
5 860 45.7419156276923 0.0 0.0 0.0 
5 861 45.7419156276923 0.0 0.0 0.0 
5 862 45.7419156276923 0.0 0.0 0.0 
5 863 45.7419156276923 0.0 0.0 0.0 
5 864 45.7419156276923 0.0 0.0 0.0 
5 865 45.7419156276923 0.0 0.0 0.0 
5 866 45.7419156276923 0.0 0.0 0.0 
5 867 45.7419156276923 0.0 0.0 0.0 
5 868 45.7419156276923 0.0 0.0 0.0 
5 869 45.7419156276923 0.0 0.0 0.0 
5 870 45.7419156276923 0.0 0.0 0.0 
5 871 45.7419156276923 0.0 0.0 0.0 
5 872 45.7419156276923 0.0 0.0 0.0 
5 873 45.7419156276923 0.0 0.0 0.0 
5 874 45.7419156276923 0.0 0.0 0.0 
5 875 45.7419156276923 0.0 0.0 0.0 
5 876 45.7419156276923 0.0 0.0 0.0 
5 877 45.7419156276923 0.0 0.0 0.0 
5 878 45.7419156276923 0.0 0.0 0.0 
5 879 45.7419156276923 0.0 0.0 0.0 
5 880 45.7419156276923 0.0 0.0 0.0 
5 881 45.7419156276923 0.0 0.0 0.0 
5 882 45.7419156276923 0.0 0.0 0.0 
5 883 45.7419156276923 0.0 0.0 0.0 
5 884 45.7419156276923 0.0 0.0 0.0 
5 885 45.7419156276923 0.0 0.0 0.0 
5 886 45.7419156276923 0.0 0.0 0.0 
5 887 45.7419156276923 0.0 0.0 0.0 
5 888 45.7419156276923 0.0 0.0 0.0 
5 889 45.7419156276923 0.0 0.0 0.0 
5 890 45.7419156276923 0.0 0.0 0.0 
5 891 45.7419156276923 0.0 0.0 0.0 
5 892 45.7419156276923 0.0 0.0 0.0 
5 893 45.7419156276923 0.0 0.0 0.0 
5 894 45.7419156276923 0.0 0.0 0.0 
5 895 45.7419156276923 0.0 0.0 0.0 
5 896 45.7419156276923 0.0 0.0 0.0 
5 897 45.7419156276923 0.0 0.0 0.0 
5 898 45.7419156276923 0.0 0.0 0.0 
5 899 45.7419156276923 0.0 0.0 0.0 
5 900 45.7419156276923 0.0 0.0 0.0 
5 901 45.7419156276923 0.0 0.0 0.0 
5 902 45.7419156276923 0.0 0.0 0.0 
5 903 45.7419156276923 0.0 0.0 0.0 
5 904 45.7419156276923 0.0 0.0 0.0 
5 905 45.7419156276923 0.0 0.0 0.0 
5 906 45.7419156276923 0.0 0.0 0.0 
5 907 45.7419156276923 0.0 0.0 0.0 
5 908 45.7419156276923 0.0 0.0 0.0 
5 909 45.7419156276923 0.0 0.0 0.0 
5 910 45.7419156276923 0.0 0.0 0.0 
5 911 45.7419156276923 0.0 0.0 0.0 
5 912 45.7419156276923 0.0 0.0 0.0 
5 913 45.7419156276923 0.0 0.0 0.0 
5 914 45.7419156276923 0.0 0.0 0.0 
5 915 45.7419156276923 0.0 0.0 0.0 
5 916 45.7419156276923 0.0 0.0 0.0 
5 917 45.7419156276923 0.0 0.0 0.0 
5 918 45.7419156276923 0.0 0.0 0.0 
5 919 45.7419156276923 0.0 0.0 0.0 
5 920 45.7419156276923 0.0 0.0 0.0 
5 921 45.7419156276923 0.0 0.0 0.0 
5 922 45.7419156276923 0.0 0.0 0.0 
5 923 45.7419156276923 0.0 0.0 0.0 
5 924 45.7419156276923 0.0 0.0 0.0 
5 925 45.7419156276923 0.0 0.0 0.0 
5 926 45.7419156276923 0.0 0.0 0.0 
5 927 45.7419156276923 0.0 0.0 0.0 
5 928 45.7419156276923 0.0 0.0 0.0 
5 929 45.7419156276923 0.0 0.0 0.0 
5 930 45.7419156276923 0.0 0.0 0.0 
5 931 45.7419156276923 0.0 0.0 0.0 
5 932 45.7419156276923 0.0 0.0 0.0 
5 933 45.7419156276923 0.0 0.0 0.0 
5 934 45.7419156276923 0.0 0.0 0.0 
5 935 45.7419156276923 0.0 0.0 0.0 
5 936 45.7419156276923 0.0 0.0 0.0 
5 937 45.7419156276923 0.0 0.0 0.0 
5 938 45.7419156276923 0.0 0.0 0.0 
5 939 45.7419156276923 0.0 0.0 0.0 
5 940 45.7419156276923 0.0 0.0 0.0 
5 941 45.7419156276923 0.0 0.0 0.0 
5 942 45.7419156276923 0.0 0.0 0.0 
5 943 45.7419156276923 0.0 0.0 0.0 
5 944 45.7419156276923 0.0 0.0 0.0 
5 945 45.7419156276923 0.0 0.0 0.0 
5 946 45.7419156276923 0.0 0.0 0.0 
5 947 45.7419156276923 0.0 0.0 0.0 
5 948 45.7419156276923 0.0 0.0 0.0 
5 949 45.7419156276923 0.0 0.0 0.0 
5 950 45.7419156276923 0.0 0.0 0.0 
5 951 45.7419156276923 0.0 0.0 0.0 
5 952 45.7419156276923 0.0 0.0 0.0 
5 953 45.7419156276923 0.0 0.0 0.0 
5 954 45.7419156276923 0.0 0.0 0.0 
5 955 45.7419156276923 0.0 0.0 0.0 
5 956 45.7419156276923 0.0 0.0 0.0 
5 957 45.7419156276923 0.0 0.0 0.0 
